,att1,att2,att3,att4,att5,att6,att7,att8,att9,att10,att11,att12,att13,att14,att15,att16,att17,att18,att19,att20,att21,att22,att23,att24,att25,att26,att27,att28,att29,att30,att31,att32,att33,att34,att35,att36,att37,att38,att39,att40,att41,att42,att43,att44,att45,att46,att47,att48,att49,att50,att51,att52,att53,att54,att55,att56,att57,att58,att59,att60,att61,att62,att63,att64,class
0,-10.29700756,-11.66678905,11.56066895,-2.08131576,4.0446558,4.08681488,-2.55807209,-8.47693539,2.13813472,3.50308204,-0.06407356,0.98330212,2.0013442,1.47868252,-0.40292072,1.60976803,-2.62792277,2.74171543,-2.28338909,1.23970795,-1.82724667,-1.58161497,2.02786493,-0.39405203,-1.44615936,-0.60383409,2.47522449,-1.09659052,1.31142235,-0.34620619,-0.82216394,-1.01209509,1.62056935,0.26289278,0.45735151,1.36522615,-1.1214447,-0.0711748,-0.91487825,-1.44009924,-2.19252634,0.83010828,0.45290488,1.08559155,1.96038878,-0.87715614,0.37765139,-0.30798841,-0.01794434,0.44264925,0.62042207,-1.13598573,0.08879852,0.18696856,1.0780828,0.92192733,0.49638724,-0.64366663,0.28410369,0.28655457,0.34862512,1.81469083,-1.35135269,-0.47391036,b'1'
1,-5.03600883,-12.88533306,0.16115522,0.5924598,3.12353373,4.22046947,-6.41177082,-6.3353281,-0.24462175,1.34607291,-1.88800526,-1.42550921,3.54610562,-2.72800231,0.14567113,0.14437258,1.07079887,1.67683434,3.45810533,2.14182425,-0.00893003,-1.89980483,-0.20159173,0.38636827,0.32523608,-0.8575508,2.59981155,0.64687467,-0.8849287,-0.78992248,-1.01107252,1.08524919,-1.01081109,-0.52800637,-0.95061064,0.86637902,-1.17444313,-0.12563044,0.6837585,-0.2802121,-0.65806437,-0.09999166,3.12731576,0.21415664,-0.78307116,-0.42782736,-2.5605588,-1.62772012,-1.47544909,0.08751369,-0.66946489,-1.37867332,-1.56827331,-1.13307738,0.94235277,2.93879056,1.42988288,-2.33634424,1.28162766,-0.09832084,0.58235699,0.48579174,0.64245057,0.61310709,b'1'
2,-9.6391573,-6.65589762,0.38868687,-1.7176497,0.30034566,3.400769,-7.24078465,-1.65940475,-0.87400484,4.15340328,-4.73282719,2.3718729,-0.79178405,2.60947013,-2.2039113,-4.43581343,-0.76231313,-0.39408088,1.13350272,2.64404106,-3.87646961,3.06737208,-0.15099674,-0.81416202,1.29000688,-0.88531619,2.59749889,-3.2680254,-1.77711105,-0.25931001,-2.88796043,0.80343604,0.8859874,1.16418111,-2.67226529,0.21301402,2.50261712,0.01169091,-0.24138141,-0.50314313,-2.01774025,0.62305349,0.2979953,0.45353943,-0.52346694,1.17260945,-1.03432989,-1.04553866,-1.51997733,1.57861912,0.77229238,-1.64467287,0.55519545,0.37211597,-0.41317409,-0.02302837,-0.02526498,1.2598381,-0.44135952,-0.96009386,1.99584341,1.09774804,0.82718205,-1.76784039,b'1'
3,-6.65037489,-7.04385138,4.10435009,-2.34278035,3.49465847,3.92482209,-9.87481213,-6.55657578,-1.36426878,1.15330791,-0.52579093,1.30655193,3.48946643,3.98759222,-1.35632849,-0.8575263,1.18055677,-4.40637112,-1.76198769,2.74206448,-1.6013062,0.72142315,2.888973,-0.98409808,-0.90093124,0.28038907,0.00023922,-2.23101187,-1.07799864,-1.4996264,-2.01117992,0.74187589,-0.30311966,0.1497131,0.07259911,-2.51524448,0.59398389,-1.34273124,0.45423162,-0.98987669,0.38891983,-0.53934062,0.83394969,-0.29263312,0.00102115,0.54033875,0.85815847,-0.72720027,1.44151688,-0.13320547,-1.07208598,-1.57570672,0.2761116,-0.55331683,-0.96123606,-1.04381537,-0.20450807,-1.98115003,0.98243803,-0.14423257,-1.44932783,-0.91355228,-0.77173537,0.30499166,b'1'
4,-10.66452408,-10.97413254,0.19439051,0.45388469,2.19308758,-3.30466342,-8.37659168,-4.24114609,2.96481824,-0.94962198,-1.49319553,-1.32538962,1.72949123,-0.63802475,-1.78516102,1.26610661,0.6836319,3.10604882,0.81261969,1.70978236,1.84516191,-2.60205603,-0.00562409,-0.14986587,0.54909253,-1.27237809,1.98250115,1.10676837,0.18394923,0.06128049,0.40201354,0.81485009,-3.79640913,-1.31794524,-1.21073055,-1.22360432,-1.28110492,0.35282964,0.26476979,-1.29544103,-1.48274112,-0.56818974,0.8873378,2.18046236,2.43958783,1.22839928,-2.08400083,0.31535935,-0.87788588,0.84851408,-0.65470469,-0.40614486,-0.33539081,-0.72284675,0.15295726,1.44816041,-1.25490713,-3.48129487,-0.56388867,1.52933514,0.5103994,0.29831785,-0.94321269,1.14984739,b'1'
5,3.43761778,-3.91450167,-1.12680268,4.0373373,-2.51349759,1.73334265,-8.81278515,-4.18172646,8.662117,-2.78392625,4.71745014,6.02195644,8.26852226,1.53816581,0.33972073,4.25197697,-1.58556354,2.30210304,1.98904133,1.01600456,0.14805859,-0.63774627,-4.05436325,3.96678066,-1.82035065,3.76235247,0.01849514,1.50801635,0.84758711,-2.54333544,-1.8236984,2.13441086,2.37541938,2.56613088,1.2007829,-3.72988772,2.00805211,-0.78168851,2.11913109,-3.18023324,1.26827073,-0.07902773,-1.46358788,3.0511539,0.43409252,-0.63722652,1.03862607,0.73440015,-0.52425808,0.85377204,0.68123037,2.52312851,0.28975725,-0.32469475,-0.56110281,0.89597452,0.52090955,-2.05292678,-0.57287437,0.17989838,-1.10531461,-0.758766,1.4206413,1.64978492,b'1'
6,-13.98687077,-9.61089706,9.99692726,-3.32652187,3.60003996,-1.11808157,-5.24666786,-3.25996327,2.39734578,-1.8001368,-0.03508186,0.97372365,1.77047396,2.73173714,-0.62477922,1.52598596,-2.0174861,1.54783702,-4.38622856,1.78231001,-0.58108103,0.05264497,2.10602283,0.34989619,0.53983974,-1.1818186,2.02234697,-1.48034477,1.20617461,1.9422406,-1.41625702,0.84463072,-1.84133351,-0.91141778,0.4725697,-1.51660395,0.43416023,1.62544107,-0.11655295,-1.21438849,-2.16012669,1.32585573,0.58243203,-0.06360907,0.6557523,0.22022945,0.36864197,1.09851444,0.13944754,0.34232044,0.13026564,-0.1949048,1.16243696,0.86516386,-1.10842419,-1.60139573,-1.01506853,-1.25755322,-0.28989509,-0.09453368,1.07628357,-0.39815634,1.52253163,0.92108792,b'1'
7,-10.95148945,-11.3275919,4.45351934,-2.69360018,1.14145672,-0.06617391,-9.37473774,-6.92607784,0.11543465,1.78865194,-0.63146782,-2.3715713,1.51382077,-0.05808178,-1.35270834,0.57543886,-0.62887645,0.13499141,-0.94782603,-0.03032994,-2.00385952,-1.88294744,1.00914037,-3.3058393,-1.20646811,-0.88408154,2.93054295,0.37994111,-0.0727849,-0.27647954,-1.25880754,-0.46680689,-0.66411942,0.86878777,-0.22851241,-0.11879042,-1.8436842,-0.05812305,-0.30778015,0.5465194,-0.76326126,0.17788911,-0.50234246,0.59062505,0.15358096,1.46150625,-0.54500943,-0.8993566,-0.54109621,0.10427713,-1.36749101,0.28856921,1.88805687,-0.08112621,-0.0952602,-0.65040207,-0.21611786,1.07190406,0.80500203,0.92722774,0.31506139,-0.06218287,0.98496926,0.25308716,b'1'
8,-13.14117336,-13.00230408,12.33443832,-3.0018878,2.88424301,-0.15115225,0.35371828,-1.1055038,3.59855676,0.55361831,-0.20296931,-0.29433846,2.40556335,-0.54101306,-0.34484816,3.44001627,-4.82740211,2.11421084,-2.3284359,-1.67416525,0.45099717,-0.40359515,1.97526312,0.82006288,-1.15583277,-1.28689206,2.95406055,0.91433334,0.66722131,0.5390656,-2.92117119,0.63459277,-0.72798419,-0.88445801,0.70718563,-1.43986726,0.86837626,2.76316833,-1.5916754,-1.16553187,-2.40987825,-0.41604424,-0.18437535,-0.29452175,-0.2203511,0.16643959,0.8944025,-1.33142281,-0.05367829,1.11944807,-0.02503638,0.48196787,-0.5165627,0.29529214,0.55565989,-0.09457046,0.70878196,-0.09180011,-0.27694249,-0.63486564,0.29471844,1.02031898,-0.56620491,0.4790664,b'1'
9,-10.33485031,-5.19397831,8.16801643,-0.39241692,2.706182,3.76249838,-4.16494179,-0.97676826,0.54474783,0.95018053,-3.48539734,3.27946091,1.7723372,2.80083489,-2.15156507,-2.38730574,0.9967525,-0.30295706,0.77509356,3.9091711,-3.11364579,3.19658113,0.02342904,3.15575933,2.31847429,0.51206923,3.29236126,-3.11094022,-1.6632762,-1.61017156,-1.44254601,2.33875942,-1.54168737,1.88801026,1.07112074,0.37622365,1.43506908,-0.13419133,0.37348115,-2.37844658,-1.60623407,0.10396072,1.38474429,0.24101754,0.28038067,-0.69344521,0.33471394,-1.13014412,1.41490602,1.51424611,0.73238838,-1.28599107,-0.1119175,-0.99477172,0.278781,-0.83014452,-1.15246129,1.62202549,0.38443023,-1.02590668,-0.32227629,0.54187149,0.81351554,0.0452863,b'1'
10,-9.98093224,-9.44482422,1.16403818,-3.20387316,3.90167952,-0.16006494,-8.40940094,3.04650116,3.99595308,-4.04965353,-3.03024197,0.95547009,-0.97080708,1.54853952,-4.19291592,-1.72853875,-4.42404175,-2.53091908,0.25873107,2.82556343,1.14650488,1.34148288,0.15125774,1.22209358,-1.53325963,-0.05964195,1.25881648,-1.43978536,-1.47232199,-0.19471085,-3.39501238,2.76403236,-1.31086183,0.40844524,0.2091887,-1.19498944,-1.29767537,-0.5021525,1.1777401,-0.78928256,0.33011103,-0.32946056,1.37595844,-1.358513,0.34916842,-0.98034352,0.91089576,-0.08740926,-1.87445974,-0.96048111,0.53298056,-0.28075421,0.86604905,0.66462123,1.67318904,-0.36224318,-0.5569644,-2.34947896,-1.07855523,-0.97263944,-0.83348137,-0.72315192,1.0534991,0.52537763,b'1'
11,-10.96970272,-4.64054394,2.72086167,-0.02542442,1.07723773,2.76260066,-8.85029125,1.46509421,0.9881587,0.55307472,-4.03798389,2.06839895,-0.96866941,0.94839287,-2.75193405,-3.00611067,3.88656497,-0.53573823,2.24550033,3.90872002,-3.0419085,0.49684221,1.76628399,2.61932325,1.9220649,0.47759062,2.14515066,-0.63657165,-1.95204353,0.70532477,-0.92035329,0.68091989,-1.18409228,-0.3042317,-1.04994321,1.48385262,0.08279848,0.231938,0.5451864,-1.28841591,-1.43718743,0.12542173,1.56811857,-0.24532075,1.24311268,1.02586043,-0.37099522,-0.5199759,-1.01364076,0.95014095,-0.38062024,-0.98062825,-0.05016685,-0.01325798,0.40297776,-0.46675271,0.31096578,0.52798218,0.10464728,-1.0709126,0.28102022,-0.13415653,1.30836546,-0.44018802,b'1'
12,-5.54265928,-10.24224091,6.39905691,-3.96731877,3.19580221,0.7038731,-8.07141972,-6.8769207,1.60403943,-6.36160994,-0.81606317,1.29036164,4.25531006,-0.06111441,2.04598141,1.61552715,-1.33468962,-0.46657443,-2.47776961,4.42620945,-0.87110162,0.96545798,4.77238941,0.12599897,-2.66502953,2.16043425,1.97053492,-1.82466733,0.58823538,-0.1853683,-4.46219969,0.38301778,1.47152686,-0.27488118,-0.39143062,-2.46255064,-0.69391,0.26635671,0.37706161,-0.7086609,-0.92571741,1.46196926,1.66375375,0.58724785,0.40136385,-0.53448641,0.25101689,-1.29468036,0.16956234,0.90800226,-0.49653143,1.94349921,1.47996378,1.23583817,-0.32857496,-0.24684203,-0.12189436,-1.39322484,-1.03657222,-1.66942215,-0.03277473,-0.8097899,0.20297277,-0.52551258,b'1'
13,-8.92590714,-7.40906668,7.68449306,-2.67352057,3.51503897,4.54190731,-8.33833694,-6.71726799,-1.99087381,-0.8892808,0.0698092,0.51575661,1.59764445,-0.02284138,-1.55911684,1.78995371,0.08727348,-1.33073473,-0.76850384,4.14476395,-3.27770543,-0.67003864,3.76960969,-1.45060551,0.00917703,-0.25956208,2.35402584,-1.4106319,1.13333726,-0.74547338,-0.99505413,-1.81941414,0.14674212,-0.18007094,0.13636231,-1.64419925,-1.9945488,-1.08724189,0.15260601,-0.7896257,-0.34810287,-0.10632212,1.75708401,0.56845504,0.03328931,0.49153817,0.2759563,-1.86351752,0.74221921,1.32724583,-3.06628585,-0.95243084,1.78899562,-0.89878798,-0.54288441,-1.51691067,0.17461586,-1.05523527,0.55755359,0.81179559,0.20218955,0.20109653,1.1140573,-0.35179168,b'1'
14,-11.11407471,-8.00470257,5.8290062,-3.90663338,2.06032419,-0.58559155,-10.16484356,-5.16576481,1.66728187,-2.6511724,-1.00535727,1.82423878,0.38659841,2.72139502,-0.20834684,1.5175457,-0.67125428,1.23065782,-2.45872951,2.34945965,-1.79378796,-1.32119989,3.01677966,-0.991979,-1.42838383,1.41455626,2.55663443,-1.58317769,-0.1926775,2.02134895,-1.68578136,-1.60784161,-0.05242826,-0.76250321,-0.31769085,-0.51167941,-2.21568179,0.30380487,0.61484861,-0.35491592,-1.68919587,0.81613749,1.13845015,0.25082272,0.23556209,0.97513759,1.29662549,-1.00399709,-1.22444057,1.10405707,-1.8241601,0.82405627,1.89219308,-1.97218752,-1.48805022,0.08717638,-1.41554689,-1.46952355,-0.51793051,0.42788661,0.55415481,-0.59628767,0.32394338,1.05164969,b'1'
15,-10.07490253,-8.22601509,0.01226276,-1.5715481,0.71112204,-1.32168698,-9.6619091,-0.50705683,3.73650312,-4.42531872,-1.59844875,1.30363417,1.07913888,1.18924248,-4.34289455,-3.14782238,0.64169383,0.80445945,1.58546031,2.23633575,-1.95777202,-3.0872364,-1.35152066,1.53690577,0.2259981,0.31555712,1.26172137,-1.27009964,-2.57640839,-0.41521496,1.64585257,1.99984121,-2.6977067,0.20464069,-0.56389463,0.53919429,-1.49256027,-0.18657595,1.92233098,-1.05180073,0.18530583,1.24124122,0.95796865,1.22918987,0.13255799,0.48977244,-1.23611856,-0.99913454,-1.0120213,0.66258454,-1.05823398,-1.35108697,1.62069058,-0.25785756,1.08506215,1.18567812,-2.01824856,-2.16242599,-0.17141905,-0.2016117,0.72964084,-0.4983134,-0.52236348,1.10648799,b'1'
16,-6.37278891,-4.62657452,-1.97161436,-0.64547765,1.31876409,1.94877052,-11.25058937,-0.18452883,-0.68032265,-4.2854085,-3.91966152,2.56265259,0.79864836,3.20587087,-2.19608593,-3.13356304,-0.04701996,0.52780867,3.16389084,4.29957771,-0.68564284,1.76452136,-0.25534126,1.51342106,0.88001108,-0.23214018,3.10872507,-3.15733218,-2.65456963,0.66012025,-0.17628396,-0.32272077,0.44379437,-0.7986632,1.44178545,1.0808953,-0.45649743,-1.67963481,0.65792799,0.47843522,-0.31091577,0.59941262,1.61723375,-0.07885449,-0.64057481,0.78070784,0.67045218,-1.22681904,-1.423563,-1.00297999,0.44780976,-1.8436799,2.02498817,0.22906172,-0.97336727,1.64765668,-0.15915561,0.07817964,0.77275985,-1.3824861,0.19650595,0.38656187,-0.9436515,-0.33206242,b'1'
17,-13.23609447,-10.4115181,9.41302872,-3.0164094,2.22933578,0.35847914,-4.2320509,-0.49017406,0.40246677,2.77386308,-3.34169245,-1.22839761,-0.193735,1.48982906,-2.26856184,2.24106312,-4.91630697,0.18330085,-0.21301277,0.45779538,-2.38709784,-0.03188246,1.07923079,1.00359106,-1.00208759,-0.41514942,1.38503635,-0.52389061,-0.50423622,0.80706346,-0.40973532,0.97309494,-1.15068245,0.71222758,0.02642536,0.30594638,0.90270138,-0.10900456,-0.57570827,-1.3379941,-1.70381355,-0.52636409,0.77660203,-1.52617526,1.6658268,0.28475568,0.2851156,-0.21100402,-1.57910371,0.26585126,-0.27293587,1.30187452,-0.05693126,-0.087286,-1.53030157,-0.32313165,-0.35151029,-0.10557075,0.43287307,1.67278111,1.14619005,0.28164434,0.29355514,0.92112774,b'1'
18,-11.63830471,-5.30519533,7.08601093,-1.78067541,2.98656607,4.70849609,-5.04113865,-3.8097856,0.77288723,3.82542562,-1.74582767,1.61547685,-0.38644528,3.36553454,-1.23525953,-2.59557915,1.09369493,-1.01384592,-1.03397071,2.75749254,-5.39502954,2.47801542,3.26594329,1.84884262,-0.88672781,3.5166986,1.27047873,-0.61277491,-0.04053164,-0.95339006,-2.97337437,-0.97986519,-0.99093342,-0.41748101,-0.14975095,-0.43511894,0.92698073,2.09246969,-1.03918397,-0.58170134,-1.64964223,1.04308677,2.60565972,-0.94431359,0.39042366,0.13085312,-0.34728014,-0.66323018,0.39851654,0.72993755,-0.30928814,-0.67809606,-0.31762671,-0.77872515,-2.17788363,0.34652019,-0.9952147,0.4417969,-0.63801938,-1.34204423,0.55701214,-0.07437092,0.17338932,0.11728452,b'1'
19,-6.36288309,-9.69883537,4.20247173,-5.00516176,1.58736002,3.7171793,-9.22032452,-7.43925667,-1.4983182,-1.72826576,-0.51196361,-0.97618604,2.81250429,1.20870829,1.50525951,1.1855166,-0.4989537,-0.54786664,-1.63315308,2.68518066,-2.72592115,-1.65246654,2.28149533,-0.93271542,-2.02667284,2.55285811,1.28068399,-2.31676769,0.18743682,-0.23996115,-1.24002016,0.7052629,1.24193585,-1.50420284,-1.25200009,-0.009841,-2.28990221,-0.10008663,0.69555414,-1.07258999,0.62917483,0.63027656,1.08164072,0.10278581,-0.70986366,0.16862631,-0.81633341,-2.38384938,0.13351271,1.36666548,-1.68433857,-0.9707247,2.08678007,-0.98829198,0.45134163,-0.71791857,0.75477409,0.46767908,0.09309757,0.30144179,-0.68278736,0.24435323,1.34947455,0.62763679,b'1'
20,-9.98077774,-9.57564545,3.55204368,-2.45596457,1.9874109,1.11902285,-8.53940678,-2.14984608,2.36440182,0.10363978,-3.32506895,-1.55977225,1.36452496,-0.1247521,-2.90782118,-2.92910624,0.72567177,0.43483114,1.36184251,2.54026031,-3.98412085,0.01603603,-1.03232312,1.19461441,-0.00152141,-0.86294621,1.89114892,-1.02143204,-2.87882519,-1.68046594,-0.8146199,0.89382982,-2.8828299,-0.0377962,-0.57562101,1.00624597,-0.32664418,-0.04007727,0.12638366,-1.3658092,-1.61568904,2.25256848,2.35487437,0.48577636,-0.01857984,0.58900106,-1.95361936,-0.61304283,-0.71867299,-0.22083378,0.69066328,-0.37209994,1.43558979,0.99295044,0.72775936,0.36147273,-1.56361294,-0.00564181,0.60662133,-0.17982775,1.29670942,0.19569415,1.73470414,0.908288,b'1'
21,-8.84162807,-12.03492451,0.08133119,-2.83023429,0.56468046,-0.40948021,-10.99092865,-4.22896576,1.9011724,-1.1870687,-0.23279381,1.94768631,1.04057848,-0.05059534,-1.50200033,2.43974423,-0.30827117,0.44219232,2.75671864,2.71933222,0.32979292,-1.80488896,-1.40559673,-1.89927793,-0.72160125,0.65518874,1.2977258,-0.05189401,0.59436393,-0.78095245,0.02665234,1.3639679,-1.15268123,-0.12385565,-1.40429878,-2.05947948,-0.59602535,-2.44410396,1.20910072,0.05329138,-0.87927091,0.79674822,0.09734048,0.95034081,1.45796013,0.22275677,-0.3052153,0.16165233,-0.68396938,1.69609582,-1.76543331,0.4409306,-0.1215899,-1.10515094,-0.80946368,1.09671175,-1.67329311,-2.47955251,-0.02535409,-0.73533875,0.1981024,-0.59071726,1.63230336,1.97874713,b'1'
22,-11.91278267,-6.19396019,1.4178524,0.07626483,0.77946854,-0.9171083,-8.70622444,4.17229223,3.68769979,-2.35164452,-5.13348436,0.92993379,0.68548363,0.82582128,-4.18416882,-2.07511187,0.80715513,0.79962599,1.86832762,1.90470219,-1.02805519,0.91554523,-0.60964656,1.91005564,1.82264555,-0.30177617,1.82733238,-1.27471745,-0.94937754,1.38926303,0.21915865,3.46324444,-2.46118164,-0.62976366,-1.316396,0.70804799,1.88166165,0.75712353,1.29397154,0.40842491,-0.46894187,1.45292485,1.3978579,-0.23218741,1.01305246,-0.0081618,-0.11883171,-0.78522992,-1.67953277,0.84147787,-1.04324877,-1.23464692,1.38314128,-0.00658655,1.12943935,-0.08864701,-0.03001976,-0.38082176,0.178711,1.03390276,1.480847,0.30280024,-0.98382819,0.41515681,b'1'
23,-9.28811264,-8.17394924,3.9970665,-2.40584159,2.99573088,5.13630486,-8.70388317,-5.75340748,-2.64426708,0.95215559,-2.90062237,-1.87446904,1.31361973,0.3905955,-0.8839922,1.86411643,-1.13299704,-2.26532507,0.9520483,2.57519245,-4.26012897,1.22385585,1.12688112,-0.07871842,-2.32344246,-0.014238,2.78397226,-0.67398489,0.1878581,-0.16543758,-1.00430453,-1.2137512,0.66796398,-1.04146886,-0.3987422,-0.99969363,-1.36272287,-1.06478858,-1.24366605,-0.93366051,0.79303205,-0.52678162,0.85678202,0.00155469,-1.21826851,1.14261818,0.73840386,-1.36954808,-0.90236914,-0.6884371,-1.6874162,1.00485539,1.78460526,-0.43632281,-0.77251559,-0.40097332,0.98682559,0.14075819,-0.37252674,1.07580698,0.32114339,-0.82711124,0.17922121,-0.13290367,b'1'
24,-8.16418934,-9.6503849,2.80519056,0.93322957,1.77754176,0.44236547,-7.72674561,-0.39405692,0.26154661,-4.56784678,-3.69167566,-0.04140091,2.5752213,-3.74276423,-3.44930029,-2.71615314,1.20162797,2.20227575,2.28613138,2.72815037,-2.11353612,0.68215859,0.51745403,1.47914696,-1.59790909,0.32307944,1.73027122,-0.63412666,-0.7991519,-0.60906684,-1.07639706,1.8966608,-3.28006911,-0.78687209,-0.24027634,1.82267308,-0.01364183,0.16796732,-0.37525547,-0.11624008,-0.62129259,1.64753306,1.9293139,0.33466655,0.89232284,0.13153392,-3.14594436,-0.69143462,-1.54105663,-0.30335993,0.14972433,-0.6004703,0.0746212,2.14600515,0.87465286,1.99966693,0.4317019,0.60528249,-0.2929714,0.41185331,-0.2120599,1.06250572,-0.26124346,-0.0344756,b'1'
25,-10.74576378,-7.40868807,5.45186949,-1.96844089,3.80379248,3.44424033,-8.3590889,-5.76362514,-2.20498276,-0.15807375,-2.2015295,0.33838487,1.26588702,2.92426682,-0.64811945,1.54998267,1.0695014,-2.28116226,-0.36770213,3.17045403,-2.73887682,1.01408541,2.80141425,0.55427027,-1.10921812,0.06426008,2.01023865,0.84987092,0.37536025,0.17099297,-0.38357961,1.13657618,0.80095053,0.71715033,0.83302826,-0.58415878,-1.35735011,-0.07046503,1.21875215,-0.28152457,-1.01135826,-1.17426562,0.17090888,-0.26089659,0.16480345,0.33558288,1.2016896,-1.60379291,-0.21145765,0.36891842,-1.39338207,0.17633748,0.40981412,-0.54175591,-0.07541901,-0.7955178,-0.07221055,-0.85092694,0.93546873,1.2269851,-0.78025204,-0.65662169,0.14955813,-0.14676154,b'1'
26,-11.45199966,-9.78915215,7.55467558,-0.96608114,1.55312431,5.29237175,-2.81748343,-1.06882977,3.06613064,1.94601297,-1.99146748,0.59365964,0.28872973,-0.58677232,-1.16495991,-2.77749395,-1.00236118,2.18642163,0.88748944,0.30725479,-5.98638868,-1.49271917,-1.57624006,3.44789171,0.40117764,0.97677296,2.69420099,-0.67309117,-2.23923302,-0.26487303,-0.82165539,0.95650935,-0.70727873,-0.53222615,-0.23243952,1.87009311,1.51208329,1.05810571,-1.85225689,-1.74123323,-0.76217115,0.98799056,2.95762491,-1.20012832,-0.23750401,-2.07038593,-1.13117146,-1.50784206,-0.76636016,-0.55543184,1.30524075,-2.26964617,-0.34345746,-0.36841416,-0.384978,-0.35908398,-0.68135619,-0.26367593,0.61899453,-1.99947345,0.92271739,-0.4648464,-0.79163569,0.30459228,b'1'
27,-12.13340378,-4.10176086,7.22809887,-1.36406291,1.88946354,1.38333559,-4.46658421,2.39908075,0.02444363,2.5493741,-3.38432646,2.38317585,-0.84918451,5.80052805,-1.40302467,-1.00168777,0.98965883,-0.34766746,-2.91943359,2.5827899,-0.71023816,3.53360248,4.57742262,1.00019813,1.72169149,0.04243336,3.28824329,-2.72459507,-1.26541758,1.08749485,-2.06763363,0.95314813,1.49319136,0.5337652,-0.36915743,-1.92070472,2.9998343,0.61473882,0.17680085,-2.64436603,-1.00398302,1.10422635,-0.03622311,-0.3496902,1.03330982,2.23886037,1.03803599,0.13135314,0.68549544,1.82646286,-0.1015818,0.36534756,0.79292679,-0.95672679,-0.16256386,-1.23475575,1.66796982,1.35061264,-0.11447573,-0.30986226,0.68164206,-0.76028872,1.61387527,-0.32270697,b'1'
28,-10.88815022,-8.06212616,2.86829066,-2.72152352,-0.18872643,-1.8876853,-8.02189064,-4.21618271,1.37344074,-5.63317871,-1.37278748,1.99797916,0.65170473,1.86153078,-2.00119925,-1.22232223,-1.26441407,0.36451197,1.45730531,2.28231335,-0.56658185,0.09805298,-1.2504195,1.52529573,0.26566905,-0.28794992,1.93138373,-3.14296675,-3.58034992,0.08464009,-1.34632933,2.49682713,-2.19025111,-1.47859979,-0.26227701,0.12333545,-0.26305151,-0.91223127,1.47471178,-1.30288267,0.27235293,0.65832436,1.40506816,-0.356556,-0.50627077,0.62836188,-1.1557579,-1.92720675,-2.41477609,-0.05732334,-1.36654747,-0.51092863,2.95401216,-1.25351095,0.88890779,0.87087381,-1.19363737,-0.8171804,-0.08662319,0.41629684,1.69399011,0.22126746,-0.9527458,-0.72283852,b'1'
29,-7.98252201,-13.97709084,2.65415597,-4.37357903,0.06600451,0.20314443,-8.82406425,-7.3955574,-0.0929575,-3.07615662,1.12449813,-0.66679978,2.62533879,-0.18746245,-0.68570089,2.90989637,-2.11674809,0.78831637,0.51600254,0.11229658,0.16886745,-1.69471979,2.27175355,-2.27675605,-3.67111301,-0.48186713,0.44285285,0.28726912,0.4631176,0.03740668,-1.12308848,2.81333447,0.25826997,-0.46586615,0.34127069,-0.41824451,-1.78061295,0.84778023,0.21914375,0.11052299,-0.14734924,-0.08345254,-0.5357303,0.39176452,1.17180622,0.05299871,0.54975265,-1.17228293,-0.27996004,0.44106054,-1.69534743,0.41107389,0.19153833,-0.73540711,1.41971087,-0.66758358,-0.46418715,0.80234534,-0.2255528,-1.02471805,-0.1411487,-1.0230689,1.80486834,1.71955466,b'1'
30,-9.58223343,-4.74254131,5.43245411,0.20672151,5.07507801,5.19595194,-7.00265408,1.51861262,-1.28460217,-3.13446784,-3.23369455,3.21592617,0.52304476,6.93261814,-0.92397213,0.35931957,-2.36237574,-3.21617723,-2.87298369,-0.26397038,-1.0332253,3.59141827,2.44254994,0.65190268,1.35378468,1.36588001,2.31678915,-1.29056144,-1.41994238,0.37079442,-2.00153399,1.0712707,1.51355505,-1.1870358,1.47316229,-3.50929713,-1.46523595,-2.2577436,-0.02200341,-0.34554696,1.40839076,0.06824625,1.23609054,-0.30465847,-1.52939928,0.61548024,0.35419863,-0.42711854,1.95961714,-0.68446374,1.1614573,-0.97228742,-0.07897758,-0.09958994,0.13506365,0.6426394,0.74119735,-1.99522674,1.82223701,-0.16608423,-0.29052231,2.2095387,1.0092597,-1.99641371,b'1'
31,-10.0014143,-3.51149535,3.61343813,-0.83387697,0.95856011,3.98311257,-7.17444515,-0.76570284,-0.06282759,1.09494901,-4.02975416,3.9183476,-0.55275083,2.41573238,-1.81671429,-3.73606825,2.97997355,-1.33935106,1.10500693,3.02685976,-4.72153807,2.87613964,1.79901493,2.98351288,1.80642545,0.58423334,3.65602779,-1.87161875,-1.67493343,-0.61192501,-2.59525728,0.73664308,-0.42565954,0.02943218,-2.09913945,-0.35115162,0.7635262,-0.41081661,0.39077485,-0.82416725,-1.13899601,0.13086201,2.01332641,-1.20322001,0.09853125,0.82988352,-1.10184073,-1.48822832,-1.4533565,0.72168291,-0.12326734,-0.8647027,-0.36660838,0.5960269,1.40047204,-0.05648601,-0.702914,2.21792793,0.35231256,-0.91577452,0.62621957,-0.15457001,-0.02465487,-0.49263254,b'1'
32,-6.82198286,-4.54712486,1.69955635,0.98311198,2.15585995,4.5898056,-9.71505928,-2.87814021,-0.72956562,-0.34868133,-4.83698034,1.67988658,1.97065198,0.63474983,-0.84079266,-1.24606395,3.21090484,-3.15895486,3.52970028,3.73569059,-3.13042688,0.68448663,0.49918672,2.66196775,0.11587423,0.85780329,1.15121865,-1.9895705,-2.55538702,-0.09432757,-2.71928263,0.00675416,-1.3460077,-1.11327004,-0.14651096,-0.36426702,0.09749174,-2.85102582,1.27371335,-1.63877869,-0.79887068,0.22677398,1.7736764,-1.18723309,-0.69224346,-0.54742372,-1.12197495,0.55010819,-0.20642245,0.14573348,-0.3872875,-0.14744633,1.84623361,0.07526493,0.40825182,1.95171452,0.1996448,-0.26599467,1.55361795,0.74503589,0.45548648,0.16745603,0.49611735,-1.9776237,b'1'
33,-6.87010765,5.06095219,-4.37044954,-0.36358744,3.47791815,7.38203144,-4.50882626,-0.87573063,-4.19511461,0.1767329,3.67551422,8.92514706,-2.99628401,1.60907376,1.76368427,0.801332,0.20248485,-2.01278782,0.65108836,2.71964693,0.45293868,2.57359338,4.88195229,2.65785933,0.34409302,0.74628681,1.39449024,-1.59245253,-0.94554615,1.89076483,-0.85008085,0.0730176,-0.13219461,-1.36863279,2.36219358,-1.26921916,1.20156026,-0.49042648,-0.11231387,1.16988873,0.06302214,-0.22077934,1.44736719,-2.09465456,-2.81792402,0.4012537,2.03919482,-0.93340039,0.0660024,0.21354187,0.07399431,-1.3995738,-0.2279644,-0.06170285,-0.39290947,-2.35839772,1.14149141,0.23710449,-0.02962935,-1.26532626,2.16451883,0.57613719,-0.2209394,-0.87315303,b'1'
34,-4.81671143,-6.65811634,-3.67707157,1.96992731,-1.85824835,-2.48586607,-9.65284061,-5.91962624,4.2528615,0.2538026,0.25405216,-1.72099519,6.73071194,1.3753773,0.2412374,2.94362164,1.64794874,4.83951855,-0.26864898,3.26431179,-1.78460383,-4.99088335,-0.03370705,0.04524589,-1.62863755,0.84281152,1.70832002,0.40951169,1.60868669,-1.06185603,1.70095682,0.38744283,-2.70398116,0.5985949,0.2676931,-1.75891864,0.31135297,-1.2185564,-0.84058034,-1.13190806,-0.62468809,-0.75627482,-0.45332858,2.97391486,0.79961383,1.51446676,-1.6595732,-0.33632159,-0.26298073,1.39205611,-0.93570125,2.30237532,-0.56523943,-0.90996003,0.41842932,-0.65819991,-1.37009335,-0.80249929,0.41842169,1.49794924,0.63471895,-0.23383826,-1.37318027,0.93226194,b'1'
35,-9.10095978,-10.91992188,5.32720232,-4.07363224,1.32987845,0.04445481,-8.92614651,-6.76770782,-0.33162308,-4.18187046,0.08870292,1.64339089,2.44681478,2.69567037,-1.85161114,3.6624794,-1.66461825,-0.12679058,0.47505391,2.27057171,-0.52427566,-0.51982969,1.79921389,-0.08748651,-0.17672586,-0.4405064,1.83008945,-1.33302021,-0.04235983,-1.71704412,-1.58702886,1.9256773,1.50511754,-0.38308412,-0.04302299,-1.54350412,-1.42302799,0.46396345,0.75592023,1.18959451,-0.18869948,0.30590138,0.39767671,-0.65536451,-0.94875824,0.04994653,0.49848682,-1.43049598,0.0216271,0.65885592,-1.91513586,0.68263716,1.46027839,-0.19874978,0.21668452,-1.17325485,0.2926693,-1.59511757,-0.30118147,-1.32882082,-0.88839966,-0.86921966,0.98694575,0.45789382,b'1'
36,-7.13155222,-6.58524847,4.98613358,-2.17874217,3.34739304,4.79187012,-8.83102322,-8.38235855,-3.46946573,2.91671038,-0.06388402,0.96490407,1.25362563,1.65310705,2.18451309,3.26163983,2.26633143,-1.17631555,-0.24061881,3.7681179,-3.66256809,-0.8688845,3.34872985,-0.5411284,0.01065177,1.0568279,-0.05064178,-0.39627755,0.63848948,-0.40380061,-1.17338932,-0.013978,-1.72813368,-1.28882217,0.34779614,-1.28750598,-0.38091588,-0.65440315,1.21789277,-1.05449498,-0.92916405,-0.40642685,0.62516868,-0.18041877,0.46946591,1.21345234,0.82604396,-0.54142547,0.76335418,-0.22982445,-1.86224651,0.22850099,0.5779736,-0.70774627,-0.01656431,-0.42653805,-0.32978868,-0.83581626,-0.37647954,1.39024842,-0.75636834,-1.00346327,0.29560924,-2.13083243,b'1'
37,-11.2452116,-9.03425217,8.71807766,-2.71682668,1.97557914,-0.48720908,-4.13074017,0.4286145,3.73081732,-1.14194524,-3.9107213,1.4755044,1.23848486,0.7687735,-2.46880293,-1.64843416,0.57994938,1.07762861,-0.02500325,0.74922633,-2.08446455,0.30147427,-0.93385196,3.55400896,1.36717105,-0.83983785,1.26918578,-0.48336363,-4.10731459,-0.07782376,0.35980248,2.53393602,-2.85199165,-1.12315536,0.54610646,0.45137644,1.92814708,2.50038886,-0.76610315,-2.25103831,-0.63043511,0.05699149,2.27612829,-0.25502747,0.20072079,-1.3590709,-1.43142831,-1.63478065,-1.54786468,1.25685954,-0.34549153,-1.36407733,0.40697384,-0.73421741,-0.08067387,-0.32210985,0.57088089,1.11570072,0.8343125,0.03414381,0.74581361,1.685709,0.0096221,0.63278598,b'1'
38,-9.53936386,-9.76366615,2.76309061,0.34934881,2.04262495,3.24300957,-10.38700485,-2.57466316,0.20572615,-3.45424008,-2.6128087,-1.28401303,1.30748427,-1.87108827,-2.65649414,2.22393703,-0.77636039,-1.12160945,1.89795399,1.78805161,-1.31894684,-1.11263967,4.00265169,-0.20051575,-2.69377899,-0.24454385,1.51009715,0.12559843,1.29564595,-0.16281331,-0.19050968,3.26167488,0.01347348,-0.41125804,0.0735541,-0.58255827,-1.98095131,-0.16352504,0.68025255,0.63594127,0.49170232,0.33526948,0.79497731,0.28301835,0.37116116,-1.87469077,-1.51035345,-0.70521379,-0.90441042,0.2592274,-1.69391131,-0.40417743,0.32412791,-2.41134191,0.15780872,0.90744984,1.10918665,-1.75692189,-0.7939527,0.15763259,-0.35762569,0.75422972,1.06069505,0.21565124,b'1'
39,-6.52063942,-5.32470131,-0.3610667,-1.27492869,2.0668416,0.34049433,-10.69326687,-2.12895656,3.16822004,-5.97110891,-1.46878815,1.24685907,3.76433134,1.79224443,-3.82840729,-3.64877748,1.98272276,0.21577561,3.29160643,4.0457325,-1.08073056,-1.44124317,-0.71916831,0.82478023,-1.9055382,0.32736629,2.48759842,0.00656247,1.44482255,-1.18469608,0.35356498,0.94884038,-0.36090875,0.04274726,0.36241263,2.04536128,-0.88879645,-2.83824158,1.77092242,-0.79820555,-0.24933177,0.060711,2.16159081,0.10698323,0.50645649,-0.37899697,-1.62870646,-1.40172982,-0.68682849,0.24225998,-1.88246679,-0.5596838,0.16471457,-0.15736496,0.68694329,1.90231299,-0.99910355,-2.06333017,0.429995,1.94345367,1.15549803,0.28594935,-0.21633089,-0.56419069,b'1'
40,-12.06469345,-4.65192938,3.98820925,-1.14653623,3.53083038,4.37126827,-7.1833744,-0.25132525,-2.01953745,0.10624999,-4.56887484,1.2632122,2.20872974,1.38245451,-1.18020678,-1.36526227,0.79412675,-2.29412913,-1.52547729,2.525105,-4.91823435,2.68655205,3.12757301,-0.5782392,-1.55683303,-0.08142647,3.43186808,-1.20748329,-0.34869242,-0.61495936,-3.15074015,-1.29423749,-0.40707642,-1.13513827,-0.3857249,-0.22330138,0.75858355,-0.12929708,-0.92568099,-1.80357993,-0.79132229,0.53375113,-1.39566302,-1.15476096,-0.70114934,2.45584822,-0.24720798,-0.14498472,1.8703537,1.8052448,-0.04706775,-1.46354866,0.24692535,-0.30290139,-0.0420385,-0.11300457,-0.84270501,-0.44816345,-0.15345946,-1.15116334,-0.28249711,-1.12536132,1.22139227,-1.54402316,b'1'
41,-4.11986589,-2.74143219,-3.4247036,-0.90762782,1.38438833,6.84525204,-10.45748615,-2.66729498,-1.48318815,1.04183078,-2.73271942,3.90894175,1.20929909,1.96102703,-1.0217905,-1.49127698,2.2405293,-3.57934332,3.7403276,5.42059088,-0.80669713,1.13586152,-0.22952428,1.57097244,2.86305571,0.74402255,2.44362259,-0.96689391,-2.78783512,0.88176298,-0.60086644,-1.63796389,-1.48850679,-0.68238693,-0.35288107,-1.91868389,-0.867015,-1.58482933,0.21513915,-1.88505363,-0.45626068,-0.50649369,0.85402328,0.69552803,-1.03604424,-0.15540935,0.6078862,0.49586844,0.08629256,0.05125791,-0.09622015,-1.18007338,0.57886267,-0.00590897,1.0712595,0.52409494,0.24889064,-1.35119057,1.54210162,-0.17987484,-0.50792426,-0.96638972,-0.77701741,-1.46456623,b'1'
42,-9.63123798,-9.77157402,3.15951657,-3.05959606,3.17615604,3.28999472,-6.20082188,-5.20479202,2.16469598,-0.35696062,-1.13374043,-0.00143909,3.7755897,-0.1762329,-3.97538185,-3.23399162,0.50057745,-0.54753417,3.0580256,3.67444515,-1.5916239,-0.96493524,-1.83107507,0.73758435,0.09201288,-0.03612155,2.49062014,-1.5832901,-1.7643981,-2.89053488,-0.64131176,1.0462997,-1.14109015,1.08447051,1.02005041,1.15827513,0.52322388,-1.02421618,0.16206098,-3.35602093,-1.63165116,1.01125801,1.78225553,0.4518981,-0.07531691,0.01458792,-1.88368547,-1.40618443,0.54111385,0.1056819,0.016122,1.03697252,1.48372126,-0.42507076,0.86063296,0.8448652,-0.29975915,0.03758454,-0.15715125,-1.24644923,-0.03871724,1.40261793,0.17325795,0.14530721,b'1'
43,-11.42204762,-6.3417263,7.4999218,-3.03504682,5.36691427,5.96835995,-4.21567917,-4.75669575,-0.31555367,2.42338991,-2.05068493,2.54163122,1.88557196,1.12613547,-1.31916761,2.09714079,0.9933331,-1.63337827,-3.87341642,2.57961988,-5.56507635,0.72295219,4.19005919,1.0763104,-1.06281078,1.22586918,1.61940038,1.02643991,1.71949172,0.31428671,-1.39820635,0.06255507,1.26029754,1.38422287,1.0760237,-1.96110904,-0.42234182,0.97780246,-0.53770864,-1.27062869,0.34205556,1.10803759,1.01810813,0.51314026,2.61063194,0.42600077,0.09604764,0.83009887,0.54833567,-0.50926638,-0.17924543,-0.44174838,1.64863157,0.51052815,0.31940609,-1.00326288,0.8126142,0.33960128,-0.13695559,-1.21554768,0.02313033,-0.30287975,1.07679868,-1.3130852,b'1'
44,-11.19219303,-0.9037528,1.01951873,-1.74873853,1.84593451,5.78136349,-5.64418411,-2.17192817,-2.92763805,1.96781611,-0.6960938,4.84041977,-2.46530867,3.45045185,1.56036639,-0.39717054,1.84990668,-3.2234633,0.21031487,3.7001071,-4.55667734,4.17282295,4.51427269,2.42335844,-0.60453176,1.55642998,2.1358943,0.11061978,0.50426698,0.18126142,-4.03015995,-0.04813242,-0.87521744,-1.88127565,-0.77745962,-2.61774015,0.23958111,-0.29469699,-0.72837436,1.47015703,0.96566892,0.02788599,0.82120049,-1.52956676,-0.20976615,0.87756348,-0.45507145,0.02548432,1.55369616,-0.58425122,-0.051488,-1.0998652,0.26120162,-1.35833764,-0.62860376,0.99885583,-0.01177263,-0.44556278,-0.12944457,0.38184714,-0.02617958,0.27125144,-0.16758949,-1.73929167,b'1'
45,-10.27870369,-5.98065567,7.35055876,-1.79678535,2.05055332,-0.42927849,-5.34630108,2.24310493,1.88416862,-3.0056963,-2.19916153,3.06527352,-1.25647283,7.88158131,-3.67044115,-1.14878035,-3.53145194,-0.36469889,-4.64444637,-0.05028415,2.40235877,2.93643689,2.31085086,0.26509666,1.65641558,0.4114674,3.76271296,-3.04292893,-2.79714298,1.28063548,-1.30469739,1.22398543,0.78468454,-0.00172228,0.86076868,-4.47834301,0.47574615,-0.85148686,0.42894864,-0.99284923,-0.65511596,0.44155824,1.4856143,0.36519307,-0.09519637,0.70739126,1.12315464,0.54958606,1.36557579,0.39081085,0.18253645,0.89651066,1.75595784,0.12349212,-0.05063707,-1.30726218,0.93048358,-0.56452763,0.53738958,-0.87263131,1.43707633,0.04323238,0.76804793,-0.82703918,b'1'
46,-11.13533401,-0.32479239,6.40220833,-0.81665564,2.28385639,2.91975164,-6.93381977,-3.35740542,0.06005859,-1.92513549,-0.84936595,4.73354816,-1.14762855,3.94800806,0.07338881,-1.03940105,3.4271915,-3.10905075,-3.15697718,3.96567488,-0.60319519,2.37628841,5.09135342,1.80470514,1.07647693,1.29464567,4.58494329,0.4323194,0.11348319,1.0392524,-2.63574553,-0.62275147,1.3283602,-0.33647686,0.6280179,-1.32914925,-0.5675807,-0.82065266,0.73854643,-1.32363141,-0.64143509,0.46936977,0.37352371,-0.39696711,0.5755558,0.54169834,-0.66745889,-0.22105336,0.1606054,0.67903423,-0.6866557,-1.11466169,-0.71547914,0.60860157,-1.04131651,0.19765115,-0.08606362,-1.07239294,0.75548345,-0.07204759,0.65032321,-0.11869818,0.2447871,-1.1690346,b'1'
47,-8.93815041,-10.16235828,7.67385149,-2.06283712,3.60300207,1.42045617,-5.61732864,-1.71745729,-0.54171133,-4.80896616,-1.73456573,2.22055268,1.63446426,-2.56675649,-0.42426634,-0.03478432,1.71798253,3.11853051,0.83384025,2.79573679,-2.1975925,-1.57310748,2.37388563,3.32812119,-0.49126944,-0.97828633,2.42922449,-0.47768646,-0.38307953,0.71547008,0.20850337,0.5960896,-3.25346851,-1.00435877,1.3147856,1.3581742,-1.32266831,0.83190346,-0.35953057,0.20137888,-0.45992798,0.15015751,3.96295261,0.98588413,-0.52619517,-1.00090909,-1.37358832,-2.40706658,-0.88901401,-0.32206351,-0.37970591,-1.5348742,-0.49522758,0.34572172,0.22823256,0.2921716,-0.41706371,1.23218942,0.64914781,-0.53601009,-0.22699434,2.09785652,0.72717679,1.55031919,b'1'
48,-11.68447208,-1.07411337,4.57534647,-1.39541233,3.71064377,8.7115078,-3.84175014,-1.88786268,-2.10446405,2.55690384,-0.80143118,5.94055653,0.17944455,1.9146663,2.75905466,1.31199825,0.21921563,-2.27485633,-0.17101309,3.5176549,-5.83197021,3.42200613,4.1408639,0.69600654,0.56300402,0.68862021,1.33933377,-0.54783225,1.35667849,1.19991481,-3.12658596,0.64669561,0.42954016,-1.80242729,0.07131946,-0.42494419,1.30728126,0.22207671,0.0423249,0.12130934,0.37085676,2.42665696,1.25879586,-0.98295909,-1.00907099,0.51590925,-0.86333323,-1.08150625,1.29960799,0.74175882,-0.2634666,-1.07708693,1.47357213,0.74992478,1.28199649,-0.62330937,0.17531443,-1.43568778,1.72664022,-1.42567682,0.50798059,0.3252843,1.35083067,-2.00584245,b'1'
49,-14.43922615,-8.37979317,2.17601371,-2.99494433,1.05454636,5.62542915,-4.726861,-1.32078648,-0.97394562,1.80047488,-1.81008625,2.24810743,-1.27412486,3.39377308,-0.32761621,2.94632983,-3.42319226,-0.04136658,-1.55810583,1.57109833,-4.78611755,-0.16392726,0.36127517,-0.94342911,1.01286566,-0.71918851,0.09735423,-3.81380081,-0.63871908,1.65334356,-1.44763458,-0.73952377,3.27265882,-0.20765501,0.66986978,0.0036974,-1.56981254,0.93916929,1.15437913,2.27935791,1.5273807,0.15001789,1.20976853,-0.87724185,-1.7343992,2.13472486,-0.48859179,-1.46724629,-0.76403707,-0.72953057,-1.09159791,-0.45927835,0.24556065,1.96879697,-0.14652103,-2.47196102,0.20187712,-0.39065564,0.90023869,-0.699404,-0.64184469,-0.18848927,3.14510059,-1.13402736,b'1'
50,-6.4488802,0.6999898,0.86075443,-0.9362886,2.26052904,4.56501198,2.96697378,1.06116021,-0.92432404,2.23115969,0.29421878,8.20604038,-2.56861305,4.44920444,2.45929027,-2.55782938,2.04065609,0.42308319,2.02742267,4.82684374,-1.35044694,2.50016737,7.59044838,4.48965406,2.37841368,0.97365612,6.56466627,-0.58598483,0.00550508,1.45627224,-2.43575764,1.36088991,-1.6075666,-2.28878379,0.22777045,-3.1567831,-0.73281419,-0.6340906,0.01640356,2.07058239,-0.59800112,0.34378737,1.73101711,-1.64048314,-0.6346277,1.45205152,0.7689783,0.37958407,1.48557448,-1.2673465,1.93693924,-3.58140039,2.67918777,-0.46459317,1.07467353,-1.06623602,-0.10202336,1.24775851,1.34077597,0.44884384,-0.23965934,-0.96919703,1.75026453,-1.66657996,b'1'
51,-9.78507233,-15.47808552,4.59039831,-2.57100654,1.23467505,1.54566324,-5.5018034,-5.16365814,-1.72728825,-1.55934572,-0.33777356,-1.03223014,0.1972568,-2.05531192,-1.17713404,3.26416469,-5.51393986,-0.37007022,0.31034607,-0.19357991,-0.30859524,0.04977781,2.02139091,-1.20658398,-4.34044933,0.59807551,-0.64529639,0.75998914,-0.05053425,-0.30448371,-2.83265543,1.41582918,1.80596173,0.23334563,1.21325994,-0.22709289,-1.21864557,0.71256161,0.73411041,-0.4004041,-0.27408272,0.50126332,-0.11330391,0.20374857,0.91160929,-0.18287237,0.73735201,-1.56109738,-0.3981629,-0.78825045,-0.55789959,0.74503946,-0.61342883,0.987234,0.33891898,0.31241035,1.59786332,0.32142717,-0.29956165,-0.39139152,-0.93353856,0.7071411,1.02308595,-0.65704179,b'1'
52,-7.65179062,-4.77497768,-0.01027685,-3.20252728,-2.28667021,1.85576367,-8.81107998,-2.99089456,-0.28861618,5.47985983,-4.0801115,3.70856237,-3.30390167,3.96321416,-0.27662992,-2.41945648,1.61297822,-0.1632455,3.59171557,3.56559229,-3.20329952,0.06908131,-0.3393645,0.00668597,-0.67168826,1.87666345,1.71400416,-2.12248755,-2.70529175,-0.63922113,-1.936257,0.35027456,-0.5571447,0.24076289,-1.70749903,-0.51361167,1.72637868,0.75350988,-0.36151731,-1.27771509,-2.11227465,-0.88117307,1.11036003,0.72000086,-0.74792075,0.91412258,-1.06256843,-0.32616973,-0.42772806,0.83266377,1.02704501,0.41259974,0.25595427,-2.34715748,1.41531026,0.17409962,-1.123528,1.83750856,0.07127607,-0.2664234,0.6911633,0.87373167,1.01520514,-1.26193666,b'1'
53,-6.68977261,-8.78006744,4.22218227,-2.29812169,0.50849831,7.03466797,-6.94248486,-6.55157089,-2.84627151,4.26297665,-2.73312807,0.19645476,3.17811561,1.93552482,-1.86939192,3.68001747,-5.043293,-1.57301235,1.52773988,2.4027257,-2.97519326,0.30276144,0.15970474,-0.06847763,-0.53654426,0.98607737,-0.62134784,-0.0121038,0.11297059,0.7756846,-1.85552609,-0.55105305,0.90013748,1.99469233,1.10312212,0.21101762,-0.63858032,0.10354578,-0.76054275,1.52050924,-0.45159215,0.25587657,1.74027038,-3.00719881,-0.42463088,0.18443912,1.88854432,0.53083909,-0.36925116,-1.12702751,-0.46394354,-3.02812552,1.07680416,-2.37079,-1.00500488,-2.08888555,-0.13270044,-0.22803368,0.51208264,0.19667602,-0.73407948,0.6008864,1.33591115,0.31887069,b'1'
54,-13.27104568,-5.62995529,1.52020919,0.39331385,0.82059586,1.3659929,-12.85376549,-2.15688634,0.91896582,-0.87262642,2.02866793,-0.01751828,-1.49512672,1.55142736,-0.56569719,2.40478325,1.77543163,1.68551135,-0.7418372,1.92041016,-1.37182283,-0.16099602,1.88793099,-0.47585535,-0.78328079,1.59246778,1.96844876,-0.31551337,0.26023173,-0.73964417,0.82558131,-0.73686457,0.23302799,-2.09859538,0.23383528,-0.62637591,-1.27746248,-0.48394555,1.46400964,0.07710612,0.85905647,-1.0053345,0.17695095,-1.05513954,0.08503926,-0.61264503,-0.44294727,-1.45059657,-0.37095165,-0.56634474,-0.42296803,0.20598915,0.23320794,-1.25690913,-0.9434579,-0.01126665,-0.66924167,-2.8075633,-1.90279722,-0.61160815,-0.42574683,-1.81642079,0.44692099,-0.96441281,b'1'
55,-13.78573132,-4.35349274,6.26987934,-1.52448702,4.35426903,2.27330208,-7.12767315,-3.30416417,0.04940891,0.22470903,-0.84521794,2.37421298,-0.04499638,2.38661551,0.06398034,0.81292009,3.44394183,-3.01964498,-3.42168713,3.92456484,-1.82389069,1.29452991,5.06552887,0.85411882,-0.26554754,-0.32852432,1.90387475,1.00986648,0.85159707,1.11236751,-1.48430336,-0.86455941,0.15378748,-0.09901696,0.01752067,-0.74832106,-0.05673361,0.37312263,-0.66410005,-0.11042234,0.52729785,-0.50865483,-0.28660041,-0.67743772,1.13574612,1.24220431,1.04528069,-0.22121215,0.19559881,0.24977076,-0.5996182,-1.07852745,-0.80441499,-0.43815029,-1.3643775,0.27648377,-1.13054347,-0.92486513,-1.60123086,0.28384662,0.59999448,-0.41012296,0.02790755,1.2581979,b'1'
56,-11.36906528,-4.88383102,-0.58507818,0.87786639,3.74115801,2.47327375,-11.11631012,-1.69994211,-1.75956154,-0.79913092,-1.60582352,-0.14458179,0.57510132,1.24583256,-0.4303441,-0.0140295,2.40533376,-0.11032754,-0.60464334,2.75000381,-4.24188089,0.26272541,1.1124649,2.46425867,0.833094,-0.7548399,0.8495543,-1.18546879,1.07079363,0.25550473,-2.74287653,-1.77116632,-0.46601385,0.77265918,-0.73108339,-0.05614415,-2.05490685,-0.19701463,-0.55475175,0.03261322,1.86115718,0.49767095,1.12309122,0.42594147,-0.67994356,-0.49358702,0.40979975,0.11000657,0.52090788,-1.02036238,0.68955159,-0.18846929,0.52891815,-0.11813438,-1.6537056,-0.49303555,-0.86136127,-2.17978239,-0.55861062,-0.38776958,-1.97154343,-1.31912565,-0.95629805,-0.48175547,b'1'
57,-10.51408958,-6.49180603,6.1519928,-1.25201011,5.51530695,3.71424079,-6.57079411,-8.22776699,-1.25615597,-0.7314322,0.68205237,1.80452943,3.76978779,1.43390906,1.11114979,1.65058196,2.27235913,-1.70825362,-3.47452998,3.6557045,-0.6017586,0.58837819,5.22092533,0.55536819,1.00437891,-0.9237448,1.98176444,0.68021405,1.51277208,1.63187873,-1.26691592,0.57700968,1.08143127,0.97411847,0.2986514,-2.03134537,-0.61948586,1.01854491,0.25788105,-0.90116656,-1.50331926,0.12373666,-0.95306617,-0.50656998,1.4010756,-1.40098929,0.62146193,-1.30925059,0.63125294,-0.34758484,-1.06142211,-0.81053996,1.27642763,-0.60204268,-0.50574964,-0.8490808,-0.1006453,-2.16471577,-0.49628222,-0.83236569,1.0860815,-0.42559966,0.45551133,-0.28894258,b'1'
58,-8.05194759,-9.37715435,5.50681686,-1.85664654,1.63458693,3.03957152,-5.55909538,-7.66351318,-0.24351358,2.09537196,-1.97438717,-0.24821734,2.53198361,-0.768942,-1.40039539,-1.01814675,2.73701882,-0.19722444,1.307338,3.48806858,-2.93172789,0.27585143,-1.17253745,-0.41089582,-2.3577714,0.13941339,2.70752192,-0.44508839,0.13069963,-0.44581372,-2.90234518,1.48500586,-0.97060496,2.05799747,-2.36325717,2.13297391,0.06947708,-1.00417829,0.82558781,-1.57982326,-3.50690269,-0.03257291,3.24982667,0.40822011,-1.04481685,-0.38242459,-1.23664105,-2.28989005,-0.66321087,-0.21022692,1.51161981,-1.40626216,-0.91189432,-0.18011403,1.36817658,0.94304717,-0.41712856,0.04457276,0.27353251,0.03356028,0.71280861,0.86952025,-0.21134901,0.15520436,b'1'
59,-11.2466526,-2.91325784,5.12506056,-3.38712072,2.60795021,2.76483154,0.08275747,-7.6164732,-0.47456884,3.06323218,7.20325089,3.83900666,-1.86440015,-2.48161006,1.18814135,-0.40874267,4.52090073,-0.49505472,2.80019808,3.55907297,-3.51746321,-0.76220423,5.97485113,2.67349815,-1.49962068,-0.97950202,1.32542646,2.59191489,0.23511577,-1.29438555,-2.01197052,0.45739865,-3.87183213,-2.45905709,0.82534671,0.34383094,-3.0072155,-1.45927525,-1.78523958,0.0993101,-0.93755418,-0.15831886,1.56808698,-0.63813949,1.67900109,0.84120572,0.99138176,-0.4050653,1.54562044,0.12335581,-2.06895113,-0.42439568,0.54695797,1.25947285,0.58789742,0.60719693,-0.96988726,1.01226819,-0.44045043,1.68388975,0.19907974,0.66350788,0.43075275,0.35358161,b'1'
60,-6.21244526,-9.22774124,-2.76556873,2.25358844,-0.83469892,-4.58223152,-8.9438467,-3.02181268,5.13572121,-6.21117926,0.48873782,-0.95558381,4.32525539,-0.75659835,-2.09786081,1.99179554,-3.41669416,3.14037585,0.58634537,2.82854557,-0.78988707,-3.22573185,1.66681719,1.56864595,-4.17989922,2.30167079,-1.04779744,1.94118071,1.46839499,-2.11427021,-1.56485164,1.16576195,-3.08328819,-0.49967366,0.12813514,-0.72321379,-1.81553507,0.70952654,0.31930554,-0.54568994,0.32562327,-0.43076527,0.84670985,1.73952365,1.51801658,0.40938163,-1.33988535,-1.01506114,-0.33985448,1.63815367,-1.41310513,1.59490192,-0.53742576,-0.69137526,0.73270202,0.06945091,-0.6407814,-0.23102947,0.01768446,1.28321517,0.11781465,-0.97074354,0.90744257,-0.10082162,b'1'
61,-7.5741601,1.65162992,3.25421715,-0.58148348,2.86018133,2.75498486,0.63693213,0.57625902,-1.43407917,1.44732451,-1.24857068,6.90012455,-1.41002655,5.6393528,-1.51297331,-2.00828838,1.53468418,-2.35475683,-1.70866036,3.83538294,-2.27016592,4.19182777,8.38022423,2.4829154,1.88583839,0.02981393,6.13980675,-0.44420666,-0.76606178,1.50950134,-4.27225685,-0.05555677,1.14024222,-2.27229095,1.90064526,-3.25907063,-1.03239942,-1.21841359,-0.19690764,-1.35179996,0.62364542,1.93856287,0.17228271,0.59048843,0.96413112,1.25636041,-0.55023015,-0.20092654,1.36201072,0.16446507,0.55797553,-1.15623927,2.17282486,0.54701525,-0.72757393,-0.55333322,1.39870191,0.04165943,-0.01130867,-1.35790205,-0.54071456,-0.49605876,1.21756828,-1.692554,b'1'
62,-10.18936157,-9.16274834,3.95448804,-1.14576137,-0.91087013,2.74549723,-8.85765266,-4.2108593,-1.4406662,1.2772944,-1.69984818,1.304322,0.87685108,0.50260031,-1.40875816,0.67112195,0.19123125,0.8744638,3.90250039,3.37578678,-2.00689077,-0.33859295,-2.40336895,0.25094771,3.02101851,-1.88546312,2.98580647,-1.51192069,-1.2566638,-0.86647427,-0.74966323,0.69842029,-1.22909379,0.85036016,-1.01472545,1.22604442,0.06351209,-0.81045502,-1.86062539,-0.76482624,-0.24892354,0.02253987,1.78625023,0.17188792,-1.55277741,0.77900827,-2.13742018,-1.10091949,-1.0244205,1.06779027,-0.72529286,-0.68258822,1.09495378,-0.73781061,-1.02030921,0.76327693,0.83307421,0.01900815,0.50647289,0.86904907,-0.36660743,0.45983857,-0.03661543,-0.45867452,b'1'
63,-12.91226196,-11.99431896,5.04072189,-2.37983847,3.08823729,-0.41870606,-8.18697357,0.06978273,0.30049992,-0.67055523,-2.81136608,-0.71937394,-0.6541152,-0.24422708,-0.83949566,2.5298264,-3.21228933,-0.34596288,-0.52099299,0.68213344,-1.18996477,-0.00093049,1.81172502,0.77294111,-1.17354822,-1.51570511,1.26752162,-0.52069491,-0.72839785,0.4722867,-0.62598789,0.73189735,-2.1272068,-1.39697838,0.7175951,-0.5481813,-0.90846491,-0.85491961,-0.59842527,-0.71938038,0.80685854,0.30596933,0.56247401,-0.1151963,1.82022762,0.75021732,-0.50803149,0.81597877,-1.42389131,0.48603892,-0.18749465,1.25362515,-0.0053184,-0.63880992,-1.64358854,0.06338388,-1.32111979,1.36648667,-0.11006424,0.37129736,0.12115191,0.04456401,2.32284975,2.17443681,b'1'
64,-1.64800107,-9.57838631,-1.62971234,-0.2370474,-2.54655409,-4.12060261,-6.44930553,-4.4828186,2.86545897,-4.62058496,0.99904442,-2.53770089,8.44392204,-0.72636539,-0.23432112,1.49286723,0.36234951,4.00692272,1.65720415,4.85757923,1.30630112,-4.26530218,0.49578804,0.95063663,-3.17121601,1.03967726,1.07365692,-0.24586833,2.94539309,0.34775186,-0.79031265,2.9598875,-1.9352392,1.03402054,-0.41490257,-1.21657884,-0.46755743,0.00633371,0.04165924,-0.54345894,-1.12997937,0.33283877,-0.12221389,2.26970005,-0.23778832,1.01895106,-1.78982556,-1.06539607,-1.10659885,1.44046295,-1.75469851,2.5779345,-0.20225096,0.44395596,1.10123289,0.68631542,-0.36554956,-0.78824216,0.68802744,1.32007229,-0.55900252,0.08345997,-1.30651212,0.78852922,b'1'
65,-11.14344597,-8.54985619,7.77386951,-1.83249569,4.54761314,3.05796337,-3.40897894,-2.09959126,0.84468842,-0.80612421,-2.64121103,2.44824028,2.88222075,-1.03230464,-2.35142231,-3.16285896,1.56782627,2.10193515,-0.92356521,1.73108673,-3.70954347,0.48625091,-0.96162474,2.77984381,1.35353303,-0.08845689,3.45863724,-1.59908295,-0.78665733,-0.64104074,-0.70764244,0.6137352,-2.33110046,1.96226132,1.03062463,0.55884957,0.01230478,1.10210466,-3.29161549,-1.61129022,-0.58736032,1.10927677,2.52616644,0.70014983,0.18613648,-0.23255146,-1.07790184,-0.78385735,0.87485379,-1.01810741,0.9661181,-0.35373998,-0.09947085,1.18915772,0.37370062,0.93874514,-0.48031306,0.93803442,-0.19239894,-1.80901098,1.24593067,1.64201283,-1.07144165,-0.35883012,b'1'
66,-12.46060562,1.38031435,2.7212522,-1.58392501,3.18949032,5.26597214,-3.57064009,-1.06464028,-1.44019461,-3.01018548,0.83685684,5.63942719,-0.72914481,1.47861183,3.74922466,0.76315415,4.28228378,-0.97262806,-1.6750164,2.17273235,-5.53492451,2.6182158,4.11024761,2.70588923,-0.59203619,1.37232661,3.52382183,2.22973514,1.36755514,-0.68358582,-3.05685854,1.00931191,0.42186248,-0.41055578,-0.8319633,-2.42358184,-0.05219936,-1.40110564,0.11754334,-0.13709641,2.1403861,0.65983438,0.71471518,-2.35309124,-0.99339497,0.43788183,0.76843363,0.70639265,1.28947282,1.55428445,0.7156989,-2.32029152,0.33834863,-1.38499904,-0.39769155,1.01353598,-1.17996001,-2.39675546,0.45599729,-1.33566558,0.18751897,0.46160799,0.86238348,-1.22623408,b'1'
67,-10.03688526,-9.10377789,7.29654026,-4.20577002,3.75023985,2.34690523,-7.04907799,-9.4277792,-0.07928753,0.96465731,0.03775859,0.46360159,3.63004994,2.09501481,0.39449692,1.23012602,-0.60882747,0.4914664,-2.40894103,3.50077057,-1.48734331,-1.26892686,3.63296533,-1.42770517,-1.59959698,0.35406131,2.77345943,-1.64672232,2.5754683,0.70331025,-2.02130938,-1.54864585,0.5773707,1.13390231,-0.10630155,0.68757057,-0.2444334,0.2604388,-0.08022547,-0.9860729,-1.4003917,1.50083935,0.81172132,0.23231907,1.22483826,0.98196733,0.67950517,-0.14217782,-0.57560408,0.60918105,-0.91290951,-0.15725958,2.53583503,1.0343374,0.36367643,-0.75769866,0.05314231,1.09603298,1.07428741,0.18355823,0.53283477,-0.64216542,-0.62899888,0.46939254,b'1'
68,-12.25502396,-3.16376638,2.08342648,-2.76720357,1.48177612,3.99245667,-8.36614418,-2.67326736,-0.08978748,2.54696345,-0.86114311,3.44721937,-3.7091279,3.45801115,0.52555776,-2.32124472,2.42917132,-1.85721779,0.46127403,2.08335209,-4.23634624,2.12023568,3.99641824,2.6864543,-0.69478649,2.70904827,1.73682487,1.62904882,-0.91104031,-1.600214,-2.38922787,0.01008415,-1.01199436,-0.30702871,-1.14697409,-1.43715513,-0.09225225,-0.36603254,-0.90774739,1.65106511,-0.23893613,-0.21402116,0.69363105,-0.89365739,0.62047321,0.14706174,-0.294007,0.59120405,-0.00495653,0.78479791,-0.44446373,-0.08708453,0.99243927,-1.34690809,-0.16613907,-0.23590207,-0.10924792,-0.73211223,-0.17951068,-0.52314585,0.30714852,-1.13768697,0.81914115,-1.10245359,b'1'
69,-11.62716866,-10.20468044,12.24207401,-0.64067662,2.90677547,2.61050367,-2.17115879,-3.07777572,4.54043961,1.60889292,-3.13745594,0.48906755,1.64753985,2.10170698,0.43285513,3.74379683,-4.98583698,1.30010509,-2.71585131,2.29097033,-1.76379085,1.26746571,1.7129755,1.28145266,-1.98143685,0.69510138,0.71989429,-0.62876618,0.18654251,-0.86226463,-0.22018349,0.17513514,0.08472784,-1.48274088,1.7415185,-0.68728173,1.13920164,1.00143301,-1.3900944,0.52090466,-2.09686565,1.54207408,-0.44369626,-0.85014576,1.13584399,-0.61580396,0.34980747,0.5164783,0.9847948,3.34373665,-0.50773692,-0.06388992,-0.63875389,-1.42302632,-1.65406942,-0.46411577,-0.24503994,-0.3215372,-1.00220609,-1.92891312,-0.96348166,0.64888924,1.744295,0.99318618,b'1'
70,-10.94551182,-3.8974669,3.02135205,-0.66969335,1.86904085,0.49671024,-6.13202095,2.86368513,0.16147232,-0.31673276,-3.24863529,4.73129797,-1.66291595,8.19972229,-0.74639559,-1.63354826,-0.23047316,0.3421694,-2.43122005,0.79482222,-0.4622519,1.95071697,2.89751983,0.17247152,3.17591143,-0.20022075,5.35018206,-1.89970565,-0.56851339,1.3668865,-0.87165511,0.82542825,2.37128663,-0.07768959,-1.79956198,-2.57414985,-0.50501478,1.85764098,0.38731992,-0.05391595,-0.28798455,1.74381411,1.1562804,-0.48644882,-0.99611413,1.30073869,0.65942472,-2.14610124,1.03255534,0.61978579,0.44807416,-1.09754598,2.1442759,-0.45356989,0.39310044,-2.6416285,-0.87100339,-0.29468399,0.6076538,0.55467093,-0.60242003,-0.53466576,1.99321401,-1.6100688,b'1'
71,-11.61288071,-10.88005447,4.88354063,-1.51269031,2.37144279,-0.25810075,-9.49310875,-4.98095322,1.1077764,0.04238346,-0.62202811,-1.60199046,2.01439428,-0.04976357,-2.53571033,1.3483448,0.00968957,1.29656219,0.43868679,0.13871932,0.70136058,-0.81794852,2.86561513,-2.17605257,-1.61083198,-1.07300997,1.22524714,0.95616424,0.85425448,0.51152062,-1.50136364,1.45301008,-0.9119916,0.18401611,0.41938353,0.49317348,-1.52084351,0.4690091,1.36282361,-0.32293129,-1.17227006,0.11069477,0.56603026,1.06655669,1.71245933,0.36448991,-1.42421651,-1.07025409,-0.95295769,0.0725373,-0.48117298,-0.75615752,0.94448245,-1.53570914,1.08277917,0.06536442,-0.03216004,-1.09493923,0.89189237,0.57151806,-0.14253148,0.53622144,0.58748877,1.74368203,b'1'
72,-9.1175251,0.55734301,-1.06273818,-1.29464495,3.06980562,5.52895737,-6.73123646,-3.18739152,-5.43019724,0.18576884,-2.58897734,3.41923332,0.14916074,0.37167224,0.82412076,0.37219632,2.74244285,-3.26476932,1.42314863,3.77326727,-4.9845314,3.01264858,4.34192085,3.00631762,1.2280817,0.87016803,1.26618433,-0.50056058,1.30784917,0.69510734,-1.7420181,-0.19564939,0.33763897,-1.43997812,0.56468356,-1.48743153,-1.15724921,-0.90061969,-1.07957065,-0.22561547,1.72552609,0.11804479,0.38495851,-0.10132415,-0.81131864,0.24456233,0.49815416,-0.56238866,-0.20050867,-0.05734408,-0.86965334,0.43534231,1.10938883,-2.23268366,-1.80214119,0.01331705,-0.25925064,-0.26213944,-0.5906806,-0.57650995,-0.96611351,-0.79318655,-0.39734882,-0.48943141,b'1'
73,-10.77976894,-5.3238554,2.50228286,-1.57482088,3.41455841,3.10403204,-11.83085537,-4.23531723,-0.9185791,0.24701446,-0.13119435,1.5810101,-1.4747901,2.60261106,1.99013305,2.6336031,1.23008442,0.25852323,0.13362792,1.71953011,-3.94899607,-0.43331867,2.89605594,1.01230741,0.43715584,1.85940456,1.46632588,-0.07429141,0.17997479,-0.32144392,-1.46079051,-0.99257219,-0.1393397,-0.97171718,1.43519104,-1.42922342,-3.20212793,-0.93770152,-0.35978234,1.35586607,1.76526093,-0.0504045,1.58367324,-0.24921307,0.14945692,-0.12445086,1.37236142,-1.1437819,1.17321682,-1.96211708,-1.29527378,-0.26506698,1.5809058,-1.49555159,-0.37696677,-0.39449942,-1.28871822,-1.57161057,-0.54742163,-1.19181418,-1.00611639,-0.62363219,1.53242004,-1.92846155,b'1'
74,-13.43087864,-4.28866911,5.17191315,2.24058914,-0.29331934,-2.31940103,-10.12741661,-3.51060939,3.56729174,-2.59146357,-1.22912931,1.18847013,0.38937461,2.00607014,-0.63061571,0.05939269,3.1091888,0.10524642,-4.65795612,1.62678671,0.54438806,-0.39775079,2.13155675,-0.09492874,0.08358264,-0.70413357,1.52440393,1.61506081,0.26426721,2.89866543,-0.91888726,-0.09896612,0.0259561,-0.17541724,-0.08485699,-1.84391868,-0.31102419,1.43092275,2.35608721,-0.10968539,-1.05186701,-0.89575571,-1.74113035,0.43978393,1.11963189,1.5467,0.63423145,0.26961875,-1.37274861,1.71583951,-0.20428677,0.74080706,0.54155195,-0.02667344,-0.16803914,-1.69870782,-0.72437024,-1.75570738,-0.91230011,0.68088186,0.99114174,-0.72296757,-0.18257886,-0.02514365,b'1'
75,-4.56946707,-2.45827007,-0.77847892,7.59473991,0.00627983,-0.58286297,-12.19999027,-3.26328921,5.23533678,-3.54679894,0.19278526,3.73947334,2.29328895,2.23803806,-1.35999298,2.97237515,-0.18390512,3.37961841,2.16014743,2.46378613,-0.58705562,-1.40404201,-0.51995242,3.28391695,-2.76992035,3.56298137,-0.22869018,-0.38790125,-0.23178816,-2.33092499,-0.31311214,1.62727356,0.24372663,1.10838938,0.38791144,-0.53778636,-0.64270341,-1.49876285,2.0449636,-0.69011998,1.05417919,0.08792116,1.25209177,-0.73464221,0.52906567,-1.49096596,-0.18499233,-0.14716339,-1.75853133,0.34221935,-0.54329979,0.11222684,0.94230223,-1.01155829,1.96000528,2.38386059,-1.17196155,-0.39607066,0.42822284,0.22701859,0.20382442,1.5069499,1.70608699,-0.39828333,b'1'
76,-10.93640137,-4.40536976,3.83779025,-3.63798618,5.06270981,1.36508751,-9.04423809,-3.62619567,2.30104852,-2.69191432,-1.83114338,1.63722062,0.83240867,1.50155091,-1.41519833,-1.38228083,3.06145501,0.19756675,-0.59772277,2.97425699,-3.11769462,-0.58684164,1.43347788,2.56981754,-0.32552108,0.42539865,4.12970495,0.43219233,-1.03299856,-1.50086141,0.80453742,-1.47049141,0.70481741,1.2135334,-0.89530849,3.15961576,-1.84038007,-0.68001443,0.27850187,-0.72236848,-0.23896646,-0.30019081,0.6391353,-0.96768063,-1.31241739,-1.57034981,0.04346573,-0.76029229,-2.82812834,0.61190259,-0.39319551,-1.62037015,0.82866025,-0.05006707,1.05887365,0.78400743,-2.42249203,-1.18315101,-0.66074514,-1.68508327,1.2233386,0.45433635,1.01631784,0.47577155,b'1'
77,-7.44186544,-12.38829422,-0.23078656,-2.75061965,0.98062491,0.72445941,-10.60783958,-5.65988445,0.0584631,-0.75725418,-0.63152695,-1.70884919,2.9328649,-0.80710161,-0.51370668,3.32314491,-0.28211224,0.31892276,1.43714058,2.34359646,-1.20058346,-3.87696791,1.19401252,-1.5634352,-2.38137531,-0.32481951,1.33491182,0.76736319,0.96248341,-0.72046661,-0.27767003,0.25684237,-0.68608308,-0.75520736,-0.21448827,-0.07183519,-2.33934116,-2.07875586,-0.52963006,-0.48803699,0.20066702,-0.2095605,-0.69290131,1.13623977,0.95840037,-0.08286934,-0.84342206,0.05235934,-0.29441047,1.24142635,-2.27106357,0.46370241,0.54014289,-1.34790373,0.64973116,0.04891014,0.10164785,0.06763697,0.13285625,0.01085711,-0.27739391,0.21948582,0.77916741,2.91566467,b'1'
78,-10.50608063,-9.54143906,7.92809582,-1.70232284,4.30500507,3.26931858,-6.35862923,-5.41788483,-1.09781361,0.75898182,-2.88111496,0.55679059,1.37456191,3.47467089,-0.8958025,0.71711612,-0.75400317,-1.02710927,-2.49779296,2.32220364,-3.52194309,-0.11089599,2.68704152,0.7862649,-1.02994239,2.48091936,-0.18355078,-0.51092917,-1.25420666,-0.30348825,-0.43701994,0.17506003,-0.99818242,-0.48146921,0.93567002,-1.08450866,-0.37344813,0.76627266,0.78920221,-1.17361116,-1.27525854,-1.22592938,1.48162246,-0.70732874,0.48492384,0.74165601,-0.44014865,-0.7495501,0.17716765,-0.02479279,-0.49359411,-0.35683775,-0.86778402,-0.15032017,-0.74457234,0.39166176,0.46201062,-0.51630336,0.37247139,-0.03389013,0.28070855,1.10842991,0.37994206,-0.19311675,b'1'
79,-8.85189819,-1.0593586,3.66305876,-1.38828218,3.45824289,7.71011353,-3.47644997,-0.64854181,0.167593,2.22530484,-2.40857124,5.42660809,-2.42702246,0.39845523,0.19535923,-1.66317391,3.27259851,-1.98692262,3.38528061,4.85238647,-6.85931396,2.40949631,3.72059345,3.91634274,0.8770566,1.23707068,1.62661183,-0.51671499,-0.37004471,0.58027768,-1.86148989,1.41217041,-1.53519177,-1.21574545,-1.62268043,-0.41583499,-0.72907889,-0.92554539,-0.63574326,-0.71147609,0.1459136,-0.10511707,2.60376692,-1.87187755,-0.92919266,-1.04775941,-0.22542705,-0.50606632,0.07167217,-0.33323139,0.14588138,-0.56905723,-0.56183982,-0.4032222,-0.05453324,-1.08117378,-0.51754689,0.11206257,0.88963228,0.1130662,1.92681265,-0.70274532,0.32090652,-0.02843616,b'1'
80,-10.05858231,-6.60182953,3.06861973,-1.08582556,2.19165421,3.79335237,-8.94261265,-3.38406682,-1.75824356,0.0847351,-3.70261765,2.30601597,0.30288529,0.88476956,-1.82433796,-2.45566988,2.21987891,-2.63568473,1.41608691,4.04651928,-2.19929862,0.75782984,1.06607985,0.65873528,-0.78939724,-0.39573392,1.95196903,-1.64147675,-1.33691311,-0.5438199,-0.50141323,0.95602489,-0.32393056,0.42777681,-0.79502809,1.60531139,2.5810163,-1.50039983,0.82297349,-1.36305976,-0.26451862,-0.28693634,0.93236136,-0.16193777,-0.36354876,-0.38860089,-1.42478716,-1.3838253,-1.77966595,-0.03613794,0.06846932,-1.49143529,-0.08303285,-1.02366805,-0.43313187,0.04392576,-0.20871449,0.66012049,1.44814157,-0.89532226,0.62107372,-0.19827336,1.51410377,-1.19286478,b'1'
81,-9.76521111,-6.50647497,3.13197613,-1.16457808,1.69931185,0.55220634,-8.4638319,1.28737962,3.85975981,-2.89641762,-3.13513279,2.75594974,0.68902856,3.25768065,-2.67996311,-2.13881636,-1.03326023,1.01771784,1.51007771,2.56685495,-0.16577794,1.76651621,-1.36245286,2.59943533,4.08859634,-1.25604999,2.58976889,-4.75230789,-3.70527744,0.46382403,-1.7007724,1.02009749,-0.39669365,0.95778298,-0.43322718,-0.71560895,-0.73605633,0.78683543,1.19094801,-0.1195218,0.22709835,0.14150149,1.93674755,-2.30651736,0.90490603,1.28859508,-0.30862468,-2.10271668,-0.62566781,0.02111483,0.71195191,-1.94012952,2.23301458,0.23068035,-0.44607943,-0.52712631,-0.45008874,-0.28189182,0.18759871,0.42011547,1.24196088,0.29277176,0.38564706,-0.82405686,b'1'
82,-3.88519669,-3.99074817,-3.41403389,-0.96082079,0.18225265,2.09392619,-11.41255474,-4.28546619,-0.51589489,-2.14593363,-1.86634636,-0.40378165,6.43757868,-0.73929125,0.1527555,0.04586589,4.68521786,0.42846024,3.321944,5.3474288,-1.45410419,-1.27995491,-1.28605521,1.67095375,-0.60354477,1.12481403,1.443681,-1.45441389,1.50879812,0.01525593,0.17696488,-0.36837292,-0.38970941,0.05906075,-0.26234913,1.42930436,-1.11683857,-2.72242522,0.92286408,-0.22881511,1.20796895,-0.94877177,1.6285938,0.97225446,-0.07467198,0.22443116,-1.88740361,-0.18543148,-0.45067525,1.17269254,-0.2058572,-0.55345082,0.85687029,-0.79040003,0.33032882,0.22005653,-0.13288116,-1.79639864,-0.13902685,1.19002807,-0.26802754,-1.08338892,0.1863426,0.10483261,b'1'
83,-12.188591,-5.93087196,5.95064545,-1.52040875,2.42228794,2.16204786,-8.14305878,1.09563923,1.77814317,-2.67201209,-3.71080685,2.10312748,0.08739841,3.26446581,-0.35285664,-0.62352777,2.12932801,-0.00446844,1.25207603,1.54314423,-2.54996037,1.7015717,-0.25489691,2.63924932,1.10979044,-0.70902896,3.30781507,-0.98926461,-2.03646231,0.58421552,-1.33435571,1.52489805,-1.57787371,-0.84218401,-0.47775662,1.07403898,0.36092091,-0.60206002,-0.05597317,-1.57491887,0.29740667,0.30113778,1.50192606,-0.41019475,-0.34474766,0.91802299,0.2724987,-1.62062526,-0.96659243,1.07206917,-0.44084382,-2.09729314,-0.22909212,-0.01906669,0.7392925,0.78822243,-1.04451489,-0.40584069,1.05195189,-1.12051666,-0.34266442,0.33940393,1.14765775,-0.38628179,b'1'
84,-10.76576519,-1.49646223,4.68126917,-2.86340237,3.64521456,3.69306684,-1.92554808,-9.47435856,-2.8561182,3.03834677,1.06795871,2.24234343,1.65131867,-0.93803138,3.08788371,1.67330277,2.9720943,-1.28368413,0.31516564,4.73266554,-4.54950809,1.42519498,7.63525295,0.88709831,-0.59140897,0.93018031,1.92324913,1.18258095,0.90832257,0.93842041,-3.20994854,-0.93416429,0.65209079,-0.55074507,1.67536747,0.37714735,-1.08003855,-1.12813973,0.28622139,-1.12087011,-0.50602317,0.92659032,-0.55142552,-2.2343297,0.45197403,1.26373565,0.03046262,0.37573647,-1.31214023,0.56831288,-1.56937051,1.00128841,0.56921458,1.61590433,-0.26676363,0.81882453,0.79952383,1.72953916,-0.7143355,-0.56747073,-0.29759324,-0.12401199,-0.226502,-0.90784228,b'1'
85,-10.53037262,-7.78545427,4.87377262,-1.05020475,4.79018307,5.25614929,-6.22167206,-2.16153669,-1.52798176,1.3423146,-5.10811806,1.23938251,1.14808953,3.10873556,-2.22351837,0.30638528,-1.43413925,-2.64012742,-0.82015949,2.67281199,-5.70355463,1.72902822,2.14020133,2.70184708,-0.3664884,0.94571835,0.929901,-0.68874019,0.01130438,-0.62810081,-0.17070162,0.28828549,-1.05167472,0.32315934,-0.85227227,-2.02372336,0.21188569,-1.75440931,-0.82291687,-1.84274197,-0.92968982,0.69386107,0.4395628,0.63945723,-0.17955041,0.01710975,0.70225042,-0.27414632,-0.85851246,0.53374982,0.01198307,0.3234545,-0.44351244,0.0582267,-0.88782161,-0.49651334,-0.31662655,-1.57455313,-0.56638491,-0.17743051,-0.07727429,-0.57544982,0.13491911,-0.00359949,b'1'
86,-12.06505108,-9.11723709,0.66292918,1.76489663,0.0511291,1.01656103,-9.96131992,0.32423007,2.47134495,-2.42841339,-2.09214497,1.21091628,1.28369534,-1.83773696,-0.43655729,6.34663963,-2.81013107,1.92505026,1.23201418,2.48506403,0.43221378,0.82467538,1.97742522,-1.36923862,-0.18679595,-0.28714517,3.98792315,-1.30664814,1.68095064,0.32152402,-0.48963773,2.07198524,-0.55519241,-0.33412486,1.4711175,-2.93292165,0.57565403,-1.88350129,-0.72500288,0.75892925,0.40666926,0.0515933,-0.47135514,0.48555624,2.02084827,0.89894724,-1.6763953,-0.04715514,-1.93586063,1.2664398,-1.26893699,1.87342405,-1.66830802,-2.05520248,-1.23405504,1.14121461,-0.06875968,-1.66691208,-1.89980817,0.29047215,-0.08130319,0.27842349,0.20018828,2.32945609,b'1'
87,-11.27343369,-5.63732624,4.26038361,-2.19257355,2.52616882,4.02645969,-9.78572941,-1.89740705,-1.53956795,1.37709332,-2.61943865,0.62549138,-0.02652955,2.71016312,-2.99147415,0.05630934,-0.88994062,-2.81292939,0.71006858,3.39118767,-2.87405968,1.57902753,1.92945075,0.77645969,1.06396675,0.80110747,2.88287926,-0.93579823,-0.94607735,-1.08757687,-1.50255287,-1.33344877,0.30011994,-0.72922748,0.80151325,-0.89998305,-1.80154347,0.20020807,-0.61498988,-0.70235562,-0.82394063,-0.03132601,1.12517083,-0.10403206,-0.72297704,0.73128581,-0.51085454,-0.87691045,0.93299788,-0.76838535,0.36720398,-0.76677632,1.97763515,-1.30997014,-0.17224199,0.11788613,0.25438356,-0.21866609,-0.48819897,-0.41875452,-0.63526034,-0.48703587,1.28261602,-1.86686814,b'1'
88,-7.15949821,-0.53118515,-5.73677874,-2.37684417,-0.18292665,6.09303665,-8.03439999,-3.37852359,-3.11369562,3.78453445,-0.77979183,4.1145277,-0.17049718,-1.80172014,-0.46890831,-1.15651011,2.06130147,-2.41068816,4.93090725,6.10673904,-3.9391489,1.08012784,2.98504162,1.17605114,0.31816733,0.13709214,1.99938262,-0.30926037,0.77137661,-0.01326585,-2.48849964,-0.19402742,-0.38072443,-1.07401609,1.35015833,-0.24003229,-1.53792739,-0.65290564,-1.40214074,-0.41373882,-0.65331846,-0.67747986,0.94237483,0.63926119,-0.23525202,-1.11698961,-0.26186264,-0.93604231,-1.13087201,0.05062449,0.9395436,-1.3324821,0.94951975,-0.37134731,0.45172924,0.46540976,-1.33402395,-0.42443252,0.19415092,-2.38802505,0.08970387,0.33755946,0.6337136,0.7208932,b'1'
89,-6.84316254,-8.63137341,6.19661522,-3.50189424,2.31543207,0.86494958,-5.5999012,-7.07904816,1.41144323,-2.63682604,-2.65232134,1.86381578,3.77598977,1.56870162,-0.73734903,-4.34321022,2.37835288,0.48280525,0.15160406,4.41229248,-1.9538188,-1.44035268,0.19663781,1.87635231,-1.04502809,1.05459964,1.65283287,-2.95183253,-2.00666332,-1.10055888,-0.8070277,1.15655994,-2.43209004,0.45275575,-0.63533783,0.43519348,0.81835675,0.2705583,-1.34622371,-2.78998685,-2.44907475,0.28267634,3.44143391,0.2627126,-0.31153274,0.46091664,-2.14347434,-1.12615061,0.40583259,0.17595023,0.12281644,-0.1851902,0.01863146,0.66155273,1.27753413,-0.23795611,-1.11947846,1.65347672,0.88752311,0.65705395,0.351726,2.1540463,-0.27964759,-0.12439757,b'1'
90,-14.70283794,-4.08741283,10.19343758,-1.23680198,4.37261152,6.19452953,-2.22993803,-1.77636266,-0.0205617,3.8135848,0.29513812,2.8220315,0.87310165,2.56488061,2.46881366,3.52655363,0.64000082,-1.13779283,-1.95976293,2.91004944,-4.6998415,1.77531564,5.16929579,0.52918029,0.01380992,0.94658703,2.02536774,1.14972734,2.65766954,1.04078531,-2.02047062,-0.5748024,0.11469242,-0.15105551,0.1434952,-0.35814086,0.28810263,0.09113795,-0.89176714,-1.17169714,0.44358838,1.02146161,-0.53539926,0.0928957,0.06401384,1.5090239,0.5508619,0.63917482,0.53047884,1.34837186,-0.68847907,-0.42012978,0.81128895,0.74252784,-0.43066567,0.56348681,-0.69976521,-0.18456866,-0.47644141,-0.14174736,-0.84674203,0.30301929,1.04296792,0.0400999,b'1'
91,-11.70394802,-5.13621521,3.69347715,-1.04709125,3.15290594,4.46108055,-9.9900856,-2.61780024,-2.81386328,-0.3181628,0.08835244,2.10809159,0.08489561,3.83410287,1.24107456,1.47341156,0.76180553,-1.08112872,-0.1343158,1.30482721,-3.58465075,0.85130346,2.21848321,1.42362309,2.68422222,1.64950967,0.46269476,0.19991565,1.005409,-0.22082591,-0.22603881,0.59948015,1.13411665,-0.4292348,-0.02847373,-1.04062068,-2.41913629,-0.5663721,1.39930713,1.59250307,1.79144287,-0.04395704,1.9268471,-0.46997589,-0.80399585,-0.4669174,0.20209265,-1.48743606,1.46056461,-0.37117183,-1.04259193,-0.58044112,2.16993999,-1.4827013,-0.57535344,0.0401966,-0.65566206,-1.59869301,-0.47897348,0.50261402,-1.04159844,-0.58812559,1.77295172,-2.40638924,b'1'
92,-10.33244133,0.8010478,0.12066957,-1.37470686,3.46953678,7.91300106,1.41526628,1.48257458,-2.19194031,2.0746069,0.45237041,7.2285223,-2.08116174,2.61163116,2.90513349,0.49897599,-0.72764456,-1.77766562,2.03899384,4.06560278,-5.05121136,2.71285009,6.97172832,2.74577284,-0.31909239,0.4534986,2.3360486,-1.0560931,0.73903275,0.0857361,-3.00248146,1.60702324,-1.58003032,-2.39724827,-0.36734474,-3.19601822,0.80500269,-0.57732576,-0.61951315,0.41649729,0.41536331,-0.29553491,1.37158835,-3.09298992,-0.32111907,1.7978406,0.25922608,-0.65706372,1.99660492,-0.62321639,0.36864394,-2.48714995,2.38106298,-0.09105587,-0.42905015,-0.33636051,-0.79790521,-0.10015725,2.03498602,0.79211771,0.41900587,0.37354624,2.01442766,-1.78089082,b'1'
93,-9.58340263,-9.60809898,3.75312281,-3.2912693,3.07189178,1.46983123,-5.72638035,-3.48535037,2.39852214,-2.48256993,-2.73067093,-0.81681514,3.02330256,-2.10758805,-3.44707489,-3.0119524,0.92252231,0.72203708,2.76887298,3.12490606,-2.84895349,-0.15494663,-0.1563434,1.78454542,-2.28268123,0.38828418,3.29608631,-0.05319202,-1.04943132,-1.1993593,-0.74880445,2.07030201,-2.8289957,0.04822117,-0.57742834,1.75660157,-0.76975667,0.15924656,-0.3994633,-1.98462296,-3.32125425,-0.00561671,2.49533629,-0.01767047,-0.09718347,-0.16246352,-1.93145597,-1.02084327,-2.25581288,0.08924949,-0.3970052,-0.71705663,1.28060198,0.98491114,2.00233388,0.63971031,-1.11477613,0.66035104,-0.80856854,0.72100532,0.07061322,0.73525494,0.47546339,1.82368374,b'1'
94,-7.14056444,-11.88927078,8.12558079,-3.20710802,1.63839352,1.24391365,-1.85093975,-10.45310688,0.36174345,1.53744614,-0.17615652,-0.1143024,1.82009447,3.07770538,0.63235283,2.36333919,-1.83127868,5.0517292,-1.4307344,3.09543896,-2.78144431,-2.63209295,3.09333014,-0.94137871,-1.51540625,1.16875505,2.60715151,-1.55314147,-0.38910198,0.29330134,-1.09572899,0.42803526,0.51212788,-1.50833106,-2.39082074,1.06865942,-0.23162365,0.6427418,0.24229038,-1.94947779,-4.70052958,2.7904067,1.84195817,0.54321504,-0.15435815,-0.49609643,0.11696635,-0.15954995,0.8735556,0.30978656,0.454328,-0.05802095,1.90501189,0.43832302,0.07644576,1.36184072,0.01765037,-1.23253608,2.26470113,-0.67107069,-0.56350529,0.38793093,-0.32564443,-0.32458061,b'1'
95,-10.96404457,-9.25119972,7.25893259,-2.19252062,1.87155068,0.04006457,-5.65565014,2.50772858,3.2147069,-2.95587254,-3.94067383,1.44974852,0.86425233,-0.09914028,-1.84675646,-1.50854492,0.62006211,-0.15791595,2.36426497,0.81245089,-0.66290104,0.3260287,0.03040291,3.97301435,-0.15809736,-0.70372063,1.89486682,0.32026505,-2.68423605,1.15711987,-1.13401735,3.20852184,-2.69955707,-0.82530636,0.42051816,1.16469753,1.92325568,1.74656904,-0.42251289,-2.23087502,0.01213849,-0.2629239,2.58553743,-0.22199638,0.072644,-0.38677701,-0.22698195,-2.20009637,-2.57457733,1.34593475,-0.24173228,-1.24448025,0.13560176,-0.66320014,0.6622653,1.49617982,0.44114041,1.58315313,-0.01470709,0.43895388,-0.0315498,0.94385451,-0.03751117,0.49659145,b'1'
96,-7.60552454,-2.55299234,1.16538215,-1.07597017,4.75879908,5.59291744,-8.67850685,-0.16401434,-3.51637125,3.9213891,-0.54228306,3.94292688,-2.09291863,4.99393082,-3.16463709,0.67582786,0.1756891,-5.11793518,1.52628887,3.38782692,-1.83163261,1.89107442,4.67339754,0.93962216,1.77303851,0.58245248,0.9496907,-1.25424159,-0.31920767,-0.84748816,0.61588025,-0.72093225,-0.21060769,-1.21014929,-1.26643276,-3.1616981,-1.22135162,-1.63819194,0.61645627,-0.4478159,0.57666528,-0.32122916,0.25980806,1.17523813,-0.16323018,0.72601312,1.51643443,0.404145,-0.07114628,-0.6345042,-0.48301524,0.35219619,1.33331645,-1.06233001,1.36691749,1.0353905,-0.42743874,-0.61896539,-1.49143314,0.49906874,-1.35023284,-1.01110387,-1.52237773,-1.13217604,b'1'
97,-9.47505951,-8.54288864,0.94202805,0.50550067,-0.1755963,-1.24824524,-8.64997482,-2.00029588,4.87633085,-2.64790249,-2.65600014,0.90693903,1.31900656,-0.77552432,-3.20288086,-0.25071812,1.76578569,2.33308649,2.97024775,4.03711128,-0.64348954,-3.76887226,-0.01955473,0.3378489,0.98346364,1.45253158,2.20792007,0.21977091,-1.02854443,0.06025279,1.20616174,2.34889698,-3.05464435,-1.37248015,-1.39393997,0.86904454,-0.44474459,0.15622872,1.4474932,-0.92145109,-1.34516609,0.0765617,1.40395367,1.16512489,2.05224085,0.68995667,-2.59789371,0.03673387,-1.15304589,1.45901167,-2.97958064,-0.31761706,0.28297639,-0.15044916,1.43736804,1.20939672,-1.03419542,-0.31613255,0.60435635,0.77478313,0.96064013,1.24979377,-0.40430039,1.60166168,b'1'
98,-8.00849342,-7.19511986,-2.41955352,0.25532547,0.25676596,2.79876089,-11.13047314,-3.29964232,3.83492661,-2.73553586,-1.05140853,0.67264676,3.14602089,0.17686254,-3.68685198,0.02510476,0.20951962,0.72174346,3.64508843,5.01662779,0.24814749,-0.43787199,-2.2204268,-0.38046479,-0.47587249,0.94779378,2.80387592,-1.58761108,0.94482946,-1.18326378,0.44165289,0.06287956,-1.67938793,1.16338384,-0.00700742,-0.93583584,-0.27150726,-1.3621161,1.63547421,0.90390873,0.79485762,-0.48275173,1.97664094,1.35134971,-0.06332052,1.39827585,-1.51629722,-0.77204871,-1.96671534,0.48728418,-2.46622491,-1.11647642,0.57779872,-1.96861553,-0.63609833,1.84409308,-0.79826951,-1.29872596,0.99735922,-0.26664585,-0.13577454,-0.03617609,-0.48769751,-0.38714704,b'1'
99,-3.43862057,-10.6134367,6.93312836,-4.04439974,3.3290906,4.10363197,-3.53236389,-9.14734554,-2.26547241,3.7841382,-1.65063334,-2.0159514,5.46346998,0.16261658,-0.66792345,1.28291345,-0.27270734,-0.07102364,-0.57363164,2.71888828,-3.74783516,-0.9308278,0.63909149,-0.97806811,-4.21060181,1.48651528,1.95573318,-0.65186429,1.71359062,-4.28352785,-1.56818759,-0.39553428,1.02529049,1.87862372,0.45114672,-0.4149867,-0.33410072,-1.10701513,-2.50627136,0.39119184,-0.77999008,-1.84257042,0.99447602,-0.1833044,-0.09964979,-1.23404479,-1.59421325,-1.29261708,2.361166,0.22852206,-0.83127928,0.51355338,-1.06942677,0.40979034,0.36809361,-1.42443728,-0.13279295,0.05249083,1.26913047,-0.15246159,-0.34345195,0.40385133,-0.15533817,-0.77032465,b'1'
100,-11.14476967,-6.19068098,6.79113674,-0.3925108,2.81547165,2.53366661,-8.2738781,0.8934269,0.74691868,-1.50343287,-2.00207567,4.39063454,-0.97569847,5.78378057,0.78390121,0.34561765,-0.02732503,-0.68349302,-4.32255316,-0.46255982,-2.41890049,2.14785266,5.11349154,0.43413782,1.90599859,2.67077541,1.67911875,-0.92989779,-2.7339859,0.78166211,-0.43001306,1.2124722,0.59928977,-1.48895216,1.03045213,-3.20094991,-0.87678933,-1.08525896,-0.71191776,0.38490188,2.63186669,0.19097136,1.78816772,-0.16135129,1.23022425,1.08075833,0.01431632,-0.93365407,-0.78767616,0.8961556,0.04555085,-0.21819758,-0.4282999,-0.1967392,-0.5057928,0.47816622,0.07164073,-1.04841757,0.28422141,0.10801172,0.38782996,-0.04908383,-0.01115364,0.2700426,b'1'
101,-11.66566563,2.38932371,-1.71355724,3.10760736,-0.98174232,3.50680447,-6.69635582,-2.73935199,-1.49548435,-0.80943662,0.6546917,2.187006,-0.17386389,0.67621595,-1.46824265,0.85431159,4.31259918,-1.83728099,2.00763083,3.99623156,-2.36391997,3.57917976,4.17665911,1.63929939,-2.04196358,2.16310716,1.784639,0.11065805,1.75051999,1.16664159,-1.05191791,0.56605244,-0.99325526,-2.26469588,1.61491966,-0.86807895,-1.47082639,-0.04110736,-0.33466423,0.51579964,3.33731008,-0.49052167,-1.39802837,-0.63304287,-0.19979477,0.31085563,-1.47336328,-1.65875554,-0.83551389,-1.01252437,1.24183989,-0.18769169,0.55110252,-3.11677504,-2.06053162,-0.13738567,0.12622547,-0.87037671,-0.73616576,-0.82726777,-0.65567952,-0.56885123,0.47138774,-1.8147639,b'1'
102,-6.33012581,-10.12697792,-1.44395757,0.93215668,1.40479553,-2.98978353,-11.54387093,-4.40396023,3.00270534,-4.48038864,1.86789429,-0.54849029,4.18629837,-1.05934143,-0.82149935,3.56643343,-1.47972095,2.02908874,1.14409149,4.13205433,1.45204568,-1.99802899,1.64074683,-0.37669253,-3.43606138,1.11579812,0.7241472,0.56297469,3.67447615,-1.37915921,-1.85852277,0.11907101,-0.68449134,-0.01021415,-0.97115779,-0.78789771,-1.13198042,1.06171477,0.5879451,-1.33548975,-0.20875746,-0.44539255,0.22813748,1.5710783,-0.31050026,-0.02457985,0.30243558,-0.92387128,-0.99215555,0.77963483,0.52661222,2.54702902,-1.43020248,0.17939985,0.05675799,1.75996399,0.41542268,-1.88926673,0.30531061,1.67143977,-0.48664367,-0.56674469,-1.28922617,1.65967798,b'1'
103,-13.31533432,-9.25388336,7.149652,0.23976812,2.73399973,3.16755962,-5.93263721,-0.33871424,-1.37074995,-0.43386167,-2.59286976,-0.61840129,1.59896517,-0.77356988,-1.13112736,2.73461056,1.11465693,0.91120124,-1.66101313,1.01889038,-3.7165885,-0.36991781,2.27526999,-0.28017378,0.31467462,0.42499363,2.16904736,1.75819921,-0.65773296,2.2201848,-1.63234746,0.79855013,-0.72034049,-0.81006211,-0.21808434,0.13150012,-0.83628106,-0.3153196,-0.7995826,-1.86046982,-2.54327965,-0.30247021,-0.07091641,-0.48093277,-0.27955699,0.99244499,-0.82404387,0.7546047,-0.40433675,0.30696887,-1.49344087,0.23989707,0.00283456,-0.35431695,-0.83926505,1.93528724,0.84215093,-1.11180782,0.1151942,-0.07564473,-0.96354735,-0.11451605,1.15325212,0.83722842,b'1'
104,-11.08400631,-10.82920074,10.04534626,-0.95599294,2.66117954,5.49895191,-5.38903999,-4.92453384,0.54311562,0.4862473,-0.2429316,-0.17306733,1.18869042,0.80062491,-1.75013781,2.6403029,-4.06160498,-0.88090628,-2.04311776,0.9633348,-3.10569811,0.73502123,2.42858958,-1.16921425,-0.68751836,1.51046133,1.40047741,-0.66013193,-0.16273069,-0.37919384,-1.13554966,0.71354079,2.14899468,-0.46684748,0.69326663,-2.56700802,-1.54200923,-1.93611455,0.20464778,-1.85626698,-0.30419403,-0.17062192,2.66924477,-0.53883529,0.66956401,-0.39060247,0.74072981,-2.06878591,-0.0004065,-0.13552314,0.13747203,0.08569443,-0.82855535,-0.7331655,-0.51693302,-0.40047956,0.95344818,-0.86092311,-0.65747845,-0.64198732,0.33866525,1.20508218,1.05686963,-0.48877725,b'1'
105,-10.70553493,-8.1624136,6.07480574,-0.48994651,3.26897621,1.66585135,-9.00364399,-6.64802551,-0.18501949,1.55877852,-1.91646385,0.22156191,2.28701997,0.23761535,-0.00488091,2.7515161,1.82094717,-0.55584061,0.00811869,1.71341419,-1.29632163,1.18581474,3.53287911,-0.55911446,-0.82905972,0.22162512,2.42539787,1.47472405,-1.69103765,-0.13479781,-2.26554823,2.2899642,-1.56510341,-0.30669624,0.57324183,-1.0414021,-0.38599634,-0.26633459,-0.31306756,-0.27052373,-2.49194264,-1.00660074,0.09770449,-1.88874614,1.4799726,2.19622064,-0.5812555,-0.0012629,-1.02758384,0.0470134,-0.53853357,0.14794791,0.80840313,-0.34765995,-0.37186068,-0.26806748,0.18206668,-1.65504134,-0.26365432,0.40786529,0.41608596,-0.28292364,0.17840463,-0.34228683,b'1'
106,-4.78532553,3.22239256,-2.9944663,0.6204716,2.11368465,7.54909992,8.06161594,1.14020014,0.39227676,-0.97217327,3.4692874,9.125741,-0.7265501,2.99581075,4.097435,-0.74429703,1.13988853,1.42778897,2.90932345,2.59434175,4.58600616,2.05882335,2.84547472,2.0837369,-2.47824001,-3.07886863,3.28592777,0.88223541,-3.45823145,3.46880198,2.84850335,0.03483129,-5.56295681,-1.70824099,2.78231144,2.67172432,-1.60700834,-1.02882314,-1.38109529,0.84666276,-1.80395341,0.44634759,-3.3302803,-0.99793798,-4.99651814,-1.23471916,3.41081142,-2.01738858,1.87458539,-2.3406167,0.22383969,0.93410128,0.99203324,0.38011432,-0.71294183,1.29873252,0.17555261,1.3108896,-0.29290685,-0.58993638,-1.49664736,0.97144097,0.42353475,0.71492171,b'1'
107,8.28945446,1.50674629,0.96508467,-0.72927296,-1.59858179,3.54740739,-6.34546375,0.20940602,7.12894821,-4.14945412,2.43501043,2.25335169,9.15720177,-2.89713168,-0.41850662,5.70363426,0.41448545,4.94771671,0.65383291,4.9485445,-1.38280582,-0.50881654,-4.05912924,3.42656279,0.37003613,1.6243993,-1.27753258,2.47678304,2.0137341,-1.1969887,1.53480303,0.03916168,1.80282235,0.56258881,1.70210338,-3.23891377,0.06662798,-1.37993765,1.46946013,-1.87842178,0.44265461,-2.70808196,1.33555233,1.22459316,1.11971068,-1.87775958,1.73651242,0.78401208,-1.4991672,2.30902243,0.85651195,1.86809862,0.48689914,-0.80449629,0.04252023,0.02420199,1.52242219,-0.84755301,0.44447964,0.67767942,-1.29713559,-0.90669549,0.68278944,0.55618453,b'1'
108,-10.06103611,1.00817204,0.10446131,-3.72378612,3.82215738,7.1441431,-4.03583384,-6.57967186,-5.70411539,0.63180304,2.51627374,2.16200352,-0.75922799,-1.51264071,2.41433287,1.99189138,2.32059979,-2.43266463,1.90398049,2.35081291,-4.34238148,2.20133615,5.34664774,1.78196383,-0.05314374,1.74608815,-1.29940009,1.18643141,1.61291361,0.02763903,-0.77741206,0.33860517,0.54474372,-0.36291844,1.44472218,-0.31966147,-0.7065804,-0.52267653,-0.90796649,1.77649164,3.25887465,0.41717166,-0.01667441,-3.13660431,0.65819305,0.40681607,1.69274378,0.06377959,-0.3928358,0.13455355,-2.22482276,0.31242442,3.25159264,-1.19025207,-0.71566671,-2.24659634,-0.17274117,0.58067346,-0.2227954,0.0897305,0.82245702,-1.49916482,0.93608093,-0.84389889,b'1'
109,-7.44489145,-0.85119867,1.95458055,-0.79160106,2.7718358,6.74976635,-4.82898617,-7.45124149,-6.6743865,2.13421941,2.13208818,0.07709885,0.60376489,-1.06563425,1.75429797,1.07996368,2.82306266,-3.47035313,1.44265616,2.7311964,-4.61998415,2.00641394,3.08569407,2.0473156,3.46043825,0.4166916,-0.9585436,2.08835363,-0.62986183,-0.77710402,-1.36480248,1.25773239,-1.57806253,-2.52180433,1.02395535,0.05604491,1.21173811,1.86463308,0.17038548,0.11814255,0.54217505,-0.01077728,1.13647616,-0.69646525,0.45580298,0.44723505,0.5936259,-0.79486394,-0.64643395,1.18597806,-1.62785304,0.43388045,0.69333279,-1.45407438,-0.03415388,-2.02447271,1.05077231,1.25883353,-1.01337671,0.44135714,-0.10120521,-0.37369516,0.84566236,0.6376037,b'1'
110,-11.46477985,-7.47023344,6.20826817,-1.003914,4.68521786,6.5837574,-6.33615971,-4.45323086,-2.72564697,2.92073226,-2.79788351,0.71640801,0.72750568,0.3731831,1.71243811,3.71052837,-1.54797781,-1.62941444,-0.55829132,1.21710992,-5.15543318,0.71064776,2.78722095,0.64117908,-0.57175851,0.10780409,1.22653496,0.18041122,0.66948009,0.24606884,-0.43151009,-0.31292415,-0.30114079,-0.37544781,-0.60557699,-0.67214549,-0.94708657,-2.34909248,-1.51172054,-1.37385774,2.40303779,-0.61757207,-0.42191344,0.27626377,0.07184696,0.79977506,0.77847445,-0.32205844,-1.37303638,1.13034201,-1.92729712,0.64346993,1.29570138,-0.29196298,-0.44526201,0.22696149,-0.04432988,-0.7561717,0.43059319,2.32935333,-0.77575701,0.62612313,-0.24729693,-0.46934763,b'1'
111,-10.56504154,-13.60127163,6.0811305,-3.34025574,1.43731201,-2.64825535,-6.64205742,-4.8795414,0.01120949,-1.82097578,-0.41170979,-0.43773246,0.22380054,-1.0109762,-1.1988821,2.03846264,-2.99687099,1.3654964,-0.38275468,0.31436443,-0.05713879,-0.37677008,2.39004278,-1.5898819,-2.30689716,-0.83469766,2.30682802,-0.63609898,-1.16338825,-0.78997815,-2.65529919,1.88473368,-2.28941727,-0.14661425,0.31412953,-0.90507972,-0.22785282,1.17672443,0.00764382,1.52107334,-1.29236817,-0.53161287,0.76595175,-0.46214432,1.44970477,0.85028189,-0.60205525,-1.06899953,0.01675142,-0.02749294,-0.3523367,0.30477965,-0.22793579,1.0122062,-0.41645771,-0.87138724,-1.03167391,0.65304095,-1.45628452,-0.09068036,-0.33757019,0.108998,0.44669247,0.37596118,b'1'
112,-9.93446541,-4.36528158,6.54040432,-0.96464503,4.09286928,7.50886822,-4.68473911,-6.04777336,-2.68123436,4.58996391,-0.85322046,2.07342577,-0.41782713,2.06314421,0.9004066,0.73803663,0.26544976,-2.58115005,-0.08273625,3.14173269,-5.50531483,2.1430788,4.73256016,0.48162627,-1.7352457,1.28572667,-0.12912208,-0.97532761,0.73977351,0.78173637,-1.4647702,-0.26385999,1.72906387,-0.19837648,0.16012406,-0.7286917,0.82815242,1.64344716,0.31108344,-0.75663936,-0.0719111,2.09356999,1.3777411,-0.38671935,0.80811781,0.11304295,0.69014239,-0.63620543,0.76476234,1.47938979,-0.83189499,-0.24795532,0.68731427,1.06095755,-1.5940578,0.09968758,0.46396589,-1.5909934,0.8063913,-0.94257444,-0.08153048,-0.24808082,-0.58989811,-1.7672677,b'1'
113,-4.36583519,-8.02756023,0.58748174,-1.05499959,3.34104681,4.59434032,-4.78066158,-2.7277813,-3.07550383,0.94735932,-7.56511593,1.9353888,1.01314235,0.17262843,-0.47636843,-0.7119925,1.47060847,1.3702991,3.29466248,3.76038074,-3.92947912,0.87629056,1.50552428,2.79509544,-0.06855154,-0.2053324,0.78476524,-3.73601556,-1.13857269,-0.83506399,-0.28279912,1.92603636,1.26484644,-1.2856214,-3.64879823,-0.94291508,-0.03213763,-0.77526599,-0.24249268,-0.87122214,-2.56297827,-0.90867442,2.4350121,-2.71589017,-0.98458183,1.0537225,-1.1296376,-1.92642713,0.16869086,-0.59506965,0.43473101,-0.99817562,0.32123613,0.28894043,-0.3201316,-0.95820689,0.72202611,1.64451039,1.73882651,0.39896667,0.00826158,0.21264881,1.43777859,-0.24595857,b'1'
114,-12.05922699,-12.19997501,8.47087383,-2.00113869,2.96879578,2.74430585,-4.54419994,-3.76317382,-0.7459383,-1.67738366,-0.32215285,-0.84323716,0.60352832,-1.03565979,-1.05215502,1.18344367,-3.53744698,-0.4307096,-1.5399977,1.37305522,-1.60741758,-1.52180839,2.32186604,0.75774288,-1.10126245,0.01756621,1.7299329,-1.40991867,-2.62585545,-0.94549835,1.0127995,0.21667147,0.8793745,-0.63903099,3.10526752,-0.37177077,-2.36091352,-0.04041511,-0.61136472,-1.23476887,-1.26807463,1.08144319,0.35243258,0.44690126,0.94939005,0.37590462,-0.86185849,-2.67660213,-0.18411736,-0.03557897,-0.41046494,0.8586874,-0.72267461,-0.69173574,-0.13036638,0.18603092,1.67607844,0.64218944,0.16402823,0.87608516,-0.49062151,2.70471907,0.22963703,0.74195206,b'1'
115,-4.11229181,-1.63605261,2.29867864,-3.10568237,1.01507747,4.25042534,-7.82021713,-7.73237705,-2.05219173,-1.01195216,0.00254345,3.28740072,3.65952611,2.40477562,0.70906615,-1.84921956,5.44826889,-2.5787487,1.13740349,6.73039532,-3.06682205,1.32042313,1.8698535,0.42896891,1.86147916,1.23684716,1.65126383,-2.2175293,0.23061752,0.44497776,-2.17608213,-0.25824428,0.35241413,0.42870039,-1.18011665,-0.67821705,-0.19406939,-1.28553796,0.887963,-1.8548367,1.14180541,0.60964215,2.86300802,-0.59657311,-1.46330297,0.14137334,-0.14199547,-0.78316998,-1.35562301,0.33171123,-0.05009086,-1.37048757,0.10941648,-1.03439736,-0.23666519,0.64478517,-1.50339699,-0.46955484,0.55788141,-0.38445956,0.01655379,-0.81211591,0.0582372,-0.95970953,b'1'
116,-10.10062408,-3.39326191,2.9430747,-2.78923941,3.00354099,6.22814846,-7.62239552,-4.87039566,-1.80489254,2.32962823,-2.20572567,2.87540889,0.46329278,6.90625095,0.54816246,0.68493748,-1.0369525,-2.77080297,-1.3056097,2.46876526,-3.2674849,3.44390941,2.86315989,1.69971466,0.90706885,1.4925319,2.09328413,-1.09485829,-0.4300971,-1.28908801,-1.04807818,-0.48688841,2.27597618,0.00240898,2.56420112,-1.84854853,0.96896958,0.55711901,-1.93650091,0.53465903,0.87975526,0.78266197,0.91446251,0.51043677,-0.31603956,0.18711501,0.35743535,-1.00379109,-0.05985045,-0.48294228,0.06198864,-0.53705287,0.99717832,0.28360355,-0.73035377,-0.16781628,2.24077225,-1.75060058,0.28678066,-0.89506483,-0.70794821,-0.75316083,-1.11720395,-2.46556282,b'1'
117,-8.52332973,-8.99045658,5.33064365,-3.38088322,2.14550161,2.9392519,-8.76749134,-4.43420982,-0.5804472,-3.29736614,-2.49919319,2.2644043,1.28385055,3.89008951,-3.06307793,0.88523471,-2.56255102,-1.39157367,-0.06864697,3.18436527,-1.95284653,0.10591239,2.40434647,0.55687189,-0.17076927,0.23929545,1.98469651,-3.23593068,-1.14678097,-2.03466249,-0.76818359,1.64939308,0.04604103,-0.28830773,-0.66435969,-1.95113313,-0.15396333,-1.17068172,-1.2002238,-1.17991769,0.24566889,0.00617974,1.59279728,-0.24442245,-0.97801459,-1.03612721,-1.51168394,-0.08720851,0.27592516,-0.27650869,-0.62431306,-0.78230774,1.0301348,-1.53100324,-0.14740807,0.52004027,0.70548797,-1.26129663,-0.21635091,-0.97343081,0.09004985,0.10197675,1.01341426,-0.81176525,b'1'
118,-10.05359459,-8.50414658,6.65378809,-2.29710245,2.8098526,4.65208149,-8.83900356,-0.96382046,-0.91860533,1.35995746,-1.70485306,2.10314107,0.61408961,2.3277216,-3.49663353,2.13256621,-1.08439052,-2.73409653,1.91690135,2.80995512,-2.18075538,-0.05512661,2.92106676,0.23945427,1.64633429,-0.47534743,0.65065444,-1.90561795,-0.59523058,-2.00393009,-0.54093301,1.34659481,0.28469926,0.73711669,-0.24348748,-1.72223961,-1.97670245,-1.61127615,-1.85152137,0.6893878,0.53273916,-0.05293582,0.74421471,-1.22333741,0.27880621,-0.8238939,-1.29762411,0.40749717,1.81169248,-1.10015559,-0.80465078,-1.07522643,1.2371794,-0.94066072,0.16366231,-0.05290508,0.18736553,-0.26787913,0.34218103,0.1934185,-0.43205059,0.63620788,2.31076908,-0.88522071,b'1'
119,-10.83773518,-7.75243473,-1.92496538,0.35619351,0.90505719,-0.03301787,-13.3928566,-1.56298041,1.59108996,-1.20453775,-0.13343596,0.36281013,-0.08400738,0.17319664,-1.4502306,3.60583949,-1.32471275,2.24938607,-0.57154226,1.20607114,-2.25203204,-0.45825261,0.79328549,-0.94266629,-1.63110161,2.01162004,1.08486295,-0.52725625,0.28758192,-0.6750561,-0.80898988,-1.76312006,-0.32300228,-1.29913163,-0.00994045,-1.80777705,-2.30305982,-2.26445365,-0.37655842,-1.22140551,0.97881722,0.24983796,0.56939727,0.50225747,2.0054698,0.1521132,-0.38730067,-1.61245036,-1.199108,-0.6266821,0.00794999,0.09828079,0.02889943,-0.90569615,-0.89010435,1.61527586,0.00613093,-2.31767678,-1.54052353,0.09717238,-0.33537263,-0.69622278,-0.54600763,0.79906631,b'1'
120,-8.66341209,-6.95871878,0.73743999,3.35800838,2.04169369,-0.83136392,-8.42611217,-1.74554253,4.88272667,-3.89996266,-2.97570801,1.20354724,2.54700828,-2.6865983,-0.91385746,1.290627,3.02594781,4.94047832,2.45963478,4.39934587,0.29377902,-1.59599614,0.51290524,3.38148355,0.35649973,1.30857158,3.58976841,0.55882084,0.81130505,-0.48396075,0.1373781,0.72550583,-2.71115327,-1.63614726,0.67453551,1.1752485,-1.00453651,-0.24951345,1.38165963,-0.50887096,-0.22280729,-0.62653852,2.55096602,1.5646286,3.26121712,0.45012498,-1.91519654,-0.02346492,-1.95051551,1.10104394,-0.45008779,0.29440773,-0.06456757,0.53963017,2.08767557,0.81144726,-0.69727564,0.86242676,0.31993711,0.93255532,-0.06844546,0.65005857,-1.06324947,1.30273199,b'1'
121,-7.8769865,-9.91590977,1.86819673,-1.81296861,-0.75646126,-0.93022513,-11.8059454,-6.7070713,1.15033722,-1.4318229,1.11952829,-0.84218955,3.92561626,1.5609529,-0.29357243,2.08311343,1.77742267,1.20874357,0.6191408,3.38401747,1.05896795,-2.09259224,0.60585511,-2.45670652,-0.62546182,-0.74453658,1.71232116,0.0568738,0.82517362,0.7131685,-1.15609777,0.13692665,-1.14486325,-2.11258817,0.65441406,0.30110919,-0.43650055,0.40064335,0.42832065,0.26234728,-1.76208615,0.50740886,-0.5977149,0.48876679,0.66114521,0.97360575,0.75935072,-0.51892209,0.17371592,0.36069345,-0.11941616,1.52346087,1.585428,0.45766425,0.92483747,2.45789599,-0.07905221,-0.77111828,-0.42965394,-0.30649811,0.33374482,-2.10340595,-0.1160655,2.31340432,b'1'
122,-12.46637154,-7.62152672,7.60056496,-0.77096069,5.30086851,3.26997066,-7.54367352,-0.91171575,-0.60881996,-0.48416698,-1.60583401,0.15507007,1.87607992,-1.56544244,0.71487761,1.7897613,1.45581031,-0.59708422,-2.02300477,1.13504481,-3.42443442,-0.03717381,4.15911484,0.38117647,-1.38921273,-1.88578606,3.61003542,1.21544337,0.26318979,1.84884131,-0.39268625,-0.42892385,-1.60052097,-2.28018332,2.72346115,-0.06634888,-1.40964305,0.56163394,0.26946294,0.13590318,-0.4351095,0.10454386,-0.45352769,1.0548979,0.29084277,1.02217412,0.29616457,-1.27567506,-0.28450149,1.44599116,-1.2913667,0.00420481,0.98941088,-0.76998639,-1.10253167,-0.23308057,-1.42390966,-0.49440372,-0.27803516,0.68363905,0.0965765,0.21753001,1.3506912,1.54702783,b'1'
123,-11.28225994,-11.2517767,6.68639994,-4.17067957,1.65828121,-0.55390024,-4.39518452,-2.86953807,1.92682433,0.09907961,-3.03203249,0.42583323,-0.7414093,-1.23640013,-1.88294935,-1.92174172,-2.7261529,1.11635089,0.85222685,1.28657842,-2.55102706,-1.60701394,-1.46780276,1.92149305,-1.30249977,-1.16037595,1.37825358,-1.83860183,-2.99051952,-0.45142075,-0.79908311,1.3702116,-3.60065341,-0.70318907,-0.55146575,1.66830969,-0.1175034,0.9873907,-1.30349052,-1.70237172,-1.904948,0.55502301,2.12255216,0.20879711,0.83460844,-0.93775398,-1.40406418,-1.88954377,-1.28385663,0.31750011,-0.6996423,-1.5511961,1.07859731,0.26278114,0.54404598,0.84091127,-1.10655093,0.87246192,0.68223292,0.45924461,1.18934429,2.37322307,0.284361,0.91333294,b'1'
124,-8.98017597,-10.23180389,4.9943099,-2.5065062,3.3344779,1.19413435,-9.82801437,-6.97986889,0.0948925,-2.67180848,-0.35990119,-0.56213212,3.10436916,1.26688933,1.0906384,2.71505713,0.19280815,-0.07313639,-2.5413177,1.43954444,-2.18709016,0.04580283,2.47990108,-0.52285838,-1.22064614,1.23845541,2.16387558,-1.10846925,-0.81708765,0.1846149,-2.8714304,-1.62574685,-0.33078265,-0.80415779,1.12008286,-1.69588792,-2.46906376,-1.02851129,1.62009203,0.48736662,0.52133644,0.87523818,0.92537171,-1.2239027,0.25032806,0.59693009,-0.70387518,-1.25004172,-1.12676454,0.23726571,-1.3700186,0.72346961,0.72548628,-0.76495457,-1.30360699,-0.22683138,0.43004251,-0.76422709,0.64839619,-0.54288518,0.79395717,0.10242838,0.51093125,0.91919261,b'1'
125,-13.16606712,-10.42116928,9.97803307,-3.41733479,0.96823287,-0.34902084,-1.41962337,-1.47293663,4.95953035,1.73806286,-1.80184889,-1.3123858,-0.13110852,0.33913204,-2.56795216,2.03587103,-6.64497948,0.09440637,-3.47905445,-0.18618298,-0.97157168,1.39528406,0.12516314,-0.24879479,-0.8784765,0.1912941,-0.15456551,-2.95955133,-2.97107029,-1.29292071,0.35837293,2.42635155,1.05687737,-0.94186002,1.68436909,-2.50792956,0.82260704,0.60340476,-1.13288057,-0.98453951,-0.22113818,1.66774774,0.92562348,-0.77691782,2.04533267,-1.15417123,1.12436187,0.35976768,0.93094629,0.48655689,-0.59816861,0.96927983,-0.05918741,-2.27437711,-1.74669456,-0.25235599,-0.19631934,-0.16857065,-0.18472895,-1.00191295,0.60243326,0.25628656,1.61635554,0.23650354,b'1'
126,-6.63835335,-7.52437782,6.76783514,-2.84529161,2.65597773,3.44984055,-4.32870483,-7.53822708,-2.31886196,1.80296063,-5.2153368,0.3664093,2.76465607,0.49772927,-1.85222006,-0.51154828,-0.67892301,-2.45537663,0.29825753,3.28606415,-2.91167879,0.51733756,4.0750289,-1.27002025,-5.52317524,1.30585599,1.64914525,-1.64223409,-0.1132617,-0.65433776,-1.12734067,-0.88698244,2.59140897,2.27072334,-0.49415731,-0.46189204,2.59990144,-0.15156251,-2.26331949,-0.73991305,-1.75723314,-1.0200814,1.51868629,-2.92603683,2.33753657,0.50483161,0.79560441,-0.43121886,0.7566902,0.91344345,0.51087379,-0.45499682,-1.33728743,1.04539847,-1.40085626,-0.99618149,0.2003231,0.20965663,1.28866386,0.0293293,0.02881958,-0.87528896,-0.97784513,0.1287103,b'1'
127,-10.61531258,-6.5037775,0.06118232,1.68891597,3.59077406,1.94703078,-9.55586815,-4.56004047,-1.57884121,-0.46494412,-0.67149878,-1.72158122,2.22364163,-1.23989666,-1.24958658,3.28563881,3.51391006,1.96753049,0.58626646,4.56688023,-1.2243855,-0.69595569,2.1431427,0.34024501,-0.41157141,-0.63233519,2.92027473,0.76074553,2.98088503,0.84766173,-1.12965333,-1.01765776,-0.98171568,-0.17787367,1.09916246,0.85802162,-1.77967072,-0.96555871,1.72617424,-1.53034949,-1.20966768,0.67854869,0.27438989,1.4363662,-0.15439653,-0.43914473,-0.14129631,0.18303514,-1.58649778,-0.15662831,-0.05875339,1.33999896,0.7850306,-1.66926742,0.26774126,0.37456787,0.33892941,-2.45183778,-0.5210098,0.76223731,-0.05448924,-0.45767945,-1.67489791,-0.00599263,b'1'
128,-1.99328828,-10.85370255,-0.86228126,-1.30323422,-2.80518627,-4.05006695,-6.42653942,-3.59939694,4.4812355,-5.27688551,1.77570844,-0.63562751,6.93286133,-1.19022405,0.40378356,-1.20172977,1.52743006,3.87786794,3.18485093,3.25004625,0.83118254,-3.75984097,-0.96784711,1.70812225,-2.98511744,0.47489303,0.93675661,0.66451597,1.21274257,-0.46478465,-0.36103451,2.6073184,-2.38459682,0.04829472,-1.02381933,-1.37851298,-0.12723064,-0.99984747,0.95363903,1.12825346,-0.97236341,0.81557399,-0.53307939,1.95907235,0.44992447,1.43038607,-2.74921179,-0.10774493,-1.4973309,2.87480545,-2.20228934,2.4550271,-0.40940523,1.29403746,0.2004779,0.71234035,-0.98932385,-0.72349954,1.24731874,1.78680813,1.12242377,0.836366,-1.39049888,0.1388458,b'1'
129,-2.96392727,-8.1095295,6.01835537,-3.99995708,2.62812281,2.42167711,-2.97993135,-8.76437473,-0.46764898,-2.02522087,-3.20276642,-0.41261935,5.52146673,-0.55714375,0.58884144,-0.90521312,2.59398007,2.45343137,0.19339049,5.14773417,-3.02107596,-0.92887312,0.87445021,1.27140236,-0.51021522,2.38812089,0.48710012,-3.06334496,-0.53331137,-2.0187645,-0.9073025,0.72233796,-0.90101784,0.19170284,-1.31391597,-0.20534351,1.32449007,-1.29925227,0.21491861,-2.76551938,-2.65126586,0.40142956,4.13497686,-0.30632055,-2.77086592,-2.14650106,-1.49732125,-1.38314176,0.18492997,-0.10732305,0.75473672,0.34227681,-0.66194534,0.27193403,1.46694613,-0.16621184,0.05863261,0.53427202,1.46937394,-0.40430546,-0.55756068,1.40418983,0.45787954,0.63324606,b'1'
130,-9.34844494,-4.26226854,0.1822212,-1.65238404,2.33197594,4.72858381,-7.98385811,-1.11678624,0.20812321,4.71742105,-3.36472178,2.65766883,-0.80494404,1.45016193,-1.69169903,-2.1271615,1.42926526,-2.71156979,4.51902294,6.11965275,-3.49481821,1.52583861,0.75653875,2.0161109,2.80494928,0.45370328,2.65009451,-1.55358219,-1.34694338,-0.96875882,-2.25026417,0.29853225,-0.99793494,1.4517355,-1.32227921,1.34143662,-0.49560535,-1.152349,0.88955343,-1.3260318,-1.00213253,-0.3594507,0.99442822,-1.22500229,-0.11823761,0.24749658,-0.4743796,0.09473348,-0.467462,0.08247197,0.22028604,-1.14971483,0.73178542,-0.82096148,-0.75241715,0.3604027,-0.73627472,0.67246562,-1.57631731,-0.00779808,-0.37823331,-0.53489739,0.63992715,-0.12972206,b'1'
131,-11.44988728,-6.16895676,9.09853172,0.09400618,-0.03985655,-3.55151916,-4.19211483,3.10713005,4.25569773,-5.60360384,-2.05649757,1.74124146,2.43267393,3.89764619,-1.13151693,-1.61031532,1.75072622,0.55410874,-4.55775833,-0.33900094,1.51439273,-0.84929937,1.64657223,0.19373941,-0.06680298,-1.81575418,2.42360258,0.9559021,-1.64009142,3.97723675,0.3135879,3.0843091,-1.49151659,-0.39848369,1.40803337,-3.9809072,2.60351968,2.72737336,-0.0506438,-1.64086044,0.90121651,-0.41195798,-2.19197917,-1.04708719,-0.39259899,1.79235339,0.55748761,1.08464515,0.09895751,0.95547211,-1.07353711,-0.13867134,2.01882195,0.50522816,-1.15090752,-1.70032489,-0.00084782,-0.11722948,0.45513397,1.45665514,0.34161937,0.96398824,-0.50619423,0.12432913,b'1'
132,-8.9923172,-6.58366013,2.7478056,-1.37283885,3.45377684,1.1375289,-12.12996006,-4.3526144,0.9926672,-2.50865006,-1.99966145,0.82368517,0.27113998,2.12779665,0.35680652,2.27973866,1.41141343,-0.2231127,-0.0019432,3.03209209,-1.49284744,-0.92318577,2.21225405,0.83775139,-0.54249382,0.17434596,2.1847353,0.20626557,0.8934567,0.89505827,-2.25376797,-0.27635813,-0.16048095,-0.77650565,-0.55987346,-1.77185547,-2.99386263,-2.76920438,0.29440427,-1.69646037,-0.32431221,-0.13475583,1.438869,1.42097807,1.92508078,-0.21121603,1.2359699,0.13886476,0.02739973,-0.95607275,0.21734729,0.89939117,1.73269749,-1.65675259,0.04250401,0.97118914,-1.00619793,-3.68358088,-0.23595276,0.72655952,-1.72037423,-0.39441153,0.22606528,0.92683071,b'1'
133,-8.95159531,-6.90281487,2.50918055,-3.24477696,1.51492655,4.45274115,-8.87854004,-4.28112125,-0.68682051,0.58399045,-2.62595415,0.8022151,0.46531773,1.63571417,-2.08286047,-2.48996162,3.16934276,-1.18196583,2.29122353,3.75556469,-5.27534914,-0.7655912,1.20221186,0.39911795,-0.27675313,1.59665716,1.22289753,-0.98874903,-1.69048929,-1.47957802,-1.01485741,-0.1282692,-0.78574693,0.80799294,-2.56493902,1.32103634,-0.3423512,-0.99978894,0.25700045,-1.21148574,-0.68847263,-0.16215323,1.54789042,0.0541544,-1.66201961,0.58814597,-0.80036604,-1.3217783,-0.92096955,-0.07542211,-0.73206878,-0.43915701,0.02351665,-0.59629011,1.22826302,0.74553561,-0.98036742,0.13287872,0.83799905,-1.48378658,-0.74851239,-0.5439809,2.55021048,-0.38184866,b'1'
134,-5.73723173,-2.71558714,-1.68799996,-6.80169487,-1.22693515,3.63551569,-8.06489468,-4.7380619,-3.5524478,2.19450474,1.25323343,-2.25330234,3.01895022,-0.77881646,2.45100451,0.38248456,4.84521198,-2.04707479,-0.42316151,5.27782536,-3.94019508,0.22671986,1.9216361,1.12686825,-2.0981338,3.01582456,1.87986124,0.23229456,1.95814633,-0.26746112,-2.62294006,-1.40808511,2.14742064,2.02159286,-2.04795885,-0.0183945,-1.40246487,-1.07795739,-1.1331135,1.25244379,1.70896554,-0.83927625,0.59660304,-0.31338334,0.03627658,-0.19125646,-0.24663417,-2.04704976,-0.56199646,0.5088774,-2.11423492,-0.31952584,2.28946686,-2.90159273,-0.67124027,0.0644145,-0.31994343,0.32136852,-1.08329225,-0.20763677,-1.23653769,-0.29296139,2.2046876,0.91642612,b'1'
135,-6.79840612,-0.36164618,4.28733587,-7.09399652,0.21446788,-7.49725914,0.04047132,7.1768856,1.89794707,-6.46528339,-1.30542755,4.27580786,0.41812748,3.70356369,-2.59618378,0.36928475,-5.21924353,-0.16537482,-0.46069503,-0.51450717,2.45686841,0.53135777,3.38780975,2.46577597,0.64307082,2.13331246,2.6223278,-2.90091419,-0.71592999,2.66010666,-2.66828632,0.28365135,1.91442704,-1.50216699,2.13699389,-0.90065682,0.42575979,0.24320221,-0.74430048,-0.02443948,1.96378112,1.76425135,0.2772457,-0.64681929,-1.41040957,1.08869314,1.67771196,0.78315842,0.48508799,1.05588233,0.9502576,-1.9944427,0.36391759,-0.211712,-0.9801721,0.34515131,2.45554566,-1.6176877,-1.05693913,-0.08709961,0.37502682,1.93388295,1.65698564,-3.01513147,b'1'
136,-9.86974907,-5.1935811,6.85126638,-1.20129848,3.74366283,4.09240961,-0.88958502,-7.25615883,-0.55058813,2.66801858,-2.92087698,2.35732937,3.20601749,-1.73399031,-2.14980936,-1.41848874,2.95761037,-1.77349031,0.94568813,3.23982954,-4.55168772,2.84277964,0.86061919,1.01364255,-0.9452666,-0.43128058,2.92858934,-1.11891389,-0.09729624,-1.08160388,-2.71200562,0.53162789,-0.9161877,1.24679542,0.00989282,2.11396861,0.99745321,-1.87987447,-1.34376991,-2.31693792,-0.54475129,0.49400294,2.6492095,0.54399323,0.88043785,-1.10509777,-1.23638463,-2.21799684,1.00756598,0.36908305,1.57820106,-2.17266297,-2.84705424,-0.38677669,-0.41058868,0.36583173,-1.76476765,1.06068134,-0.22006857,-1.49934614,0.9123736,0.74214977,-0.46587211,-0.47952679,b'1'
137,-11.75997162,-3.84754872,0.14703038,0.29541495,2.62310123,5.29680729,-9.43490791,0.3349328,0.26951122,4.20738316,-2.59789896,2.54897714,-2.74995637,3.83936858,-0.99921894,0.41138911,0.18464935,-2.9967308,0.58672875,3.05855656,-2.45312047,2.30175972,3.15523124,0.28241634,1.67936814,0.22768632,1.27144694,-0.44101578,-1.74912024,0.28463542,-2.78210402,0.8058176,0.55439079,-0.91585499,0.14782715,-1.52556968,-1.0087322,-0.84761387,-0.27601993,-0.22251505,-0.47748655,-0.62262315,0.8567577,-1.25867999,-1.6043309,0.82011914,1.3743701,-0.38367772,0.58171535,-1.9069283,0.43146193,-0.44698775,0.73000288,0.20598507,0.31717789,-1.05237579,0.31215858,-0.78936952,-1.28063345,0.24044073,-0.84798867,-0.60447079,0.58832586,-2.30352116,b'1'
138,-8.08152008,-9.20368481,1.87712526,-2.91673017,2.24234056,1.26911104,-9.18001556,-4.85656738,2.81892371,-5.27869081,-1.74812126,-1.09588981,3.90546727,-0.32595056,-1.96704531,-2.14492273,1.70956349,1.18859959,1.01997268,2.51904964,-2.99419641,-0.83596319,0.32765394,0.57196593,-2.23515201,0.64934736,2.40130329,-0.65381241,-1.88541746,-1.0911864,0.14864981,1.70050907,-1.75144553,-0.16083902,-1.09776926,1.08152413,-1.59535384,-1.13452673,0.86595374,0.15086126,-0.81404436,0.1991438,1.50331175,0.67831177,-0.30635345,-0.46821254,-2.42225075,-1.30693293,-1.63036227,-0.31188518,-0.91870522,-1.5242219,2.14885497,0.44942123,2.61234212,1.87357354,-1.23352051,-0.94620097,-0.29556265,-0.17679387,1.01356328,0.28738147,0.10555202,0.84141874,b'1'
139,-6.8882699,-8.4806118,8.0753088,-2.43069744,3.03538513,5.19710159,-7.18581486,-8.23210907,-1.92925358,3.14476132,-1.16058755,0.24959087,1.17803121,1.23675513,0.96802282,3.77037787,-0.99461883,-0.73185062,0.19642901,3.61997318,-3.89263105,-0.10438025,3.23799014,-1.64397991,-2.38556814,1.22091186,1.37607431,-1.35531414,0.80012298,0.31531239,-2.13759851,-0.17099428,0.048624,0.09545457,-1.07995367,-0.96710455,-0.76933491,-1.78307629,1.32133663,-1.03392172,-1.16349995,-0.43623561,1.69392657,-1.25951505,1.34011745,0.84216231,0.45231485,-0.18996119,0.36966717,0.01378691,-0.42587638,-0.26444995,0.56160498,-0.86470366,-1.83430147,-0.5522691,-0.47325706,-1.46824157,0.45736986,2.43225431,-0.8529321,0.37715131,-0.01489043,-1.05074668,b'1'
140,-11.75415707,-9.41633797,6.37741852,-2.95061898,0.91668856,0.73760581,-4.72672462,-0.79613483,2.16842866,0.41999936,-4.18807793,1.32320404,-0.81183672,-0.3111203,-3.70621967,-1.31291246,-2.16815782,-0.39752662,2.3047781,1.67749,-1.83212483,0.82837248,-2.56072187,1.93155718,-0.40615365,-0.14382018,2.58431816,-2.20281124,-3.23731041,-0.60230112,-0.07927787,3.27509069,-2.28797221,1.19365311,-1.95870042,0.33568347,2.19231009,0.39768887,-0.29139018,-2.72678757,-1.68153977,0.35294563,1.98340559,-1.16850531,-0.01938438,-0.68004382,-0.75481945,-2.0010159,-1.77516794,0.54785049,-0.63196552,-0.89802933,0.58537567,-0.7441752,0.5404585,0.28627372,-0.67450809,-0.13005044,-1.06761837,-0.14008415,1.12155616,0.23385972,0.66189981,-0.36513552,b'1'
141,-9.58984947,-4.83544874,6.85057163,-1.30401433,2.12929249,2.64836407,-4.53473282,-4.82801151,1.35446835,-0.40128434,-2.63596344,2.11625504,2.1385088,-0.44932994,-2.3645978,-4.60255051,4.90530586,-0.29205787,-0.4589487,4.51543093,-3.96503592,0.88154876,1.8100307,1.77125216,0.72106504,0.27702373,3.6344223,-2.05263877,-1.7407732,-0.40698767,-1.78504956,0.59385896,-0.98002297,1.62536597,-0.3002708,1.3202647,0.91659451,0.34813702,0.02320969,-3.35903621,-1.39787245,-0.01201305,2.7065084,0.68262571,1.27805185,0.16626051,-1.75614679,-0.91523719,-1.02601898,0.25421166,1.61853778,-0.06868964,-1.63927531,0.4833855,0.30073553,-0.20929039,-0.71701336,2.15418673,-0.35131785,-0.85839111,0.07057808,1.13878751,-0.37909061,-0.39674592,b'1'
142,-7.55600405,0.29147863,0.93566889,0.27496776,1.82864487,6.63200283,-6.97234154,1.65452099,-2.46596003,-0.07882595,-1.33024836,7.25757027,-4.69648409,2.48901558,0.99977589,-1.38536334,3.52437186,0.82807529,2.14743853,3.27085304,-1.51148486,1.64611483,5.37265491,3.31088829,0.66678178,0.69512957,3.65224266,-3.49670744,-0.63708258,0.63960767,-1.17503846,0.51993418,-1.84597206,-0.93610317,0.61084354,-2.32026529,0.50515747,-1.91337466,-0.2010802,-0.05111995,0.81645024,-0.63771218,1.19202077,0.0552732,-1.48705137,-1.37232256,-0.25274557,-0.49212217,0.89703387,-0.25394249,-1.42329979,0.14449182,0.6021353,-0.43260586,2.25338674,-1.13389421,-0.50650454,0.52067769,0.60642225,-0.80971295,1.16913009,0.63795775,0.88468516,-1.01524282,b'1'
143,-14.77116299,-5.45933723,9.9241724,-1.0621922,3.04797316,6.49316025,-0.28713989,-0.04227006,-0.5290308,5.24530745,-0.30982971,0.72059035,-0.06008339,1.33693898,1.31810689,1.56961501,0.39186668,-0.07407492,-1.840271,2.79958963,-5.50668907,1.06379163,3.05152273,1.46060038,0.13618308,1.76245713,2.60376835,0.40373087,1.88951874,-0.66456628,-2.18513107,-0.48957896,1.03030896,0.89316744,0.83089143,1.50483143,1.1176517,1.87231731,-1.40076101,0.12112111,0.57755756,0.97145993,0.96822566,-1.1643908,-0.21004665,-0.72742391,0.03611349,-0.09792972,0.95840424,1.51200688,0.76996887,-0.21013778,-0.89533854,0.34287715,-0.38806778,0.04406834,0.03406835,0.54860181,0.34668511,-1.10833132,-1.29954791,1.05008483,0.58317101,-0.46441773,b'1'
144,-14.69758797,-8.28668213,8.85919762,-2.98629856,2.84333181,2.88267326,-2.99688005,-3.65407443,2.33802366,3.53705597,-0.92409968,-1.86522985,0.37151021,0.55934888,0.08551645,-0.03181362,-0.2985034,1.17444134,-3.15301657,-0.01348495,-3.18696976,0.3320173,2.720438,-0.72034097,-2.73015594,-1.59765339,3.73190641,1.34621263,-0.34002542,1.17372715,-2.38088799,-1.98580241,0.99173224,-0.05091006,-0.25454164,1.05283916,0.77819896,1.56981516,0.30974758,-3.45959234,-1.18993711,-1.56638575,-1.83587658,-0.23164304,0.97045767,2.01868963,-0.31570256,-0.52865124,-1.09896648,1.42268646,0.14689456,-0.60945249,-1.13783431,0.24370599,0.74424958,-0.93392944,-0.27955747,0.7435959,-0.74566126,0.41067648,-0.33598953,1.01687813,0.1585809,0.76719511,b'1'
145,-11.25466919,-7.8562007,3.74086833,-2.25471663,0.6724329,0.18928635,-4.04380894,3.03943539,4.45314503,-1.26530695,-5.16220427,-0.5362823,1.68719268,1.02077544,-3.38585663,-1.5809083,-2.95098209,0.33444345,2.49951029,1.14627147,-2.97880125,2.23739362,-2.00590706,2.97524118,1.26124883,-0.42629355,2.46750212,-3.54317999,-3.35606241,-0.46619898,-1.46504819,4.49524879,-2.26621056,-0.88916236,-1.45535159,0.01997417,1.49911928,0.37482685,0.05930817,-2.19548726,-0.40706021,1.76665795,1.34038961,-0.34270716,-0.07802415,-1.12244105,-0.15723746,-2.29506993,0.20755187,0.93728721,0.17051822,-0.59959841,1.98245919,0.00829148,1.33651185,0.26943529,-0.13143325,-1.50477612,-0.63124537,-0.48144996,2.20568728,0.79236013,-0.81664377,0.86486685,b'1'
146,-9.61638546,-6.28139114,9.79356289,-0.42943555,3.24270296,2.94547415,-2.45682669,-2.67004919,4.00341511,1.39112198,-3.79481936,1.89310825,2.25809765,-0.05841076,-0.53969049,-3.41596889,0.69887376,0.31981087,-1.69974172,4.636168,-1.91110134,1.63477671,-0.41835555,2.41891098,0.69083989,-0.16697384,3.55586624,-2.17380214,-0.37370443,-1.74974871,-0.41612756,1.63751173,-1.84342432,0.4228763,0.26283765,0.56954587,3.02260566,0.84012133,-1.2201618,-2.91697741,-1.71350765,-0.36467642,2.66894579,-0.00017814,1.24865377,-1.91585922,-0.46122885,-1.07975268,1.38812637,1.74767053,-0.56178838,-0.46771979,-1.65105557,-1.2511065,-0.12232107,1.35435534,-1.00781155,2.62009668,0.51612192,-0.34403187,0.9747954,1.40077186,-0.62628293,-0.82593548,b'1'
147,-7.97925329,-0.48295784,-0.72865397,4.9706893,1.42464268,1.78440142,-11.3425684,0.62426412,-0.29337597,-2.63876963,-3.92845106,2.53274536,1.79244137,1.4144311,-2.61816549,0.64917457,1.8674562,-1.29176676,-0.08013844,3.14259863,0.01864523,2.81238842,4.164361,1.28837729,-2.94556761,0.07815126,3.15181208,-0.27120382,1.50112081,0.24060774,0.04102683,1.03878021,-0.58462977,-1.54676247,1.76666844,-2.54336071,0.44113445,-1.60477376,-0.16883719,0.81532073,-0.02916706,-0.51790559,-1.13209844,0.16771708,1.61982477,1.67088389,-0.22710557,-1.26518416,1.47836041,-0.13391733,1.43559325,-0.29686332,1.11077785,-0.11140978,-1.018893,-2.24891806,1.30741978,-1.50617158,0.58652395,0.8460784,0.43441719,-0.00059474,-0.61479563,-1.92514539,b'1'
148,-9.23114204,-5.64189911,3.06988907,-3.56090164,3.80515909,3.93495893,-10.4627552,-6.79832935,-2.11612177,1.32380009,0.30293441,0.60901904,1.23106289,1.89726043,-0.04283094,1.9657886,1.84843278,-2.39914346,0.40963429,3.70849133,-2.69414043,-0.76090258,3.50660014,-1.62416601,-1.97451127,0.497603,2.08797503,0.76472664,2.11205459,0.16805267,-0.75331128,-1.79152167,1.53025842,0.87705112,-0.02327484,-0.25171271,-1.77639008,-1.48238921,0.88809794,0.03411376,1.67905617,0.25096464,-0.09784769,-0.25611186,0.7052418,1.04857087,1.94761336,-0.28942084,1.32102513,0.04668105,-1.88614106,-0.16436017,2.53454065,-0.93360662,0.16025871,-1.27669621,-1.56865025,-0.30730444,-0.31437394,-0.72456932,-0.47503048,-1.76631331,0.7553668,-1.77317441,b'1'
149,-11.71844292,-3.34925985,7.43528891,0.1451537,1.87160456,4.32004166,-0.55128288,-4.13529873,-1.20369911,7.14156914,0.68314075,3.4394927,-2.82463932,-0.32713196,1.66241598,-1.17158651,0.14590096,-0.91800761,-0.69809467,2.69296408,-6.61578274,1.21480989,4.37876844,2.56627464,-2.33912134,1.59481335,0.67931128,2.60470271,1.22263646,-1.45788217,-4.31766272,0.42111897,-1.59403396,-1.22666764,1.82438838,0.28247133,0.94192123,0.03780586,-2.57704639,0.06395674,-0.62453771,0.14148998,1.30221868,-1.58356547,2.76723361,0.01138294,-0.26091462,-0.07078528,0.03246269,0.62506831,0.80851579,-0.31463718,-0.33377028,0.494304,-1.59290886,1.44000936,-0.65485358,-1.32930291,-0.1571103,-0.43784964,-0.14648071,-0.22774543,-1.41472185,-0.13021424,b'1'
150,-10.22627163,-5.70165539,5.9227128,-0.94005346,3.13263369,1.64338148,-8.7700758,-1.91790962,3.77386999,-3.88559151,-1.79399204,1.94784856,2.27996397,0.84360504,-3.00591946,-5.51480293,3.40796065,-0.87425786,-0.31578568,2.57916832,-0.5029639,0.4877916,0.13391459,2.13147926,-0.15561664,-0.89295,1.97574103,-0.89664257,-1.78948689,0.28288066,0.10389543,0.51033711,-1.6754117,0.02830648,0.78982818,0.75154889,-0.60341918,0.43209463,0.26576281,-2.64843893,0.1155411,0.2876682,1.46575427,0.18539922,1.00766063,-0.41289285,-0.43045294,-1.10323477,-1.3802433,1.62172496,0.08773415,-1.89351487,1.78973174,-0.23678553,1.40458202,0.67454898,-1.63505411,-0.03780894,-1.00048852,0.34698522,0.15456514,1.20927,-0.17007065,-0.79100746,b'1'
151,-12.16326141,-12.68375969,6.13926268,-3.60180187,1.73964059,-0.25044632,-7.83654881,-4.39001274,0.24515343,-1.11729288,-1.29554367,0.70091224,-0.03461695,0.71725315,-0.6241374,4.05984497,-4.58497047,-0.19383234,-0.58239365,0.22211385,-0.67576301,0.83433545,2.03156734,-1.24006402,-1.3270669,0.41534179,0.72235072,-0.52953374,-0.65246534,0.4302727,-2.10278702,-0.02642703,1.43554926,-0.95925432,0.6705358,-0.7381289,-1.94081664,-0.13329178,0.90158856,-0.54685813,0.44850492,1.13431227,0.08608492,0.25945622,1.21419287,1.00620615,-0.5615204,-1.67493939,-1.78738284,1.19478238,-1.35467243,0.72114313,1.31096399,-1.02011991,-0.47661585,-1.03252554,0.73681116,1.66311085,0.53982538,1.34992087,0.23785816,0.24342459,0.60612881,1.09675634,b'1'
152,-7.12106943,-3.21703672,3.39069843,-3.04465413,2.08387995,4.97596502,-4.55143738,-9.86665154,-1.76237392,2.18133187,1.12709439,2.29528141,2.94464159,-0.26373777,0.78468704,-0.65100551,4.97469711,-2.66702414,1.51438415,6.24048042,-4.55676126,0.88052934,2.5876298,0.26899099,1.48587143,0.00591078,1.11468232,-1.03823543,0.66448402,-0.24476892,-3.73140097,-0.56831288,-0.51032799,0.68336046,-0.92011666,0.7373805,-0.47455072,-1.17226577,0.67880321,-2.11760807,1.27041292,1.58162594,2.84896827,0.16165228,-0.01228786,-0.19444306,-1.25812376,-1.96183944,-0.87089491,0.42374265,-0.12061109,-0.17862648,-0.21045399,-1.09473705,0.0208503,0.23758131,-0.57958078,0.33563286,0.8295185,-1.39638543,0.22389616,0.1739831,1.2036978,0.1552828,b'1'
153,-11.00228977,-9.44432068,7.62793398,-1.4913969,4.10272646,5.53746033,-4.37016487,-5.03400517,-1.51978683,4.22738647,-2.7970171,-0.35657668,0.20021033,1.52483535,-0.8053112,1.07897162,-1.4270308,0.60293531,-2.40229321,1.22977114,-6.55626678,0.04039133,1.38200498,0.39863229,-2.19762039,1.97116268,0.95383382,-0.97976148,0.4203136,-0.84421778,-1.92563927,-1.66381073,-0.18467538,0.10820401,0.57816267,0.60089982,0.00378752,0.85816622,-0.62962043,-0.51166165,0.15495384,1.12687242,1.62371445,-0.83300376,-0.76226616,-0.01385456,-0.92606258,0.04771447,0.05990788,-1.46819079,-0.10998918,-0.58966792,-1.19238186,1.3045752,-0.30613762,-0.35800299,-0.16354752,-0.56423748,0.23669839,-0.50920504,-0.30708492,0.8735171,1.01690209,-1.84621656,b'1'
154,-9.77255344,-7.49663162,6.22121716,-1.9304167,3.50268793,1.26400614,-6.33598614,-2.95493865,3.10665512,-2.33996439,-2.35394716,1.74997258,2.6277597,2.16367245,-2.13046646,-4.45158005,3.32846618,0.92154074,0.308815,2.96487856,-2.37338352,0.78239137,-0.67948318,3.19924641,1.26180971,-1.6182996,2.54536819,-1.51140499,-1.87842417,-0.46254802,-0.29313672,1.86452389,-2.58149862,0.97507,-0.19093513,0.62287354,-0.3084178,0.66124237,-0.49876726,-3.2508893,-1.41907108,-0.21246977,1.912817,-0.10843305,0.27897865,-1.11655641,-1.04578602,-0.89996719,-1.06154585,0.29499513,-0.25167483,-0.46256518,-0.50626707,0.90828919,0.87218523,-0.10351712,-2.59004211,0.55681419,-0.54432952,0.82683873,0.57673591,1.33054423,-1.32041144,0.14293879,b'1'
155,-9.03918171,-7.75787544,0.90037006,0.82688916,2.53793097,5.34489059,-11.08106327,-3.35798478,0.72865868,-0.37706366,1.87439203,-1.0129149,1.89727068,-1.53314102,-2.18557072,3.1422143,0.72609162,0.28444219,3.61629653,3.02723312,-1.15932703,-1.12653446,2.00440121,-1.91915286,1.40128863,0.1812354,1.00700903,-0.11502612,3.12865615,-0.65822202,0.41015422,0.59915757,0.60966027,-1.32516384,-0.0292443,-1.13226664,-3.62864113,-2.93851471,1.40925503,-1.09329426,2.45941734,0.15441081,-0.15018682,1.85406494,1.0734601,0.23512688,-0.87966764,-0.93846774,-1.11311388,1.10273969,-4.89716625,-0.42269039,0.90669405,-1.16367579,0.24732262,2.06866145,0.25228667,-2.03956485,-1.20954776,0.75822163,-0.32289234,0.51813805,-0.900783,0.33552715,b'1'
156,-6.72268438,-7.49276018,5.05872583,-1.98325455,1.90555656,4.65651226,-4.90713978,-8.80845737,-1.34601355,4.23032379,-1.81949234,0.93056464,2.22791433,0.67220151,0.95163488,-0.4316256,2.67886376,-0.64100641,1.1930114,5.8468256,-4.90777588,-0.57366306,-0.09620994,0.9043932,0.21943098,0.56241888,1.81285846,-0.91683525,0.47995281,-1.55902719,-2.88811779,-1.32448494,-1.03237891,2.07863569,-1.33503985,1.60629749,0.6805768,-1.47566581,-0.75575149,-2.13913155,-1.47092557,0.82159585,2.64395642,0.45199674,-1.88569415,-1.72053874,-1.11581266,-1.41692781,-1.14296925,-0.02304626,0.6271922,-0.42993367,-1.37133312,-0.43028355,0.04889435,1.13934195,-0.33185005,0.12016424,1.58406281,-0.00704956,0.53271383,0.52275515,0.3002131,0.78299284,b'1'
157,-10.86783218,-7.82262897,1.81531978,0.60415757,1.96296871,3.40449023,-11.10696411,-4.6384182,-0.82048225,0.7658366,-0.61617017,-0.89553857,2.0928328,-0.99181455,-2.24056244,2.96468878,1.10384893,-2.3971014,-0.13262118,2.97823906,-0.99049091,0.3731969,1.61630547,-1.57641101,-0.27737117,-0.55633032,1.47705579,0.75554645,1.78549385,0.60210395,-1.39225876,-0.39992476,-0.76698172,0.58515608,-0.24771428,-2.48766232,-1.39035082,-2.10293031,0.88056242,0.18409544,-0.10891783,-0.45123941,-0.79650182,0.34136683,0.18967068,0.64038461,-0.01354788,0.13349795,-2.23333597,-0.70110244,-2.3667872,0.71212089,0.95795286,-1.17252254,-0.7710318,0.44237721,0.78407502,-2.56289864,0.09837526,0.56978106,-0.56093055,-0.59830147,-0.45925853,1.30048442,b'1'
158,4.6227541,-4.61632872,-3.3298943,-1.00466025,-1.0766542,1.04661691,-7.76772881,-2.50287962,4.57692003,-3.83837843,5.03526163,-1.48502517,9.0371933,-2.45120645,1.63512206,8.83506012,0.0948807,5.91213703,0.49065906,3.44367456,0.36466008,-2.86907554,-1.18534672,3.93564463,-1.07192004,0.26669991,0.30781692,1.9588511,1.94264293,-2.07168198,0.88819528,0.63910413,-0.46559954,1.35602367,0.57338548,-1.56549084,-0.47203183,-2.0648272,0.45513654,-0.84109294,0.88877559,-0.19807766,0.11857338,2.63610387,1.74562776,-0.39697072,-0.13464712,0.75129008,0.28093448,1.7057637,-0.30768025,1.71748292,-0.90022492,0.33781624,-0.30995864,0.41135335,1.43345594,0.34520322,-0.15154079,-0.11395639,-0.34588921,0.96571344,-0.51579642,-0.86715519,b'1'
159,-6.895751,-1.90967858,3.19172621,0.34685746,4.42402983,4.0575242,-8.50607872,1.0857935,-3.52026987,-2.84874225,-2.94885731,4.65665531,-1.86961842,5.12883568,0.41972494,-0.24737763,1.53832698,-1.11215353,-3.98125267,2.28720188,-3.34178305,1.2084465,3.71881676,1.52753305,0.04793191,2.1842165,2.46198654,-1.43317068,1.51870894,2.86141157,-2.08563519,-0.686993,0.12568131,-1.68705845,0.73080093,-2.70311451,-0.37995863,-0.17709047,2.10883093,-0.57860893,1.45299101,0.97505021,0.44128913,0.32839459,-0.56387699,-0.8808974,0.08576286,0.69119918,1.5272162,-2.20060778,-2.51317096,-1.51614809,0.92054427,-0.51228178,-0.95862025,-0.04306203,-0.68749547,-1.82528949,0.29085279,-0.79672074,0.11930831,-0.82894748,1.55879605,-2.67815685,b'1'
160,-8.68676662,-0.61182785,-1.57502866,0.2715424,1.9286195,3.44141603,-5.57748699,0.60485566,-1.73934174,0.39096767,-0.25724101,7.0890522,-2.84546423,2.27468562,-0.31890965,-4.07023191,5.24323654,0.54059839,3.57891154,4.39154911,-2.24002934,0.25558847,5.15851974,4.82842588,1.76642048,1.07098699,1.16768074,-1.8647387,0.08200359,-0.45276019,-1.99792659,0.76411533,-1.00253475,0.04188824,0.52048844,-1.26777208,-1.63662207,-1.79804564,-0.13226247,0.09769177,1.07674479,-1.86727679,1.20791209,-1.87888217,1.7658987,0.13142434,0.80753219,-1.29671168,0.67539799,0.16105348,-0.3738364,-0.75998461,0.8582325,-0.53346682,1.41638756,-2.44121599,-1.25050497,1.39810336,0.62169057,-0.52528095,0.08621679,-0.45804432,1.88621342,-0.37893751,b'1'
161,-12.70460606,-5.77172184,7.38248825,-3.05906582,1.24452722,0.49321473,-5.71943951,2.5459156,3.53335047,-0.87826198,-1.94779205,0.31661606,-0.85901952,6.37632465,-1.98765373,0.37445486,-2.59644866,-0.56146753,-2.98387027,0.67177868,0.55978268,2.44768524,1.30740321,0.34875321,2.48444939,0.50319916,2.85982037,-4.00846958,-3.01851845,1.23404562,-0.55393803,2.9398694,1.39408648,0.26034701,0.45818126,-2.44493699,-0.14178371,0.98343468,1.824e-05,-1.71229255,-0.22384173,1.98780882,1.70472217,0.47284591,-0.31958485,-0.4204818,1.24399185,-0.30344081,1.61203909,-0.44590491,0.54586768,-0.13843203,1.70551395,-0.55938745,-0.62743908,-1.0374974,1.8398447,-1.18608904,0.75480527,-0.74309456,-0.33371729,-0.09776229,0.53712738,-1.58548772,b'1'
162,-8.52705002,-10.81772423,6.34152842,-5.80358553,-0.03167993,3.90749407,-8.09087467,-7.04195499,-0.40460062,1.68833137,0.20323086,1.52601552,0.78874379,3.50471711,-1.0888133,1.57209289,-1.83107889,0.70622921,1.42904222,1.3833797,-4.63410616,-1.6413784,0.17336962,-1.68633389,-1.58108449,0.3309989,1.81883752,-1.62578821,0.10156107,-1.96097755,-0.53223622,-1.24353671,1.89516902,-0.69218498,-0.58473432,0.47836614,-0.84744501,-1.24433446,0.89268631,0.38902438,0.72930431,-0.55894387,1.77083313,-0.80294925,0.07846189,1.51919758,-1.46497393,-2.23164821,-0.05644038,0.96104813,-3.17359209,-0.0612675,1.4965055,0.49411601,-0.40150756,0.38938069,-0.03897643,1.34796715,0.55931967,1.12743628,0.27021718,0.58588272,1.20191896,-0.99959171,b'1'
163,-11.83839321,-14.66909027,3.98562264,-0.38583899,1.12527215,-2.01061845,-4.14595604,-3.33492875,1.26846361,-3.00452852,-0.09690571,-1.08589005,0.48454916,-2.869555,-0.7210145,2.13861823,-3.68804026,1.38815618,-0.23322184,-0.09176373,1.52343106,-0.57953805,3.1340363,-0.83635092,-2.24026489,-1.53002501,1.71949589,1.03993845,-0.17548561,1.14518845,-2.77010918,3.14021683,-1.15421128,-2.22770214,0.57685804,-0.05827722,-0.74327326,2.49913359,-0.42028892,0.46952611,-3.28291249,0.12591147,-1.53072238,1.53103232,-0.41143179,-0.13124752,-0.21492083,-0.96685672,-1.73976254,-0.32582545,-0.18203683,1.22982502,-0.16495371,0.11654162,0.1762808,1.66969347,0.41414762,-1.46653712,-0.50220215,0.69729197,-0.50645357,0.73941571,-0.2041207,0.6695376,b'1'
164,-13.9348402,-11.76726913,5.24099064,-2.4639945,2.32794285,-0.2039417,-7.00232029,-0.79825234,1.20805216,0.12038267,-0.48213434,-3.36278081,0.469594,-1.65865541,-4.09871769,0.27592409,-3.17119026,0.04988253,0.68914592,-0.46529436,0.31637949,0.16460121,-0.01664183,-0.19793749,-1.55482483,-1.86492574,1.50591516,0.66004014,0.43892455,-0.16234547,-1.61078084,1.21243143,-2.11714888,0.72118747,1.55242085,-0.65122068,-2.27466202,-0.02145404,-0.39700711,-0.09306023,-1.34469175,0.65271002,0.72310972,0.2334633,0.99598312,-0.20260161,-0.29787773,0.12196422,-0.08816467,-0.33824843,-1.62750304,0.59898257,1.70179808,0.18272316,1.06878781,-1.21087718,0.60277128,0.45967764,-1.09165108,1.62631309,-0.43875575,0.11703974,1.8206228,1.11947262,b'1'
165,-11.75583076,-4.79222488,7.76438141,-2.80284619,3.31728888,2.77075505,-2.54712725,-3.39253211,2.7519753,0.49634874,-2.38478184,1.55864024,0.9125542,2.28940797,0.00203609,-3.68370485,2.60607314,0.30633414,-0.4857446,4.12608862,-4.06689119,2.2288034,1.1510036,5.15408325,1.3114512,0.36572036,3.78819323,-0.52317053,-0.87454462,-1.35521865,0.01117253,1.27342129,-1.30555665,0.87997973,0.5310024,2.35755825,1.37012482,0.92261368,0.13541353,-1.49061489,-1.13327467,0.42243659,2.04825473,0.39326519,-0.66422021,-1.68225324,-0.18510647,-1.23932481,-0.6389612,0.50892293,0.26611087,-0.36690235,-0.82715654,-1.07586122,0.23535669,-0.68559098,-1.2084868,3.16362047,-0.74916136,-0.78632271,1.64569342,1.24530697,0.41807294,1.04476261,b'1'
166,-5.90188694,0.02792573,-3.29423475,0.38444433,0.68352735,7.17770004,-2.94164944,-2.70569563,-3.52913427,3.29495549,-1.94421721,5.6263876,-0.9767592,1.28647852,-0.75747967,-1.79201269,2.24099326,-2.86199856,4.87377167,5.61077929,-2.81938028,3.81552577,4.15703058,2.26362705,2.64359379,-0.66674179,1.91937506,-1.30982494,-2.47962761,1.18876755,-2.01215458,0.25412297,0.00212566,-1.77788353,-0.43105483,-1.77332079,-1.13874876,-1.01216865,-1.88514626,0.45437151,0.35870039,-1.91672695,1.13168085,-1.78136313,-1.71450698,0.99581635,1.17837059,-1.34790564,-1.37260199,0.24517572,0.67063349,-1.68945336,0.49853444,-0.60887408,0.56607753,-0.06520951,1.09590864,1.45130742,-0.3903729,-0.77770686,0.55547541,-0.3895874,0.63443005,-2.0729785,b'1'
167,-9.92291164,-7.65202475,5.70647192,-2.01126337,2.40352535,5.04696941,-8.1643362,-6.86306763,-1.73136234,2.48386359,0.07779074,2.30672383,0.88231224,1.04842019,0.68191242,-0.15230322,1.9034245,0.32764006,1.96876168,3.64124012,-3.19834208,0.85248423,0.02937248,0.58710265,2.29952335,0.66854173,1.81220257,-1.4258163,-0.46823072,-0.9781816,-1.94226754,-0.22829199,-1.32111931,0.45276582,-0.26244402,1.04098475,-0.08246875,-0.93215865,-0.19369626,-0.84334457,0.22138858,0.73683429,2.67129874,-0.80320472,-1.20913041,-0.21823698,-0.99713731,-1.87237573,-1.46819615,0.13887262,-1.15505695,-0.92285979,0.37396121,-0.28054821,-0.47107941,0.30909169,-0.30930281,-0.16566502,1.10026741,-0.67848957,0.28475618,0.54223317,0.33095932,-1.45094419,b'1'
168,-6.6385169,-3.34862375,3.00663495,-1.31507123,3.59510803,4.62249947,-8.03086281,-3.64018655,-2.19860125,-1.72396374,-3.97908688,2.94220018,2.34579992,1.31018043,-2.90976429,-2.43498516,2.80410981,-3.42353082,3.04543972,4.08731222,-3.14709735,3.29551101,1.51100838,1.91603947,0.65048361,0.5000369,2.22193146,-2.90727043,-1.86387491,-0.56138313,-1.17180502,-0.05600691,-0.6529274,-0.96406847,-0.07510984,-0.78300679,-0.53048217,-2.27452207,0.717852,-1.22528434,-0.06321442,-1.0626508,2.1934576,0.14908175,-0.43062532,-0.02193448,-0.02402271,-1.55921721,-0.03209858,-0.20128107,0.5476293,-1.9537437,0.67313266,0.07698298,-0.40542608,0.17950547,-0.36449075,0.10882382,1.82958388,-0.13043839,-0.00318648,-0.16213393,0.15775818,-1.5166142,b'1'
169,-12.66470909,-7.01294231,1.22782826,2.22115874,0.96706641,1.05268455,-11.38290024,-1.1911025,1.25392962,-4.264534,-0.67309451,0.64369583,1.52696896,-0.15258873,-0.71861315,3.40791368,-1.22903061,0.46752131,-0.52003849,2.08581781,0.46916312,-0.19774193,0.50048637,1.00642633,-0.13197821,-1.64460778,2.05797863,-0.50074446,1.3048842,2.40694284,0.53560781,-1.08705032,-0.96804118,0.34149045,-0.12960672,-2.99552846,-1.08703947,-3.4190309,1.29428554,-1.03522229,1.46880937,-0.28460431,1.01781631,1.28136826,1.03624654,0.724114,-0.25855678,-0.747123,-0.85516053,1.00003505,-0.44693136,0.6525358,0.30187297,-0.8364439,-1.40868831,0.61737812,0.35945964,-3.1349318,-1.43017495,0.81984925,0.98830217,-0.75184107,-0.82343787,-0.05585422,b'1'
170,-8.40838051,-4.70518541,5.65635443,0.17343268,2.26338243,2.92097569,-2.68864298,-7.42781067,0.7765789,-1.27716184,-1.36691523,1.31704521,2.60358119,0.33329728,-1.05613804,-3.22096062,6.35876179,-0.10521573,-0.37495607,6.10207367,-4.27091074,0.31401968,3.08428812,2.88495827,1.10085869,-0.54507071,2.47495556,0.32325077,-0.67702293,0.05068648,-1.86485326,0.18303609,-1.01361537,0.50988609,-1.31140757,1.35231733,-0.88187587,0.04051191,0.85491771,-2.89725375,-0.96433747,0.73833853,2.73775315,1.12061942,-0.77964413,-1.35097539,-1.50062728,-0.14920163,-0.92913795,0.63413942,2.37056994,-0.66282117,-0.88010192,0.24909461,1.08970165,0.21654701,-0.18567157,2.32704115,0.07125133,-0.34399444,0.06740768,1.48461652,0.57546234,-0.96894264,b'1'
171,-11.81620502,-11.94455814,11.91008759,-2.24894643,2.54758596,1.43081796,0.82474923,-2.99774003,3.49095941,1.46627545,-1.9651947,0.76665187,0.90138638,0.1790939,-1.62176943,0.78658235,-5.38735485,1.61108184,-2.6344223,-1.73777246,-2.1230216,-0.8198728,-0.93347287,1.24905682,-3.24751759,0.57326311,1.79566705,-0.47016019,-1.38586712,0.16291642,0.8103168,1.19436908,-0.68515408,0.25453603,2.81563187,-1.42508531,-0.08776259,2.56812119,-0.92218149,0.50406265,-1.78472114,-1.42485917,0.21980907,-0.08136565,1.47291827,0.24626994,0.97582233,-0.83432508,0.07382783,1.41627228,1.20552576,1.73462892,-1.35235929,-0.80232024,-2.17005491,-1.15225494,-0.07954264,-1.50610399,-1.20152032,-0.34791034,-0.19127545,0.87103015,-0.86891747,0.86153239,b'1'
172,-0.23039341,-6.26190186,-3.63372517,-0.85066628,-3.65474987,0.13362432,-7.50011063,-3.93039536,5.20282698,3.27323675,4.48565388,1.6247375,9.35178757,-3.0081706,0.38574719,5.59907341,2.4216373,7.35210037,-0.64700371,0.27696776,-1.83177185,-2.4547286,-4.97030067,1.04885364,-1.73342586,1.36781275,0.96957028,-0.60952044,0.35059023,-2.34460258,1.37169564,2.08897161,-1.28871322,1.42896307,0.88427776,-2.51680946,-0.04437542,-2.17978573,-1.67208898,0.18032396,1.14624524,0.62282598,0.56226188,3.35181999,0.54347491,0.70856851,-1.7021457,-0.16238618,-0.95971149,0.8832444,-2.41866732,2.20178127,-1.03245831,1.05935907,-0.87782115,0.21894133,0.91714406,-1.57395089,-0.02839595,-0.42544287,0.83396441,0.95239919,-1.03526437,0.84238023,b'1'
173,-7.30855894,-11.43759727,5.5561223,1.89116287,0.77934802,0.24238324,-2.24009371,-2.2775557,3.05209017,-5.29973316,-0.50818348,-0.77950311,2.28759193,-4.66766071,-2.9716177,-0.56015992,1.71102548,5.51482582,0.27521151,2.20681,-1.08499455,-1.18715024,1.35199988,1.68588972,-2.56424642,-1.73790967,4.01390457,0.25467885,-1.74715471,0.27657223,-0.36912596,1.19367671,-3.32453752,-1.57212877,-0.52411819,1.21791816,-1.3384186,1.81836891,0.12677228,0.56040812,-1.705935,0.41577744,1.16545379,0.78119773,-1.13699234,0.23030561,-2.98277712,-1.44125438,-2.8873601,0.15737498,-0.12189023,-2.09196925,0.91378903,2.7027812,2.39299011,1.82738805,0.37850761,-0.18321382,-0.36598825,0.21675062,-0.79894346,1.96179557,-1.0692724,-0.29224017,b'1'
174,-9.47379112,-11.0965538,5.32623196,-4.16804266,0.60372114,0.27176768,-6.082654,-1.33043599,2.38101888,-0.95045364,-2.24532175,3.44580197,-1.46193743,4.44138288,-4.59301949,-2.47642279,-4.6635313,-1.80628252,-0.05711088,0.46104622,1.0148679,0.2354244,0.66345108,-1.15164983,-1.99865139,-0.79130214,-0.64563406,-4.01625681,-3.49850702,-1.08780289,-0.49912298,3.22981834,1.0462997,-0.76604158,1.0018239,-2.57305717,-0.04921412,0.03790432,1.25762796,-1.15386319,-1.1176827,1.14892137,0.07854751,-0.8777566,1.03672361,-0.62529796,-0.51087505,-1.48582435,1.87614799,0.63446307,-0.82787299,0.71630317,0.50231361,-0.79570603,1.31657493,-1.07939637,0.74282312,0.75899357,-0.50759351,-0.67169785,0.87606078,1.73665738,1.05591953,-1.61526489,b'1'
175,-11.33653927,-2.29826832,4.44235229,-2.96440434,1.73313606,7.11642361,-0.13007259,5.77584553,0.23886919,5.39691544,-1.44341755,4.32260799,2.14433122,5.81723547,0.66601682,1.57492924,-0.90338773,-2.72798061,-0.42370588,3.02273369,-4.68635702,1.75952005,4.75354004,0.97403026,1.62211215,0.24425319,5.30029106,-0.51605558,0.91155005,0.64748371,-3.38677788,-0.75309515,1.77255273,0.46236277,0.31117904,-2.70587182,1.95551753,1.54638028,-0.97062218,-1.33012044,1.04538631,0.96563029,-0.74096495,-2.98675323,0.08652723,2.16518641,0.09246381,-1.06341648,1.35571671,0.24495429,1.23340976,-2.28815532,-0.03971314,-0.9748373,-0.40622169,-0.5759896,0.41054296,0.72791272,-0.35407114,-1.47982299,-0.27931741,1.04339504,0.05825514,-2.34290934,b'1'
176,-10.71862411,-7.69926071,8.03595066,-1.82170272,1.91827476,0.98472905,-5.42464638,-2.85924411,2.93625212,-2.14479423,-3.25977755,2.63255477,1.12914824,2.31621957,-3.47878885,-3.27742052,-0.32251143,-0.27316129,-0.10373856,3.24116516,-1.68931675,0.60907125,-0.36772522,2.91508627,0.83094847,0.74344116,1.31710541,-2.42050433,-2.11937284,-0.93848443,-0.62079322,1.63218737,-3.12469697,-0.39805096,-0.69880128,-0.22330084,1.6609304,0.73998213,-1.40909469,-2.91842484,-1.54833913,0.81520557,3.20840096,-0.53080601,-0.09686232,-0.25617772,-0.62672764,-1.60122132,-0.90057075,0.14715421,-0.14892612,-0.92687917,0.63117576,-0.62934113,0.7639274,-0.44556132,-0.66577816,0.92816424,-0.0023303,-0.33623165,2.07942557,1.19379902,0.27973378,0.06657443,b'1'
177,-7.1898694,-3.26014638,-0.30298901,-0.22849202,2.44456625,5.59777164,-10.58433819,-3.03666186,-4.8870368,-1.11243725,-2.87984991,3.08041525,1.26542282,-0.0285226,0.66290331,1.15987897,3.08159804,-0.38359177,2.36327028,3.98151016,-3.58347583,2.28167868,0.62795234,1.70641088,1.90422404,0.15185769,0.81777108,-1.17613673,-0.85241175,0.75468743,0.60057354,1.37576294,-0.87882864,-0.84210128,1.3677026,-0.87978649,0.06427693,-1.19604421,0.00293577,-0.66325098,0.948874,-0.94246155,0.7851603,0.24353807,-0.73069346,-0.92311823,0.66669458,-0.5925746,-0.98680866,-0.33296978,-0.75369608,-0.6506362,2.58420157,-1.44233465,-0.22841543,0.99976444,-1.26130438,-0.60351282,-0.13646871,-0.91888744,0.39071631,-0.95230132,-0.00166428,-1.73350799,b'1'
178,-11.72477627,-3.81410527,5.56325102,-1.94550431,3.10252953,4.93321514,-6.68213844,1.83674276,0.42048073,1.94913769,-2.61926937,4.70241261,-0.76707137,0.87070739,1.09196901,-0.31894565,4.00696659,-0.31366003,2.15036964,2.85173464,-4.96589375,0.43752855,3.30815721,2.96833563,1.16502512,0.49442309,2.22670794,0.31592011,-0.56766653,2.2307663,-1.26120293,0.80978465,-2.25535464,-1.06805158,-0.39963543,1.29484236,1.47154236,-0.38732129,-2.13431025,-1.32332802,0.77144873,0.53850204,1.15376198,0.05905273,0.6982981,-0.70240366,0.02419262,-0.33511114,-0.05130352,0.29005486,-0.55700988,-1.28839135,0.75046074,-0.71046591,0.03149718,0.00830454,-0.34288883,0.84746885,0.38368905,-0.58321053,-0.15953736,-0.5670917,0.42218554,-0.91220963,b'1'
179,-7.72307634,-12.1508007,10.17988396,-1.09927344,3.49171114,2.8601191,0.70115209,-4.97386456,3.92304659,0.01677945,-0.61343002,1.53823638,1.42713356,-2.19507051,-1.98702908,-1.38206053,-2.14805484,4.91751957,-0.65496236,2.56903696,-2.08259773,-1.89713645,-0.31831989,1.32104826,-1.55477285,0.4417327,4.05384684,-0.89980978,-1.16552687,-1.10843801,-1.56759417,0.35177755,-1.40574431,-0.68910712,1.14929509,1.87363315,0.40604687,-0.41624242,-1.98427045,-2.34260917,-2.54188633,0.74041593,4.02726221,1.52091289,0.61041069,-3.13977385,-0.5228228,-0.4957819,-0.01073734,-0.22136641,1.06693792,-1.40257287,-0.05256486,-1.20337391,0.25277191,1.59547329,-0.65741491,-0.39958727,0.17717075,-0.71255207,-0.1713379,0.07702079,-1.46401668,0.46495432,b'1'
180,-7.71808767,-6.9145937,-0.33079624,-1.24949932,2.48180008,7.79724216,-8.8441,-3.96003604,-0.85473108,5.75048304,-3.65293121,0.77746201,-0.85074067,1.56552005,-0.72092485,0.70323527,-2.02804613,-3.58824587,2.36331129,2.34838009,-5.63564157,0.06935412,1.20723748,-0.64065909,-0.59762543,0.99592882,0.80307925,0.34206259,-0.11086607,-0.23185688,-1.10828674,0.4011538,0.90990865,0.30916846,-2.23216319,-1.05853188,-1.62204528,-2.42214108,-0.11993933,-1.6117357,0.39214563,1.04213083,1.04937196,-0.22396015,-0.63558865,-1.37906623,1.56027853,0.1362803,0.34995496,0.13123405,-0.57895821,-0.00623131,1.09046268,0.54056537,0.90798151,0.38089454,-0.36304927,-1.64145339,-0.43964356,0.35463595,-1.26249373,-0.67465007,-0.16824788,-2.12780428,b'1'
181,-8.12268925,-8.85033131,-1.04365206,0.19457826,-0.36181992,1.85639048,-10.17516041,-2.98926854,3.79412436,-0.90469563,-1.25990295,-0.15095878,2.59842157,-0.10080997,-3.05020189,-1.15743089,0.73016262,1.61551905,3.31594157,5.18596983,-1.14527524,-2.17310834,-2.26730299,-1.58024025,0.39159036,0.80409664,2.53912401,-1.78201365,-0.13472319,-1.40332747,0.29276741,0.61954427,-2.49645233,0.63930988,0.33091986,0.14889327,0.09995627,-1.48173904,1.95256281,-0.4747209,-0.32295418,0.3238779,2.06450176,1.85372853,0.68913543,2.56734276,-2.93957567,-0.58056903,-1.2503612,1.10952163,-2.72499537,0.09118813,-0.17419362,-1.34271216,-0.256262,1.67445183,-1.18783092,-0.15228768,1.30272317,1.06666648,-0.615448,-0.02353242,0.7767657,-0.28265974,b'1'
182,-7.3884244,-8.80840302,0.14570162,0.27991608,1.53414786,2.06990242,-11.59770584,-5.08952618,0.24096537,-2.16551781,-1.24556661,-2.18351436,3.63154173,-2.49999046,-0.96529293,2.5778234,1.68733287,1.04829812,-0.71495569,2.99126148,-1.83505034,-1.9199183,1.60386825,-0.94033182,-2.71676207,-0.21936637,0.95988035,0.17634106,3.37438869,0.46721566,-1.0373317,0.11094308,-1.74707556,-0.10059744,-1.48092055,-1.51559341,-3.41346979,-1.66865754,0.53844011,-0.61858821,0.22388196,0.00325705,0.95910239,1.91592479,1.44768214,-0.41831857,-0.90519679,-1.15908694,-0.74967772,1.24129725,-1.78766465,0.80157268,1.1558311,-0.5109247,0.37549239,0.17035013,0.12621927,-1.95656025,-0.55260134,1.39086258,-0.00042722,0.49039865,0.08876616,1.53066599,b'1'
183,-7.4763608,-12.22885036,2.32157898,-4.30646086,3.49440432,1.58946157,-8.40732765,-6.73737907,-0.05957127,-2.3940258,-0.50968933,1.81860065,2.19477654,0.30268696,1.10739946,2.84595346,1.17290878,1.05874324,1.91048455,2.31199265,-1.19313145,-0.72703701,-1.1775471,2.04921293,-1.07844079,-0.54838651,2.0872488,0.2003448,-0.36061001,-1.56526303,0.68763173,0.29860568,-0.32693464,-1.16102171,-1.89962411,-0.08139566,-2.12703276,-2.75657105,1.23603344,0.49018931,0.76110148,0.40782058,0.36250335,0.85147029,0.53229964,-1.41432106,-0.84412587,-0.27481294,-1.20705843,2.47324562,-1.68206596,0.16417268,1.15719342,0.75138557,-0.04518044,-0.4564752,-0.35843325,-0.73900688,1.57874584,0.73791575,0.32144761,-0.94433385,0.28373492,2.00744486,b'1'
184,-5.8281374,-2.9392283,-3.7654109,-2.79317164,1.52520621,6.99698162,-11.72773361,-3.79858899,-3.49265718,3.15980721,-0.297997,1.12251115,1.35322547,1.16039097,-2.05444336,3.16146898,0.88432908,-3.96149611,0.86984444,3.35738945,-1.59554887,0.72932374,1.76180947,-1.24140775,-0.51452148,0.71433496,0.691239,1.22526479,0.4399159,0.72281492,-0.33909833,-0.55425978,-0.37083375,-0.28173929,0.38162202,-1.46746218,-1.74443913,-0.10300463,-0.23791063,-1.96949124,0.97251463,-0.657188,-0.71715081,0.64801556,0.1180588,-1.49544692,1.36633468,1.22732759,-0.56138277,-1.15055919,-0.56981617,-1.59390354,2.68915725,-1.60612106,1.52987051,0.56420791,-2.29215908,-1.61617506,-0.53534496,-0.08399272,-2.28203607,-1.00545514,-0.48712105,-0.56644446,b'1'
185,-11.84233379,-0.57252765,4.26767015,1.38032687,1.64090407,4.92156029,-8.8377533,-1.9762156,-1.4975853,-4.14708519,0.32593751,2.34935617,0.80415016,1.53654516,2.86480165,0.91328669,3.42560744,-0.44124544,-2.41036677,1.12883496,-3.66650605,1.33096731,3.34929419,2.2534647,0.64036644,0.01781332,2.08780098,2.18195367,1.20857239,2.11459732,-2.57356501,-2.63022232,0.5859037,-1.54446864,-0.77303565,-2.11109138,-0.84543133,-0.40486568,-0.78252041,0.10212344,2.57639384,-1.28275049,1.06786001,-0.82666248,0.18554568,0.88231874,0.13604978,-0.99703956,0.43577141,1.46371758,-2.55292988,0.53374237,0.07576013,-1.95559359,0.01728201,0.60077977,0.00027966,-3.6800921,0.14427191,0.15535474,-0.28699264,-0.67680347,1.37331045,-2.3582716,b'1'
186,-12.48376179,-5.98475075,7.04730034,-2.57766438,3.52049875,6.4198122,-6.27351093,-4.93690681,-1.72504139,0.21625042,-1.15949631,1.82977629,1.56038082,3.41781664,-0.7311101,1.11363959,-0.64010894,-2.45189667,-2.3223393,2.55814457,-2.16518259,1.5590384,3.88906741,0.03719449,-0.5735411,0.71986735,1.10922515,-1.71044087,1.24073792,1.44539893,-0.78860509,-0.07969785,2.32592416,1.15698576,0.60478824,-1.4074645,-0.44869208,-0.1887849,-0.67015254,-1.19581413,-0.63491929,1.09335124,0.03572215,0.89228541,-0.10519814,0.43283868,1.06298351,-0.54891181,0.83887643,-0.10235745,-1.21948338,-0.88657451,0.5881052,-0.15493786,0.25499231,-0.431077,1.87752032,-1.21786833,0.73228675,-0.35970634,-0.67814755,-0.61645919,1.06156385,-2.23609805,b'1'
187,-7.12314606,-8.35898209,4.44844294,-3.30563784,1.9368633,2.33538771,-7.85738182,-5.34445286,1.13669825,-1.17348289,-2.58326578,1.89344418,2.94924617,3.67380309,-2.23332644,-3.68743181,2.32460189,-0.61091393,0.61865306,2.9111743,-4.14215517,-0.91370243,-1.27151322,1.52640533,0.45976567,1.12889421,1.584396,-1.6941371,-2.59416246,-2.54736924,-0.99869049,1.36452961,-0.84610635,1.11893547,0.15168321,-0.71865821,0.37947798,-0.70145828,0.87227917,-2.43679523,-0.66174322,0.21942145,2.92962503,0.59422499,-0.85500348,0.53727937,-1.41040421,-1.34118271,1.12871027,0.06989312,-0.13777201,0.32633477,0.34812284,-0.40914583,1.63677239,-0.35154322,-1.62765789,0.63713342,1.04322195,-0.75913608,0.10800497,1.01512098,0.81955278,-1.15238965,b'1'
188,-9.11826897,-8.99986839,4.17337608,-2.00234318,2.48383522,4.40480328,-7.6525383,-6.79843903,-0.94420242,0.71522379,-2.85108614,1.16612625,1.07273531,1.47752047,1.46996999,1.44827938,1.03194642,1.28887773,0.61941445,3.83998489,-4.8713088,0.31994289,-0.32055756,2.0447917,1.14046204,0.65351945,0.89041543,-1.09051597,-1.43855906,-0.47649276,-1.10351455,0.21245313,-1.807639,-1.29810119,-2.13651299,1.23032653,-0.34294486,-1.73070264,-0.84419692,-1.81682479,-0.02381229,0.49082404,1.98924899,0.36445862,-1.24999487,-0.85705554,-0.47957832,-0.87030578,-1.70851064,0.08016121,-0.3362546,-0.09273535,0.50387692,-0.25766575,0.15368718,-0.20376694,-0.0989871,-0.25662416,0.86250526,0.40322113,0.95069307,-0.46149379,0.9163245,0.44716758,b'1'
189,-9.24711609,2.68816376,-0.70584661,-4.1086278,1.65011466,5.29635239,-6.81488419,-2.52162409,-4.24535799,0.41725516,-4.80379677,3.56403184,0.26945168,-0.25730765,1.96477652,0.8564831,1.52607846,0.20139945,0.96771216,-0.08428383,-3.91024256,3.98637843,7.21630049,0.00667953,-1.06635189,-0.34783983,1.42670214,-0.38378924,2.09756017,0.53231418,-0.21946013,-1.14180231,1.44597733,0.36222667,-0.1649667,-1.94440806,1.13256741,-1.79573488,-2.29405499,0.20086247,2.65906787,-1.19605029,0.304241,-0.1023062,-0.26422286,-0.14517812,0.01024751,-1.30305219,0.8722319,-0.73556697,-0.36273754,0.85335106,1.00494528,-2.06604815,-1.48867869,0.75287604,-1.35046673,-0.24387674,0.20840031,0.40953887,-1.59082544,-0.59294546,-0.23742491,0.47118369,b'1'
190,-8.99054527,0.36344123,-0.91359109,-2.32467198,1.85773003,3.3475771,-2.60068178,-2.31236529,-1.71033335,1.88197732,-1.27581024,5.46791363,-3.1999526,-0.1339108,0.35532379,-2.5284214,4.21869087,-1.98492575,5.42895222,4.56198502,-5.43228006,0.88818449,6.20638466,4.46846056,-0.94405913,0.6437766,-0.00981042,-0.47536486,-0.89260101,-0.06678653,-1.82134449,1.87979889,-1.70701814,-1.25560498,0.96586829,-0.67082405,-2.02203178,-2.23280692,0.00715661,-0.40053526,0.49522722,-0.84982437,2.17348695,-0.91050059,2.29570866,-0.85668683,1.26570046,-2.01921964,1.37104464,-0.65222514,0.19565187,-0.31841743,-0.23618722,0.8049041,0.66191912,-0.33894014,-1.14075971,1.05941367,1.35379791,-0.68452054,-0.10458048,0.14410186,1.29887235,0.20345503,b'1'
191,-13.34312725,-4.15671158,7.98741961,-2.22709489,3.00920248,4.83375263,-5.48773193,-2.8041029,-0.08797455,2.23256564,-1.11494327,3.03913951,0.01155996,4.0159111,-0.73335314,1.33176637,0.0474,-2.47266483,-2.63007855,4.0532403,-2.77349329,2.6145792,4.66857862,0.68390656,0.76924098,0.4170278,2.78596926,-0.8290261,0.49153066,0.02019978,-2.21305895,-0.27333689,1.57688618,0.96561104,1.2039212,-2.07966661,1.08078384,-0.09745401,0.17248261,-1.23094785,-0.85999501,-0.0889696,0.50533926,0.43340975,1.28156137,1.00179017,-0.84339595,0.12798333,0.4502064,0.65315306,0.57265258,-0.4975028,-0.16621494,-0.26635861,-0.44168788,-0.39044794,0.63348603,-0.96998298,-0.77168381,-0.71521354,-0.10796407,-0.21864112,0.79449141,-1.40089524,b'1'
192,-14.67211151,-9.83549309,7.12834263,-2.22825956,3.1077528,2.32727385,-6.51374912,-1.63283706,1.20782781,-2.34404159,-2.16950369,0.32685614,2.02315378,2.16231775,1.2202363,1.09632421,-1.48559594,-0.25656444,-3.70673561,-1.58111882,-2.50608158,0.15125436,1.90739393,-0.39374495,-0.88562238,-1.36073136,1.96612537,-0.55539244,-1.08489895,1.20382154,-0.86730349,0.01257133,-0.12560436,-1.97551346,1.6592555,-1.00430858,-0.41012359,0.25250006,-0.722633,-1.76079535,1.01455188,1.09722114,0.53297299,1.32618773,-0.53703606,0.41066498,-0.87232709,-1.72134471,-0.42208239,0.99479437,-0.62057352,-0.45210767,0.68605328,-1.363801,-0.68719321,0.01478279,-0.20688391,-0.02534284,0.20595723,0.62719882,-1.2567414,0.51453662,1.69577587,0.84514266,b'1'
193,-8.08537292,1.31768894,-0.64805263,0.10485879,0.72993433,2.28718686,-5.26001072,1.19368422,-1.84849167,-1.63342059,-1.16981173,5.80775023,-3.5092411,3.59074879,-1.04084921,-2.95804787,4.66354179,-1.64617527,1.19516218,4.61010838,-1.96092653,3.26243567,3.10019064,5.48881626,2.21407986,-0.36779854,5.08799505,-1.15990782,-0.93134975,-0.71010721,-1.77751815,-0.57667947,1.34668708,-0.73202556,-1.41955256,-1.5428896,-1.54105687,-1.92235231,0.76669806,1.84765863,1.44235992,-0.45184046,0.75820208,-2.4861846,1.08778059,0.10783449,0.38619232,-0.73343015,-0.46131313,-0.62674671,0.13664457,-0.54919124,0.17980552,-0.37415004,0.97874755,1.02347553,-1.06447077,1.61499333,0.72417158,-0.50779372,-0.26206553,0.48483765,0.98634839,-0.42031547,b'1'
194,-8.87492657,-7.41228628,1.59095335,-1.46820354,2.71485806,-1.40195513,-7.48874187,-3.7724669,3.43246675,-4.18769264,-2.48649597,-1.03633571,3.01832747,-0.81738704,-0.65514088,-3.63873863,3.10884213,2.77580166,0.4676367,4.1326499,-0.69035542,-1.29640436,0.20968002,2.07869673,-1.60064256,-1.62591076,2.84579802,0.05252051,-1.05893564,1.11234105,0.75107563,0.10147047,-2.78428411,-1.00481558,0.165748,2.64226556,-1.8737638,-0.05957192,1.00894535,-1.54009867,-2.87458897,0.78401303,1.43331325,1.45267129,-0.22333682,0.29940867,-1.79243124,-1.12861562,-2.45380402,0.38974309,0.11364622,-1.00310373,2.1261487,0.31325448,0.64080364,0.62892044,-2.33763313,-0.41349328,-0.11460015,1.55678093,0.62934828,1.47506356,-1.06862319,0.28132468,b'1'
195,-9.18450832,-9.5130825,2.65079713,-2.15901756,5.02307796,2.14222407,-8.41279984,-6.20768261,-0.50878429,-1.89068997,-0.43184423,-2.86186433,4.53939533,0.05490852,-1.71227121,-0.72127247,1.56225443,-1.87164581,-1.81508982,2.06277561,-0.88168669,-1.10970259,1.24507892,1.02668262,-2.3526485,-0.86700422,1.28058541,0.30154872,0.46311545,-0.30405378,-1.71821964,-1.86523914,-1.43094409,-0.02655452,0.24673653,-0.32574531,-3.06124449,-1.41294956,0.43898201,-2.06968784,-0.4113372,-1.00123405,0.51623029,1.76231217,-0.59102261,-1.01349604,-0.31990081,-0.53425622,-0.94351947,0.15603662,-0.54751301,-0.49454236,1.47487688,-0.92773604,0.5930897,-0.7409755,0.31006837,-1.62276924,1.13584137,1.32081854,-1.10304964,-0.48754656,-0.06527507,1.29046309,b'1'
196,-13.90912437,-7.46578789,8.66246319,-2.93380165,4.00285959,2.28569055,-4.19765949,-2.62645507,1.60416937,3.86523533,-2.57416391,-0.10123253,0.87542903,0.99830294,-1.81948042,1.44010198,1.17923403,-1.57079434,-2.21436429,0.94655871,-3.33348298,0.68994927,2.8152945,1.84611416,-1.53723264,-1.61445045,2.71899557,2.27685189,0.02673531,0.07774925,-1.46993959,-0.38371706,0.67717063,0.99280691,1.16461062,-0.27993718,0.0078671,1.9583869,-1.76475322,-2.3549161,-0.75077593,-0.41430336,-0.19075646,-0.16994038,1.7611264,0.02835165,-0.62931401,0.34049249,-1.27886772,0.78297949,0.2160971,-0.71614957,0.3907249,-0.61984801,-0.18591636,-1.70427561,0.13236213,1.58844602,0.08976561,1.31526172,0.80718249,0.23257691,0.91954827,0.60469639,b'1'
197,-8.61410904,-5.07074738,2.87344003,-0.06269732,1.06901205,5.29935169,-5.54715252,-4.31046581,-0.10259438,0.19223744,-3.4149456,2.69652319,0.36493945,5.53084755,-1.9231019,-3.27861404,1.92243028,-1.09662437,0.84141326,4.61953926,-4.48147917,2.15566635,1.40551949,3.46535635,1.83481801,0.55829197,1.01517284,-3.62988496,-2.02904844,-0.85608202,-2.15527582,-0.14778972,0.747944,1.38908672,-1.82663465,-0.9957211,1.3640852,-0.51173359,0.69097817,-1.49189544,-1.39650369,0.79512429,2.19440174,0.26135749,-1.48219073,-0.91032887,0.32815492,-1.83851457,0.28163981,0.43779039,-0.17791845,-0.5227716,-1.00391078,-0.16252398,-0.03568274,-0.54058725,1.18292749,0.65948039,0.20637798,-1.39257336,1.08468747,0.92017192,-0.6568718,-0.96475196,b'1'
198,-12.69904709,-9.71698952,3.98239565,-4.61202765,1.75721729,-1.46997499,-9.09221458,-1.34348369,1.33018136,-3.75839043,-0.5220027,2.04250932,-0.39752793,3.07141638,-2.69944811,0.06344473,-5.60300112,-1.11910701,-2.29702711,-1.10214472,-0.61928844,-0.58252436,1.99886382,-0.51217747,-1.53400302,1.17692983,-0.88799864,-1.01474833,-1.43976164,-0.4148553,1.18756616,-0.02610493,0.60142905,-0.56726307,1.22242141,-1.4413029,-3.12404919,0.04251873,-0.63364327,0.4947356,0.75523949,1.24822879,0.40490624,0.77333999,0.28234929,-0.05196163,0.30203032,-2.70244479,-0.45369396,0.63431025,0.36418915,-0.46752858,1.50246,-2.93301249,-0.07879728,0.2084282,-1.07762551,-1.13533676,0.04171461,0.05917013,0.4950006,-0.38661793,0.27599049,0.35083938,b'1'
199,-8.67600441,-6.91552067,-0.80802983,1.28886449,2.22232676,2.84513903,-11.39561939,-2.24655795,2.91149354,1.20114625,-1.30328751,2.02843618,0.69191194,-0.25250411,-0.87839603,0.86021304,3.23105264,1.3892951,4.03742599,4.57133532,-1.49701917,-1.67967081,-0.01309478,-0.50206399,0.74983156,0.80710846,1.71350682,1.04498649,0.27393579,-1.05105531,0.95721304,2.30885887,-2.21126199,0.21342164,2.41795993,-0.19226202,-1.76219356,-1.91144133,1.15863299,-1.42179835,0.27972782,-0.16680573,1.70112956,1.43692899,1.82499528,0.21245804,-1.7453059,-1.18511534,-0.65416747,1.00189412,-2.37944627,-0.17096967,-0.13024879,-1.26370358,0.9049207,0.75436509,-1.99742937,-2.02934623,1.57443452,0.75579309,-0.18421029,0.14880317,0.63339746,-0.77679026,b'1'
200,9.92053509,6.70278931,1.16192698,-3.6761086,4.68546295,0.10748136,-2.72199202,4.32762146,10.02408886,-2.51994896,2.35985208,6.12440586,1.78854346,-7.43067789,-1.35620117,1.48809123,2.2528522,2.82396293,0.13968551,0.58741713,2.70619202,-0.71202189,-2.90375543,-3.2737639,1.60031617,4.08156252,0.81802475,2.98419213,1.83554721,-0.75780869,1.14843023,3.46663189,0.30342686,0.72275251,1.66782176,0.7188133,-0.64497602,0.32382691,0.41018617,-1.81906378,1.12914491,-1.00926006,0.1019977,2.85685301,0.09428644,-2.81546354,0.69272953,0.07733154,-0.55610842,-0.10012233,-1.05457699,2.11618137,0.31882048,-0.57873333,-0.85961884,0.17903292,0.10390544,-1.12187755,0.46757346,-0.75264412,-1.77057505,0.74445277,0.44072747,-0.57359046,b'2'
201,10.83749104,3.54546404,-5.8357687,5.38835287,3.94759464,2.10192728,-4.0717802,2.31593609,-2.95072603,0.66528356,-2.35579729,1.18271399,0.40844536,-7.50123596,0.43321037,1.86075914,-2.35286641,0.48775196,-1.41678679,-0.92046773,5.25934696,-0.22463197,-0.854918,0.94591856,-0.74686021,0.88037205,2.58620739,-0.93658584,0.75444627,-1.48487151,-1.07190287,0.49195623,1.71551514,1.73320699,-0.49395084,-1.21932244,1.61558461,0.2227636,-0.2904253,0.32894874,-2.65688968,-1.08992386,1.9893682,0.99452132,-0.23336148,-0.09832215,-0.24307664,1.22737539,-0.94624776,0.30823231,-1.14842272,1.67127728,-0.00204062,0.59812981,0.51875448,0.42476237,1.84871161,-1.73374307,0.80038065,-0.1755842,-0.6316278,-1.30477595,0.31600547,-0.62956113,b'2'
202,5.29757977,5.29533005,1.03530562,0.4619855,4.29920721,-5.5200901,-2.22288275,1.66047609,17.04901505,-1.09275937,0.90534794,4.31828928,4.16157341,-7.73842001,2.54388475,0.55789781,2.20187163,1.22478366,5.52256584,-0.83776927,0.87308604,-4.54786205,-2.08744526,1.75160456,-0.00355625,1.40741611,0.61122954,2.34018588,2.02851963,0.14330292,0.38794065,1.5198226,3.3728416,-0.36856657,0.80289578,1.41107988,-1.07255554,1.84312034,1.43680024,0.27507758,0.14794266,-1.46400332,-0.4734686,2.60213661,-0.18807089,-0.56867069,0.35905802,-0.05401158,-0.8091976,0.03454131,-0.73889714,1.03116262,1.47202575,-0.38356566,0.25627464,0.28359962,-0.70563364,0.66625571,-0.14686266,-0.25885189,0.49214035,-1.81111717,0.01385015,0.4521077,b'2'
203,4.71163893,2.99265146,-8.13446426,5.3040309,10.57326603,5.85810947,-0.14569998,-4.10700798,6.17499352,-1.70344806,-0.67606616,-0.27317548,6.21765423,-4.58888435,0.11699986,4.99076653,-0.80440283,2.39938021,0.94548583,-0.11291218,1.44993925,3.02536702,-1.63986504,4.05120659,-1.20223725,-0.85185581,-1.19468558,-0.29296547,0.10514188,-2.45479584,0.51630795,-0.58605003,-0.60427594,-0.06747681,-1.28364682,-1.49244165,0.88288522,0.64611053,-2.59893751,1.12266636,-1.0059756,-0.29573977,1.43330836,-1.51628041,0.41099203,1.60611677,0.45305049,-0.31219602,-0.08636662,-0.95668101,1.89896739,0.36131597,-0.31900954,1.00527465,-0.79948503,-1.31255615,1.04994011,1.17580569,-2.01668239,-2.65661001,0.4433009,-1.188416,-1.48405576,0.74653524,b'2'
204,2.54743433,-7.43921041,2.88927722,13.9489994,8.802742,5.84399414,3.59279609,5.73076725,7.21571302,-1.05132413,0.79211497,4.03562403,1.91847968,0.97791266,-0.3133502,1.71868825,-0.37004006,2.3552177,2.90765738,-3.32655954,-1.55136538,-0.74613506,-3.8571372,-0.34076285,2.78106117,-3.97379661,-2.18556166,2.48582864,-2.55821228,-1.20952654,-1.12072814,3.56992006,0.02644724,-1.13808823,1.59942293,-3.00758171,-1.51951337,0.97780901,0.38407564,0.64152849,1.76330376,-1.18380892,-1.50005054,1.92942297,0.07939672,-0.53193629,-0.6988492,0.03847241,1.42469835,1.49182403,-1.03073967,-1.40427232,0.20943141,0.3260746,1.18527496,1.4555335,0.76100779,0.4935813,-0.06133735,-1.14112425,-1.2882297,0.22385895,0.98189199,0.41451961,b'2'
205,-3.61245489,4.18453646,-6.8438735,-6.78325319,4.89375877,-0.01538491,8.31202221,-2.42372513,1.14180875,-6.71122885,0.76837349,6.21299601,-0.17585063,0.60146332,3.84775734,-4.87521982,1.85486269,6.65396404,-1.85251629,-3.94102311,2.5933764,0.46677491,-2.35976529,0.45998764,0.05623519,-6.99017429,-1.1374042,-1.7057116,-0.75548315,2.57798481,1.83078098,0.22171259,-0.25874251,0.01897991,-1.55069065,2.74881172,1.64194512,2.23095298,-1.45268905,-0.42124611,-0.61584485,0.59584713,-1.21449018,0.27245939,-2.77026558,0.25024974,0.94154382,-0.39840627,2.38541436,0.87307549,1.46419108,0.44990844,-1.12431693,-1.84533477,0.43472275,-0.17012644,0.83793032,1.37487996,-1.67011499,-0.30361873,-0.36468786,-0.28038317,0.59305906,0.98690456,b'2'
206,-4.35978699,-9.79081726,-2.81821322,11.10414791,5.87873411,1.97410929,-1.90409899,6.76705074,1.66416073,0.95780444,-2.83071899,8.25202084,2.04063392,-3.37380075,0.07847643,1.54620349,0.40503669,5.53522015,-3.39036345,-1.12830472,1.10568714,-2.96063328,0.85919321,-0.66692305,0.67976284,-1.80761027,1.21634936,1.67293096,0.6391499,-0.50296307,0.57305884,4.63362217,-0.95963597,-1.43378496,1.45601225,-0.68273091,-1.02680874,-1.65438795,-0.40515244,1.91392851,0.28666174,-2.20021152,-1.50728309,-0.07827763,-1.72861898,-1.00911999,0.85528004,-0.82098818,-1.45645022,-0.15652615,0.02672993,-0.86267567,-1.33519793,0.04559648,0.60405219,0.68622589,-0.07215762,-0.92018604,1.39120531,1.27676857,-1.26241183,-0.43262509,2.51787996,0.15095341,b'2'
207,1.73296845,5.25946808,-9.91044426,3.56826997,8.43594837,4.95946789,-4.43097115,-2.07604837,-0.53734207,-2.52044702,0.3419416,2.51599026,1.50505972,-0.93001169,-0.52044868,2.88378811,2.45726514,-0.56509793,-0.21132854,-0.80946624,1.62593758,-1.31993437,1.89372909,1.60627842,1.8956219,-3.95691943,1.55558574,1.04445243,-1.8501997,0.56641686,1.07573831,-2.02921939,-2.06164217,-1.1088357,-0.87334037,2.18622041,1.13422871,0.92317569,-0.69846165,0.41109401,-2.70968723,0.75810027,-0.04855154,-3.14877343,-0.96795285,-0.27277696,-0.28322071,-0.65590835,0.26809379,-0.76420426,0.18966307,-2.04349422,-0.35298729,1.07275701,2.32051134,2.28545523,-0.02210021,1.46561944,-0.49234372,0.48596108,1.48631048,0.16127008,-1.20529079,-0.16898865,b'2'
208,5.57041836,6.81715012,-6.18183184,6.40227842,4.46290159,5.62502575,-6.65384483,-1.81077933,1.21923876,-4.30183554,-0.73806357,1.66605282,2.50304341,-0.7786845,-2.11946964,4.37100887,-2.25860357,1.00320768,2.18633795,-1.5185976,1.15375495,2.85369158,0.83772719,3.87556124,-0.53652036,-1.41186917,1.17382348,-0.36695403,1.38628793,-1.38403285,0.64138877,-0.40780687,-0.33053976,-2.82905889,-2.29601574,-0.08426186,1.38642406,0.81371719,-1.10429776,0.83441913,-2.23301935,-0.03533931,1.07468283,-0.12231627,0.39654136,-0.63215166,-0.43578684,-1.15208602,-1.02743864,0.30189723,1.00327408,-1.61211395,1.68457747,1.19516444,1.08297908,0.68075323,-2.1360569,1.18650711,-0.35545599,-1.69764686,1.01111889,0.31673288,-0.15406662,0.51965094,b'2'
209,-1.97461319,12.39526463,-6.25018549,0.01778093,1.86330068,3.68823147,-0.86351871,-1.99677038,-3.67513418,-6.37854528,1.94988155,5.70671511,-2.15294909,-0.78959084,4.31528568,2.2260797,-0.12271023,-0.38982564,-1.04983258,0.59664536,-1.23959243,2.46366382,2.48323965,-0.61754322,1.40929902,-2.42077303,1.20385945,-0.56976771,-0.48203659,2.28425312,-1.51867354,2.02931786,-0.46958292,-2.18285489,0.5376308,-0.43152484,0.43738604,2.09899282,-1.10816419,0.03237802,0.71778476,0.06386064,0.09763496,-3.37743497,-1.88512099,1.85715103,0.34454983,0.00731993,2.25179601,-0.35361481,1.40526438,-0.52183628,-0.21025491,1.07374442,-0.73256224,-1.21730161,0.21423459,0.13350551,1.81268239,-0.19129032,-1.83731925,0.33447111,-0.23636359,-0.49881098,b'2'
210,3.09436655,1.91103983,-8.04134941,7.81646347,9.4232378,3.44472671,-0.48564959,-1.07677603,-4.72642374,1.01795137,0.58035135,3.19639468,1.60614061,-3.47902226,-4.08119678,4.3182869,-1.27937412,2.69868684,-0.8303951,-0.82849491,3.22938418,1.76158583,-1.15789378,-1.27700448,1.03951061,0.15872779,3.53664684,1.14576459,2.38395548,-0.78268671,0.27631962,2.02859688,-1.32250094,0.51740789,1.6730305,0.35089579,1.8692081,0.31990331,-1.59637725,-1.74501348,-1.12077606,-0.04240341,-0.40754062,0.06022005,2.47787189,-0.89790249,-1.15799177,1.00884366,-0.91702485,-0.31981897,0.44848877,0.21198738,-0.25849342,-1.07846284,-2.50964928,-1.54018056,-0.10232806,1.05515563,1.29341674,-1.27690697,-0.2436246,-0.03312922,-0.40653878,-0.60859114,b'2'
211,2.03516912,-4.35311222,-6.57316399,10.38166618,8.96160603,5.84065628,-0.88288212,-1.99747849,0.20865965,3.15373683,1.32453465,2.71602297,4.73605633,-4.50240946,-2.04059696,1.26004577,-0.78501117,3.53187776,-2.19981861,0.15995622,3.54367113,0.65364271,-1.15420043,-0.10854983,-0.31384262,2.14863491,-0.16039431,-0.03151619,0.26497054,-2.26475382,-0.09812129,1.96373367,-4.06715059,-0.10828644,0.26903796,-2.75773859,3.83482718,0.96473831,0.43887305,-3.01154137,0.43850577,0.41750294,-1.06988072,-0.76787508,-1.03591669,-0.16479991,-1.88987696,0.06069756,0.29493898,0.59343874,-0.69953191,1.23990953,1.55628335,-0.58026898,-2.32161498,-2.38157129,1.23193216,-0.57421952,0.10113537,-1.500337,1.5759356,0.12657708,0.26085663,0.87721133,b'2'
212,2.01197004,-0.9746933,-1.20509243,8.68883324,2.72601986,12.04067707,-2.17389154,0.22698039,4.17773581,-3.85430598,-2.91446495,-1.85678554,2.43806362,1.75994706,-0.02062654,5.65307331,-8.32603455,-3.15422368,0.88511848,-3.69238853,0.64295876,4.43997002,-0.09270832,0.16722918,2.50889778,-2.91116166,1.61311042,-0.69414568,-1.75969934,-1.05362022,-2.89709806,2.2776618,0.70520788,-1.89863038,1.10851598,-4.66443539,1.29649544,2.53441954,-0.04861391,2.2516067,-0.00417662,2.71691155,-0.74056065,0.10905676,0.55414367,0.88763845,-0.62415564,-0.83632183,1.00800824,2.24560165,-0.31790191,1.31802773,-0.61966681,-1.06896186,-0.4814232,-0.08509624,-0.06771588,-1.90525258,0.40626436,-1.68030429,-1.42920816,1.29753613,0.10855341,-0.00239151,b'2'
213,9.6511097,8.21689606,0.63377553,-4.23038673,2.49981022,-4.35447216,-3.73382521,3.63971329,5.17715931,-0.60694754,1.58882856,5.24330616,0.84703362,-4.87455225,-1.60785246,2.76890922,1.72192383,-0.87659097,1.71811104,-1.28179908,3.71693134,-0.67692333,-1.81332099,-1.23276198,1.84940088,2.1143961,3.11129141,1.89276576,3.04572296,-2.23996735,0.35383129,3.29052877,1.61003518,0.76065922,1.44748068,-1.8341049,1.73178363,-0.54794413,1.65032685,-1.52549422,0.19013143,-1.45135987,0.84847379,3.54025865,1.17503834,-1.24057615,1.42856348,2.38382292,-0.51454544,0.74539769,-2.34797168,2.12943506,-1.38458681,0.24515188,-0.58952564,0.48034978,-1.91423607,-0.85499287,-1.66293764,0.07185543,-0.23483689,-1.22508991,-0.03199995,-0.44250271,b'2'
214,1.63035762,-0.32231998,-7.15138292,8.58494186,10.02315235,3.89867902,-2.46375179,2.00873923,-5.73243666,-1.0844965,-0.48151183,3.79687142,1.37958932,-2.52547383,0.46428275,4.43094492,-1.41207933,3.84940028,-0.03559795,-1.75996077,3.48792362,0.61936831,-2.12713385,-1.25181079,1.88077915,-2.29295087,2.75314474,1.92823935,1.39346743,0.32229769,0.01987457,3.10060549,-2.35276008,1.44289029,1.34200537,1.70794117,3.01541305,0.66277099,-0.81204093,-0.62443215,-1.48437643,-0.62996328,-2.48135304,-1.85549295,0.18709373,0.6775133,0.23716219,0.11175776,-0.89826012,-0.43491232,-1.1878078,-0.5495472,-0.50028515,0.21049607,-0.36585873,-1.50859702,-0.16592479,-1.11870992,1.3056016,-0.5474562,-0.69059044,0.10747159,0.47360682,-0.3247208,b'2'
215,9.9073534,6.51378536,-4.93411016,0.40225688,5.66188669,3.15117264,-5.08617687,0.5925281,4.07694054,-0.94328654,0.52802515,-1.70648932,4.82279587,-0.94202572,-2.6656642,4.03714085,-2.62330079,0.04060733,-0.03348392,1.02386546,3.08800936,3.93083286,0.66093898,0.7882278,-0.20123586,2.14344001,-0.01070389,-1.53918445,-0.26022434,-4.52931595,1.81008971,0.72362089,-0.48786467,2.6865499,-1.51964521,-4.40779352,1.58282351,-0.39400929,-1.18259037,-1.26038194,0.68788326,-0.39993173,1.17016661,0.86459047,-0.06429386,-1.25078726,-0.22022571,0.1708138,-0.15363809,2.43777227,-0.43774974,2.1912117,0.93570769,-0.27016044,0.30195278,0.06752998,2.53352642,-1.09416771,0.12803972,-1.23865807,-1.89115202,-0.69416559,1.2466532,0.29795295,b'2'
216,11.95061207,0.86021614,-2.35187578,0.8263607,2.35518026,8.55076599,-1.97408581,-0.87904894,5.74721718,-3.1696856,2.67294216,-3.78392911,4.46870565,-0.21355557,-0.63806009,-1.35437655,-3.96249604,-1.23840404,4.30411339,-2.75756264,1.83196974,3.52493024,-2.75863433,4.07858086,-0.52614993,2.000911,0.84229863,-1.42703068,-1.32752895,-3.10014915,0.32556808,0.543221,2.01615381,1.37738347,-2.0687325,-5.61702108,0.9313159,0.66193861,0.26315308,0.59599566,-1.88623619,2.00683665,0.37825364,1.34532452,0.55894011,0.78821909,-0.24453978,-0.34002662,1.04363942,0.85701931,-2.29925203,1.18378842,-0.972965,-0.91374207,0.42242873,0.28726614,-0.01009941,-1.73921478,0.53297716,-0.64399385,-2.31158018,0.00413895,-0.61089772,-0.42606369,b'2'
217,5.96895742,0.67520523,-7.48838758,9.39432526,10.45011711,4.06540298,0.79087758,0.1287905,0.77502871,-3.74433851,-1.19818592,3.99237561,4.74554539,-3.67048192,0.90800285,4.19867182,-1.03237236,4.75742722,0.15250742,-0.97965026,3.83258295,3.60465884,-2.04585004,0.64318776,1.03473413,0.00410644,1.73340642,0.56833756,0.94738483,-2.73714066,-1.61988819,1.08511972,-2.93792415,0.20004427,1.93100822,0.96739781,2.53951383,1.95987248,-1.40052497,-1.27244639,1.0074935,-1.46504724,-1.88271451,0.58854288,-0.69354868,1.43734324,-0.89580119,-0.41080236,0.86123723,-0.75362182,0.37342077,1.47757411,-0.52670836,1.24457252,-0.57462198,-0.82567084,-0.16235948,0.87946129,-0.51046211,-1.95066857,-0.65711039,-1.03702164,0.00111139,0.8102721,b'2'
218,4.12191296,-0.51286983,-6.90020704,9.24474907,10.52658653,7.56066608,-0.6143117,0.50850683,4.18967295,-4.74664211,0.52615905,3.31986356,3.54724646,-0.84242111,-0.08368826,5.79510784,-4.27630377,4.10394287,-0.40137351,-2.14956117,4.10388136,3.44925261,-0.19080785,1.93830299,2.19212151,-1.3387543,1.27697659,0.83899546,-2.89925146,-2.34099078,0.03811896,0.79026794,-2.50173712,0.97531497,2.13221025,-0.23026827,2.18002486,2.09334254,-1.32538927,0.09136456,1.8300736,0.50736463,-1.49811447,-0.0570934,-1.43367755,-0.14626609,-1.4338342,0.53587854,0.42559195,0.91474104,1.20437467,1.14529419,-0.45079374,-0.69019723,0.49087924,0.14411056,1.09532785,-0.53966385,-1.11046028,-1.63346279,0.63344359,0.24913889,-0.07780647,0.02681287,b'2'
219,-2.67303324,5.03990078,-6.29650402,-4.79918337,3.91065788,-1.49121714,6.73059273,-2.76076651,1.93995118,-7.92751837,0.84739888,6.3075037,-1.01878953,0.21220183,3.62016797,-5.64717722,3.37095714,6.90707493,-2.07574177,-3.94101977,1.77765727,-0.47030562,-1.91734374,0.23884678,-1.24201131,-6.32527637,-1.83942223,-1.01834798,-0.64292574,2.8665638,0.58252203,0.41561103,-0.48690045,-2.09204197,-1.82431412,2.5116179,1.71804166,1.63309813,0.11175859,-1.05549896,-1.97579193,0.44442755,-2.41134334,-0.94422412,-2.07761335,0.50821584,1.89892519,0.34906054,2.32964873,-0.12788457,0.17773056,-0.41029644,-0.55685711,-1.56475925,0.75332862,-0.80885947,1.62136447,2.21972895,-1.54374671,-1.12272215,-0.00970139,-0.50734925,1.06522429,-0.15574172,b'2'
220,1.19722784,4.44661951,-7.44148111,3.18539071,9.49763489,1.92301774,0.66527724,-0.81161129,-9.64430809,1.46503901,-0.20291686,4.21220446,-1.09147954,0.75846434,1.32678056,2.99218416,-0.1915431,0.45767796,-2.85961771,-1.99645746,-0.16528706,0.47846246,1.11120403,-0.74146628,0.44481969,-2.3332839,3.26080894,1.65188503,1.00853443,0.92467654,-1.80084407,-0.12341285,-1.0881052,-1.8105185,2.00301266,3.90728378,-0.53896809,2.10885596,-0.09150541,-1.4893564,-0.9363184,-1.10769784,-3.24792647,-1.2119838,-0.34379375,0.59850824,0.74417537,-0.08613086,1.16416764,-0.49933246,1.28869915,-1.30010784,-0.35854459,0.4528349,-0.99015599,0.08497667,-1.63197184,1.47132885,-0.59747791,-1.54802632,-0.48178428,0.26189286,-0.12851584,-0.36540246,b'2'
221,-0.60501164,7.75043011,-11.59011364,5.42912722,6.52426577,5.84131432,-1.49811411,-0.46381402,-0.10764027,-2.09014082,1.22767019,2.54004288,1.33949995,0.54763764,-1.16496849,4.72115326,0.04041183,-0.59889174,-2.34129953,0.18968844,0.4753083,1.01541126,2.32070971,-0.27798724,1.54005015,-5.22637129,2.71920156,0.03099298,0.10233116,0.91552842,-1.78561652,-1.00313437,-1.14489031,-3.21612072,-0.14544976,1.88621914,0.76462245,1.69998384,-0.9643029,0.47569019,-0.45465839,-0.49803531,-0.91038024,-0.57952011,-0.03644013,1.70764351,-0.28936625,-0.34929037,0.35131979,-0.32430077,0.08208866,-1.21807408,-1.88451505,-1.05910516,1.14538801,1.52458453,-0.47354269,0.13627817,-0.07050699,0.92866635,0.34364092,0.34334964,-0.27851331,-1.49772406,b'2'
222,7.04186583,0.25286698,-5.88332367,8.70618248,5.72599602,3.30002642,-7.00294876,0.46331692,-2.39643955,-2.6104753,0.92126679,3.23720789,-1.13813758,-1.3856107,-2.88615847,4.17457104,-5.15177107,2.29598379,-1.84283137,-1.91155541,3.66269231,2.08493638,-0.27410635,-1.08914042,1.25145197,1.71890175,2.36258793,2.27711821,0.94618344,-2.59311867,-1.41956627,1.67333508,-1.71579885,0.41622597,0.69901419,-2.36302972,0.69738579,-0.12465793,-1.55260217,0.12401104,-0.59924239,1.2072978,-0.41118985,2.61906934,0.57029486,-0.16782808,-0.2202576,0.35967851,-2.11403728,-0.44537169,-0.80394542,2.26326871,-0.22073317,-0.51979983,-0.58417505,-0.05066997,1.06642318,-1.4833349,0.60997862,-1.73222947,-0.07711986,0.72904545,-0.3310141,-0.2106902,b'2'
223,1.01551163,4.67527962,-8.94734192,6.14030981,10.24690914,8.25012207,-1.26637793,-0.97015762,4.63530064,-2.73601031,-0.80880332,3.35133028,2.35732245,-1.11628544,-0.96347046,3.51949167,1.46907878,2.77293825,0.2703743,-0.46230948,0.9523468,0.89916945,0.40603197,0.98285508,-0.20165277,-3.19878769,0.51672953,2.34090996,-0.30658531,0.41567504,3.51376295,-1.23938775,-3.62652993,-0.02399796,-2.22979569,2.93214178,1.66292024,0.88795465,-2.32707167,1.37826931,-1.24840963,-0.70978695,-1.58940589,-0.73660576,-0.9958185,-0.85737008,0.88404,-0.87928557,0.92860776,0.73022878,-0.21344002,-1.69936132,-0.46953416,-0.82134461,0.58598357,0.47671032,-0.35422087,1.05411327,-0.57445908,0.17792439,0.48356152,-0.54062527,-0.12507707,1.06546581,b'2'
224,13.0172739,-2.18073416,1.05180812,7.2582922,-2.74758172,4.66479588,-5.45249748,-1.14504051,-0.04291725,1.08586061,1.39627898,2.52708817,0.34224999,-1.70873165,-0.73123264,5.24208927,-1.91572988,0.38345897,2.73803401,-0.22597098,1.98820019,-1.9198699,-2.01311779,-2.69461989,-1.71798301,0.74265516,-0.52504992,1.91199183,0.14812279,-0.37464267,-2.43077087,2.4545269,-2.05106592,1.30354095,0.95445979,-0.86485732,1.57900786,0.32164496,-0.92771184,-1.01330781,-0.50224739,-0.61824584,-0.41792029,2.92931533,0.22945005,0.06536227,-1.49355686,-1.3127656,-1.20703554,1.33068538,-2.78859663,2.91857147,-1.74664426,0.5459584,1.73891234,0.59252703,-0.9676578,-1.06890535,-1.93834877,1.92982852,0.0979775,0.50392914,-0.43532729,0.27565077,b'2'
225,2.20102406,3.8302722,-6.97678471,7.85280228,8.61928844,0.9840067,0.1571877,-0.11261439,-6.84670877,-0.88709295,-2.51915598,3.05586314,3.17776632,-4.0367918,0.47751832,2.31006813,1.64541054,2.60623598,-1.771505,-1.24215198,0.90070748,0.54156077,0.46973598,-2.34074354,1.57821405,-3.42964506,1.80710566,1.19040918,1.64129186,1.51387656,0.37016845,1.9744153,-1.97018647,-1.38102365,1.70884049,2.41988277,0.41216063,1.93538475,-1.91967309,-0.05317125,-1.38007784,-1.18304372,-3.03010321,-2.65229201,-0.52746153,0.87732053,0.51024306,-0.34093714,0.86336213,-1.79024434,0.71127445,-1.3808229,-0.80321717,0.29714155,0.2357102,-0.32084528,0.0323112,1.30598962,0.43052775,0.96985185,-0.44971609,0.16901863,-1.19262958,1.15547395,b'2'
226,6.73803377,2.43848562,-8.24844265,7.3467989,9.82436752,3.13263154,1.40088558,-0.01733136,-0.5308547,-2.40525579,-2.65079784,4.73485899,3.69335723,-6.2494669,1.39050102,2.32603121,-0.51747394,3.18996692,-1.72597313,-1.41221869,4.27412748,2.24666262,-2.15044785,-1.2320509,0.43267655,-0.22093555,3.38581085,1.72631431,2.06767845,-2.72947359,-0.79940903,1.01126099,-1.21807098,-0.27285224,1.19988465,0.46741527,2.20962548,2.03366113,-1.02415359,-0.95613796,-0.63008749,-1.76256049,-1.39646208,0.37225884,-0.93732655,0.70713323,-0.02142648,0.79950356,0.23269674,-2.2520318,-0.44528729,0.75066125,-1.63479495,0.53303826,0.56418633,0.58987188,-0.611058,1.20511341,1.09797549,-2.72551537,-1.97544742,-1.73560309,-1.12166595,0.24890143,b'2'
227,0.71507251,2.08504915,-8.31420708,7.44766951,11.31544209,6.6315937,-2.08292961,1.38504612,0.91757202,-2.15005589,-0.72872972,2.18063164,2.77002835,1.17680681,0.1960578,4.82042885,-0.06534529,3.6419661,-2.97365403,-1.56115437,2.3815403,0.66160458,0.87863398,-2.77473259,0.12248248,-4.00809479,1.96265113,1.37303209,0.37237978,-0.16711891,0.27241921,2.13130283,-2.56005526,-1.11076593,1.15309763,3.87425423,1.84696603,1.95845079,-3.48997879,0.62234795,0.51467049,-1.10985291,-0.66909999,-0.70701522,-1.38534415,-0.59667748,-0.20144372,0.21171093,1.70845079,-0.46804112,-0.94879699,0.81040764,1.03033292,-1.22722125,1.02974379,0.66153598,-0.33870149,-0.67819965,0.80729491,1.36148369,0.93981165,0.39232051,-0.02034658,1.20198882,b'2'
228,-1.39499342,11.52300358,-6.13800049,2.78676915,1.90616357,3.02769852,2.30142689,-2.1397078,0.31151581,-7.53241301,0.69303751,4.92022038,-1.1235621,-2.13513732,3.0681715,-1.02642679,0.37074184,0.00426137,-1.33202469,-2.78297138,-1.80210543,-0.66971487,0.93500745,0.2544415,-0.8760016,-4.18491745,-1.61397564,1.66736627,-2.15480757,2.87978935,0.66164327,1.22673178,-1.3807503,-3.85991907,1.12863398,1.79277122,-1.57998741,3.90419245,-1.0812093,1.23532021,1.09953928,-3.18243623,-4.12802839,-4.23707485,-1.24936092,0.50607467,1.11962044,-1.26009655,1.77788854,-1.00278986,0.04014629,0.70386052,1.32386363,1.43714619,0.65822959,0.84555948,-1.51232338,-0.18561073,0.35694629,-0.71234143,-0.00735857,-0.06046581,0.30258787,0.36198166,b'2'
229,2.17611885,2.84369993,-8.94241238,8.25698566,9.79953289,6.93657303,-1.3441081,1.570804,0.60575056,-3.26772952,-0.77121282,3.73135018,2.91323304,-0.2064184,0.54359579,5.80992508,-0.94181609,3.68397069,-0.0233449,-1.29222977,4.57946014,2.19276547,-1.27317035,-0.33179665,0.36649007,-3.01707101,3.67853832,1.6197226,0.49078727,-0.24070454,1.1772182,1.65856218,-3.77959824,0.96043789,0.68109846,0.18795079,2.10206056,1.93703723,-1.8289994,1.22165048,0.28316331,-0.53221238,0.27826935,-0.77901846,-1.71491492,0.64875287,-1.26330042,0.49857044,0.9273017,0.10031474,-0.08128266,0.23793823,0.09753919,-1.53901768,-0.02335614,-0.47119999,0.01944757,-0.2964322,1.056041,-0.06760311,0.49652743,0.76771265,0.6692729,0.75527406,b'2'
230,6.01864481,4.01990938,-6.4478488,7.23600912,6.97818565,2.08376789,-3.97860336,0.74256581,-5.76078176,-1.9632225,-2.5329113,2.59720469,1.00838804,-2.7744565,-1.91088486,3.05259037,-2.49063444,3.03339601,-1.16138291,-2.14439368,2.42527246,0.97474611,0.34965593,-1.74860096,0.64627457,-1.09387565,3.38208055,1.90476537,2.09143925,-0.19578326,-2.05373192,-0.1216743,-1.76548648,-0.92839104,1.37694395,0.8777858,1.78777242,-0.85587603,-0.2934798,0.07839042,-3.69340825,-1.04188418,-1.89815557,-1.48388445,-1.01968682,-1.08856797,-0.48418605,1.18637884,-0.84010291,-1.48000431,-0.68699294,-0.09858614,-0.82562208,1.08639026,0.59595799,-1.27866423,-0.34315443,-0.91727388,0.68584102,0.05563104,-1.80607653,1.02148104,-0.05794287,-0.54401803,b'2'
231,2.56293726,3.76998854,-2.95548463,10.89951324,4.75622559,8.64566803,-4.12018681,-0.36522353,3.42218924,-3.66043329,-1.00523782,0.20428801,2.83384204,1.89073026,0.25924277,6.27759743,-8.46067524,-0.32039517,-0.38448447,-2.74247694,0.92460597,1.25825787,-0.56073797,1.68585205,1.29567862,-1.48641539,1.69084108,1.41271496,-0.90177107,-1.18270552,-1.40202391,1.38769817,-0.0395422,-3.57605791,0.5918445,-2.10077572,1.71422648,2.55813575,-1.31111705,0.49835634,-1.88275027,-1.54099011,-1.3096211,-3.33562684,0.84944844,1.20387328,1.11298871,0.1426425,2.6647222,1.07658279,0.86206788,-1.38400841,0.43974352,-1.17099404,0.06626314,0.60133862,0.12295699,-1.6617837,0.68478781,-1.09188747,-0.03713508,0.14945406,0.19683647,-0.83062112,b'2'
232,4.87272978,5.32981682,-6.32135725,8.48344326,3.76182604,7.03478622,-7.95137596,-3.04785991,3.09286499,-1.05845237,0.23559427,-0.43605351,1.14496207,1.00705802,-1.75942802,3.76199532,-5.69671631,-1.45276165,0.66556978,-0.60598767,0.2957195,-2.39556789,-1.89195406,2.67843485,0.54918277,-0.09624493,1.20411336,1.03841758,1.04151869,-0.4761284,1.02656031,-0.74580276,-0.95401084,-0.39561993,-0.3204999,-2.01104498,-0.21289682,0.84071374,-0.21726537,-1.6498605,-2.65251207,-0.61210078,0.95682281,0.13188086,1.63713801,1.48859072,1.33451056,0.16273379,-0.31393242,0.40204835,1.42430413,-0.90807676,0.94823813,-0.88331127,-1.60746098,0.18736404,-2.09649706,-2.64213014,0.71740407,0.22707677,0.10312061,-1.1087327,0.95341849,1.05851269,b'2'
233,5.60892677,-1.31122518,-6.35320807,8.8152132,12.30017281,4.15949917,0.68114662,-0.98575568,2.13431883,-0.11676127,-1.64529419,3.36373234,4.09740829,-3.40068221,-0.88721752,2.0863843,0.00887108,5.41566277,-3.73116946,0.94331431,0.0353089,2.11769319,-2.66433287,-1.58073878,-0.93286753,0.01038451,-0.97036672,2.90393233,0.22240996,-1.16961765,0.25627136,1.95482635,-2.40192699,1.28549385,0.11299884,0.22909038,1.01501083,1.52470279,-2.67392921,-0.54069453,-1.34725785,-1.4769901,-1.30797577,-1.61644053,-0.16527283,-0.88253582,-1.00495267,-0.77050018,-0.84998679,-0.20143855,-0.46315205,3.06083202,1.24727333,0.47556603,-1.10640097,-1.05982149,-0.48731852,0.69409341,-0.80892694,-1.02140307,0.6047442,-0.73509461,-1.37786913,0.83755577,b'2'
234,7.87104082,2.89134121,-6.1594758,6.05655575,7.55258942,8.39474583,-3.20584917,-2.31507945,4.60198927,-3.74139309,0.20950651,1.67924738,3.55611634,0.34949884,-1.39034224,1.88084364,-4.34438419,2.93838048,0.80407465,-1.35173059,1.00151873,4.55055141,-2.03211641,3.26119995,1.74177563,0.03945107,2.40369749,-1.24697208,-3.12337017,-2.86925602,0.57495809,0.185215,-0.84160924,-0.47666985,-1.92912364,-2.62186122,0.59326553,-0.39707774,0.90988016,-0.30786133,-0.94466209,0.42533141,1.09471619,-0.50729942,-0.50317693,0.07377055,-2.88467789,-0.17306089,-0.60241914,0.29158509,0.76546204,-0.15831059,0.9991312,1.15545487,0.51684284,-0.33971938,0.79014754,-0.2108414,-1.01523793,-0.55293363,0.3449164,0.51116323,-0.69648534,-0.49154297,b'2'
235,1.73294151,-4.10359097,-4.30278969,12.24799252,11.70279312,6.24095821,1.41108251,2.83260059,4.46563387,-3.8860333,0.48544836,4.65662575,2.87891936,-1.17611229,1.62150979,4.68766689,-2.58991623,4.82663345,-2.27253437,-2.93654275,1.90890765,2.41999841,-2.70807409,-1.48678887,2.01718998,-1.12887216,-1.63240826,2.50074363,-2.14383459,-2.65307426,-0.22798002,2.18767357,-3.49147487,1.40103984,0.71329677,-0.36709699,0.021209,1.62238193,-1.74570477,0.59786642,1.77133894,1.11865079,-2.33228493,-0.23072003,-1.07112801,-0.90149379,0.23014957,-1.65982795,1.42248654,2.40943766,0.16718207,2.56028652,0.08740926,-0.54162002,-0.80613953,0.72892821,0.64869642,-0.77696663,-0.1584371,-0.92693949,0.35072041,0.51271963,0.91863811,-0.94046569,b'2'
236,-0.12398815,-4.6249752,-4.24466181,12.78323841,11.04351425,4.46877575,-0.65700483,3.18778801,3.64908886,-2.8443327,2.96118379,7.69555187,2.44098973,-4.5923872,0.99812126,-1.03882718,1.05669808,6.91643524,-0.56026518,-2.34854341,0.10817254,0.99095714,-3.71981716,0.43322563,0.1357038,0.21406493,-0.64314294,0.69562769,-1.43326187,-0.93620563,0.30598855,1.32038784,-0.09732211,-1.87551832,1.82875514,-1.63215554,0.83739448,1.77569413,-1.07836378,0.52396095,1.20975947,-0.10909261,-1.99306154,0.93690109,-0.28235829,-0.7553128,-0.38445926,-2.05174851,0.71416289,0.46359527,-2.12587357,1.90578961,0.87436426,-0.42102993,0.29798955,0.38786948,1.01034224,-0.44350284,-0.00179738,-0.67111623,-0.68355221,2.4922595,0.12794006,-1.13476229,b'2'
237,5.50765133,-5.01830482,-7.08001423,8.47495174,7.1466341,4.12974834,-2.73719263,-2.11560059,-2.00984097,3.99477768,1.4214921,4.09737492,4.12602472,-5.51823807,-0.85715246,0.21113849,-1.92213738,3.54982305,-1.24950838,0.10945487,3.05934596,-1.17209673,-0.97962797,-0.2148211,-0.09038818,3.23181558,1.53082609,0.01318634,0.57040119,-3.23466825,-0.21243894,3.63982582,-1.30899858,-0.3689242,0.69765931,-1.28183293,3.17071223,0.05252266,1.63217676,-1.29156232,-0.451747,0.67184895,1.19626236,0.38202459,0.83792788,-0.45190609,-0.17352979,-0.53109956,-1.79284024,-0.51910615,0.66130275,1.00943351,1.01166463,-1.45445824,-0.99986893,-2.38150811,-0.14399481,-0.59480995,0.74254328,-0.78712106,-1.06038392,1.35015535,0.36723673,1.06137061,b'2'
238,2.08868456,0.39844155,-6.81936216,8.52200317,10.07544994,3.91880369,-2.41393614,1.35476458,-3.8569808,-0.96007609,-1.78576851,3.48483014,2.83267021,-3.14429426,0.48111367,1.73412418,1.3208251,5.22474575,-2.56573009,-0.23900843,0.27209169,-0.27548391,-0.43369451,-2.57892942,0.96295691,-3.34977818,0.3227703,1.57348251,-0.2461791,2.47841787,1.54931891,1.20807362,-3.97634006,-0.07304245,0.79509223,3.10173702,0.36235023,2.13663602,-2.31584024,-1.1041373,-1.40661931,-1.81566441,-3.87402129,-1.80897677,-0.55947149,0.67574006,-0.40489554,-0.58308315,-0.03708959,0.15649104,-0.92958736,0.42921382,0.55321348,0.88935608,0.6588527,0.26550639,0.11233878,0.30744186,0.26738328,1.25496638,0.73948222,0.13838387,-0.67996472,1.07674086,b'2'
239,1.72502148,7.5889101,-8.05588245,9.2467041,5.22838116,7.68411922,-4.69650173,-0.2432121,0.9926033,-1.58013582,-0.28005767,0.4443984,1.16953993,2.90813828,-1.51146173,4.24522924,-3.29390287,0.12237608,-1.06639111,-0.88847661,0.34001708,1.32410753,0.76396334,2.19149113,0.19079131,-2.60495138,2.22217464,-0.34413803,1.2003963,1.47179496,-0.48301971,-1.84003425,-1.23039806,-1.56342602,-1.59486008,-0.27659139,1.40236378,1.29122889,-1.28182209,-1.81071842,-1.30746973,-0.62807107,-0.88359159,-0.71183234,-0.22054756,1.98042417,0.59281087,0.80223072,0.14948183,0.63746297,0.12735121,-0.92068481,-0.20320153,-1.25444174,0.10034424,-0.02205622,-1.79259062,0.12372564,-2.34210753,0.57169139,0.70664591,-0.85682279,-0.07095033,-0.75776494,b'2'
240,0.90901816,-3.91365075,-1.8953433,13.38062096,12.15119171,4.81105614,1.98919284,2.2305932,3.21998167,-0.36665127,-0.76743793,5.47698069,2.5100534,-1.21393454,-0.17389154,1.80205023,-0.22303843,5.10443306,0.71782577,-0.26705742,-1.12688684,1.33035922,-4.31372261,-1.18178833,0.38471973,-0.4435674,-1.16072595,3.07578945,-0.70204926,-0.64290124,-0.54190385,2.86948442,-2.34248972,-1.78233385,-0.0966661,-0.6588968,0.82612801,-0.11732966,-2.6833992,-0.67957258,-1.07885039,-2.27400875,-1.89101338,-0.84171271,-0.88543665,0.16919318,1.10000777,-1.55804896,0.17523348,0.40628386,-0.98447049,0.34491712,0.67723322,-1.64014626,-0.10890049,1.04278708,2.07140374,-0.67456919,0.75778884,-0.81239152,0.85830694,1.48412967,0.32033789,-0.36112246,b'2'
241,3.18017817,8.47001076,-4.84619761,4.14685249,1.00142682,2.37011075,7.46833038,-2.70690203,-1.26731968,-4.84798861,2.81692505,5.25843906,-2.35651541,-3.9348352,3.73427939,-3.64647102,2.01551127,5.10230827,-0.19122279,-3.88205004,2.00416398,-0.93893737,-1.8281399,-0.97912681,-3.19933653,-6.26828337,-0.53817308,0.14577055,-1.07140303,2.96209812,1.37732661,0.06635737,-2.17928767,-1.90754557,-0.91444552,2.57509255,-0.40373468,1.68200612,-0.23553181,0.85191858,0.04882526,-0.95210439,-3.02284122,-1.96766245,-2.02055979,-0.63911033,1.98388219,0.00798702,2.57064915,-0.5467189,1.40280414,-2.02108002,-0.18660474,2.07897282,1.22309005,1.38897014,-1.06023383,0.24807525,0.46377748,-0.87771255,-1.14745009,-0.16775358,-0.92057425,-0.3512392,b'2'
242,-0.75040549,-1.53569102,-6.39759493,8.53497028,10.48348618,3.13596821,1.1230154,1.47540021,-2.03068399,1.16357839,-0.70555878,8.08753586,4.37560368,-4.58981133,-2.03072166,0.93416238,3.92583823,3.61772037,-0.38247067,1.07643509,-0.65258145,-0.77660054,-0.01518986,-2.66160345,-0.4363623,-3.48469448,-0.0786117,2.28396964,1.23335767,1.94227779,4.03479433,3.25894594,-0.47007054,-0.61762446,0.3752234,2.90597892,-1.02511811,0.0825274,-2.43624592,-0.38289681,0.74692321,-1.88075864,-2.15572262,-0.21483751,0.32740778,0.0217028,0.21340802,-1.20617223,0.59908265,0.62740099,-1.72946787,0.87160307,-0.00508118,-1.45569539,-0.02284139,0.21030629,0.78261364,0.99906272,0.6014362,1.39877927,1.16756856,-0.4750323,0.79419267,-0.15793124,b'2'
243,1.74771941,3.88801908,-6.11458921,5.98104477,6.74754047,8.42281342,-5.9948473,0.42829674,2.62514734,-4.67321825,1.36430359,3.67303061,2.56577849,0.53594071,-2.30043983,6.72836494,-3.81643414,2.55954289,1.8296535,-1.26777697,2.1649828,3.1209929,1.08772945,0.43662,2.34061575,-1.50597274,1.09534943,-0.27403057,-0.47020292,-1.61197913,0.53814685,0.92542267,-2.0610652,-2.68518901,-1.64489746,1.18344927,2.74240375,0.6573801,-2.78034782,1.48301744,-0.41568524,-0.30105495,0.23996916,-1.35458565,-0.59476066,-0.1064707,0.23845331,-1.79144692,-0.39756322,0.4444952,0.600559,-2.46294379,1.1922245,-1.21998835,0.99654442,1.34832644,0.10784292,0.03041949,-0.07609731,-1.19241714,1.22240746,0.91420561,1.02847242,-1.23135638,b'2'
244,-1.14581454,-2.23092055,-6.34750748,12.49035358,11.53124237,5.19673252,0.06010008,2.52559328,0.3336091,-1.31340289,1.16220176,4.43006945,4.22838783,-1.44586873,1.10346556,4.26493073,-0.60830581,3.7730515,-2.03277397,-1.26966107,4.76269197,0.42617047,-3.79627609,-2.19691324,2.16058826,-1.61321163,-1.6702466,2.03767991,0.75381231,-0.96716088,0.68104517,2.50552607,-3.07588148,1.00035048,1.34294939,-0.8320533,2.55972362,2.64006662,-1.27304518,-0.70069426,1.23202777,-1.46043384,-2.17121887,-0.28542739,-0.71746695,-0.26910985,1.24028397,-1.2733705,0.77659541,0.51412284,-1.39550734,0.87180084,1.02467597,-1.55665207,0.18203986,0.23410243,1.11050022,-0.19522743,0.93252343,-1.69871533,-0.37024754,0.73455852,0.75473058,0.42668039,b'2'
245,2.05513,3.82713413,-4.00305796,6.68602943,3.89135504,6.89369202,-8.96986675,0.4838261,-1.2633872,-5.32411242,0.42907524,2.91447783,-0.02203894,0.68418276,0.262398,5.89753532,-3.17824554,0.5925976,2.19685388,-4.25525761,1.9737345,1.02800691,0.01823565,3.4514327,0.61198962,-4.55166054,1.16513264,-0.36964905,-2.30287218,0.29252112,1.24186039,-0.15117073,-1.3742789,-1.35638094,-1.76718879,-0.85586202,1.38973784,1.26664364,-0.1988951,0.80353379,-1.3856684,0.42373452,-0.62564689,-1.3834548,0.53783375,-0.99659443,-0.02732299,-2.65075946,-0.61138117,2.18733311,-0.10714687,-1.84673309,1.11076975,0.25657737,2.10635781,2.02248263,-0.80168414,-1.69248939,0.81835896,-1.71115243,-0.00319593,1.37248302,-0.95612514,-0.32006153,b'2'
246,5.80597973,0.70296335,-7.20882607,9.78339291,8.71619511,3.92175269,-2.85603666,0.49906778,-2.21664762,-2.10496187,-0.78422451,3.7353971,1.77472329,-3.13821697,-1.11672211,3.63495445,-3.32831526,3.95708823,-1.81080377,-1.30947399,3.98226905,0.82125032,-1.72317326,0.12271476,2.52757597,-1.01574004,3.72230291,1.41203427,1.35417295,-1.59467697,-1.99652445,2.10476112,-1.58923364,-0.29082733,2.02547312,0.2121325,2.46423125,0.95452589,-1.52521336,-0.05844679,-1.03779864,-1.3853817,0.09588674,0.00162308,0.84367537,0.51345229,-1.13338876,0.67209983,-1.23940992,-1.11913204,-0.30945951,1.03478825,-0.52368116,0.61666101,0.30316901,-0.94741416,-0.23367786,-0.39573997,0.47596353,-1.62364101,-0.75762653,0.18601573,-0.81013095,-0.71445161,b'2'
247,-1.43661427,-7.10581446,-4.31423426,10.01873875,8.13150692,4.18046141,-3.00870657,2.24958515,-3.80741072,2.80050373,-1.82377863,7.10181236,2.3514514,-3.84708905,1.21928763,1.50946844,-0.85333574,2.68797803,-2.63354659,-1.37177849,1.53775239,-2.75119185,0.42677572,-2.18912745,0.78725505,-3.33088398,-0.9398998,0.86867166,-0.36608934,1.77358329,1.78437614,5.08195448,-0.7062422,-1.99221516,1.88695204,1.59532654,0.87200522,-1.23122263,0.63536501,1.21877968,-0.4413026,-1.82104242,-2.28979778,-2.14401364,-1.82625425,-1.27825737,1.71641994,-1.85834193,-1.11931026,0.35338998,-2.5931344,0.4866274,0.88043725,-0.41104901,0.25464624,0.01289856,0.31012082,-1.80024099,-0.27767658,0.98674381,-0.05195762,-0.12092486,-0.10691732,-0.26081637,b'2'
248,7.83574533,7.49823189,-7.83227205,1.30632865,5.02099609,3.54702258,-7.04084587,-0.95050383,-0.77679491,-1.9966284,0.57234359,2.20151615,1.4670223,-0.41809562,-1.86263514,2.23101425,1.89435959,0.63061559,0.67919493,0.75528145,1.86636913,0.97559416,-1.17518783,-2.37173557,-0.54092062,2.71449828,1.67126024,-1.15582287,-0.15696669,-0.69685876,1.8070637,0.6996696,-1.56424296,1.66836655,-0.11432397,0.05545041,0.20154095,-2.44724441,-0.77583516,-0.92141205,0.80024493,-0.53628385,2.76813793,2.40358925,-0.59068143,-0.09470946,-1.02140677,-0.49231076,0.08225524,0.55662477,-1.41628599,0.19901711,-0.20073152,0.04502559,1.43605423,0.79551363,0.3232615,0.45951581,1.81849146,0.10665381,0.53231746,-0.0245412,-0.07394516,0.55026305,b'2'
249,2.85103035,4.25755644,-9.66394615,7.91449833,8.9982748,6.32037354,-3.88064766,-1.14501524,1.86244535,-1.01017547,0.0339005,0.34970784,2.01435709,1.70608211,-1.87709999,4.55401802,-1.31837058,1.75945234,-2.55174899,0.32154393,2.2786634,0.92434138,1.17263746,0.96571589,0.03507948,-2.99359465,1.9033469,0.51153815,0.34932542,0.92001069,0.42090487,-0.17234039,-3.21246219,0.08492172,-0.69497275,0.83206856,1.50263381,1.42252171,-1.78975999,-0.22116825,-1.07031786,-1.50111818,0.36031199,0.37921256,-0.24342668,-0.21505891,-1.47498548,1.14026213,-0.09540686,-0.38067675,0.752087,-0.35439384,-0.09077644,-0.59448969,0.75963593,-1.70891023,-0.40123487,0.47724682,-0.76535153,0.60978687,1.8774364,-0.78637767,-0.30953068,0.31815955,b'2'
250,-0.67993224,5.38038826,-7.29360485,3.04565644,6.7192688,3.21592903,3.60463381,-0.01586902,-8.85738945,-0.53379041,2.77880979,5.85093689,-2.89994907,0.33485621,3.5324657,1.89711881,-0.10019398,1.32897949,-2.95012355,-1.39752531,0.08406094,0.58453548,1.02091503,-1.73236763,0.66901243,-3.49738765,2.941432,2.61727571,-0.97310543,0.67004192,-1.9810642,0.92994571,-1.34848845,-2.02707958,1.52987862,3.89658356,-0.66226757,3.22555065,-2.5294137,0.42456222,0.81699789,-1.75175345,-1.89731932,-3.10216069,-1.48099697,1.00257266,0.56956685,-2.80049014,0.71441078,-1.03879607,1.60099089,-1.36968541,1.61909175,-0.9660995,-0.84404629,0.66329062,-1.63524961,0.70133048,1.94051528,-1.06610787,-1.75749266,0.07775372,0.29880905,0.07965226,b'2'
251,1.98454916,7.36295319,-5.99031401,0.26091489,5.81663322,5.58925533,-9.14191246,-0.5442934,-2.82898331,-4.69430876,-1.61980724,4.61367273,0.46646875,-1.06345594,-0.79209185,4.02011681,0.98896885,-1.3931756,0.70809424,0.27547646,-0.4955461,3.31526971,-0.8605864,0.12167215,-0.82507837,-2.13856983,0.91353583,-1.00187159,-0.56216335,0.84981549,0.08493125,1.51852512,-1.73858988,0.06994331,-1.32769489,1.70041394,1.55197883,0.2081871,-1.46075428,-1.34160352,-1.21748006,-0.6749208,0.69616061,-1.19268453,-0.95230353,-1.38419962,-1.66690493,-0.3979497,0.07200176,-0.05107999,0.82027113,-0.86166406,0.72855604,1.02376819,0.683505,-0.10590577,0.26762199,1.41453409,1.19482398,-0.36023563,0.93946403,0.05351377,-1.37038302,0.38730389,b'2'
252,-0.50016373,-3.65420103,-0.54802912,10.75032234,5.5040226,5.7558527,-0.72868586,1.99028468,-4.98295641,1.80592585,-4.92454863,6.87409878,2.04355502,-3.59617162,2.85552597,0.44041133,0.8722229,1.75289083,-3.00024676,-2.36791396,0.9030019,-4.82939816,1.34879267,1.2697897,-0.49946806,-6.1543932,-1.84866726,0.13687015,-2.11284447,2.07047367,-0.06066144,1.01604271,-1.50553632,-1.54875183,2.10597563,2.40367579,0.25286603,1.26337492,-1.17421782,-0.49836648,-0.57975805,-1.23594213,-1.53452456,-1.67104709,-1.09736693,-0.93210173,2.33279681,-1.09843683,2.10932422,2.18524599,-1.79855299,0.52055305,2.48003554,-0.60978341,0.64124131,-0.6674509,-1.23480344,-0.99815261,0.18152827,1.55310905,0.64721394,0.97531372,1.75982106,-0.09494723,b'2'
253,-3.7322464,3.68273592,-4.7012682,-3.1190238,5.97708321,0.16459405,9.19701004,-0.61876595,-2.81548929,-8.08837318,2.61958981,7.49556732,-1.73073244,1.05839515,3.43658781,-3.04566813,3.55598474,6.61496162,-0.43414554,-3.85849667,-0.38482267,-1.87708259,-0.6252327,-1.39772439,-0.41154516,-4.87612152,-1.90650594,0.4855876,-0.09780931,2.63709402,1.80259919,0.86816216,-0.72214621,-2.18197942,-0.10168386,3.43813825,1.00120282,2.09848452,-0.51325262,0.81652832,-1.53100264,0.57356387,-0.990152,-0.56767315,-3.32009125,-0.58337754,3.36380196,-1.22183275,3.31543565,0.73071814,0.26715773,0.68864983,-0.36906266,-0.35675132,-0.96014458,-1.15930331,0.32213712,1.05515635,-0.45999387,-0.34926242,0.36842859,0.02171528,2.13454294,0.82976282,b'2'
254,2.02480316,2.23042536,-8.31777191,8.30152702,11.18485928,3.02120543,-2.40677643,-0.25846183,-3.4705224,-1.73337066,-1.30548286,1.55949044,0.8358143,-0.94943243,0.05438089,2.56377053,0.69690418,2.74636436,-2.33465505,-1.46700573,2.83965588,-0.18200964,0.62718827,-0.24229789,1.46329725,-1.80529404,3.01494741,2.83545804,1.28040862,0.92848909,1.38699937,2.4043088,-2.71866465,1.02917647,1.76904476,1.73592925,0.96452951,0.3714149,-2.08243752,-0.54975981,-1.65994728,-0.96073455,-2.1559236,-0.32931203,-0.25466335,0.60626739,-0.09271084,0.88690257,0.88246697,-0.09860229,-1.35435653,0.27032393,-0.93232918,1.19686401,-0.78206891,-0.89114946,1.00044417,-0.192791,0.39065325,0.23272896,0.73554385,-1.09617829,-0.55344939,1.02237058,b'2'
255,11.01422501,6.71791935,-3.11765695,-0.81164175,3.99219084,2.61889315,-4.68782043,0.28563339,3.62164354,-2.18941355,3.73096991,1.19955873,5.48838377,-0.75337005,-1.89446115,4.3109808,2.26724601,1.94203758,0.47858995,0.27083826,3.19659567,0.5746932,-0.71734214,0.62006569,-0.22167411,1.63638568,1.4729017,0.32883453,0.84999824,-2.49439812,2.59872746,2.05216312,-1.17712843,1.63966203,0.77054703,-3.32401681,2.60340571,-2.4920857,-0.35097635,-1.46935725,1.05988765,-0.9927538,1.81357229,2.46397114,0.67591321,-0.71615386,-0.64209712,1.6132983,0.11688352,0.81680024,-0.55472898,1.74091923,-1.81962419,-1.01029658,0.61141419,-0.66010571,2.18871856,-0.20632009,0.93431264,-1.01771271,-0.78416634,0.62293452,-1.02672434,-0.04751729,b'2'
256,3.08149672,-4.173594,-6.22585726,9.97651386,9.28283215,5.9454813,-0.74950552,2.74905658,-0.58145666,-1.0438478,2.76104403,4.36239815,0.69021863,-1.00029874,0.37539864,7.01429844,-6.66718674,3.89950252,-0.83552521,-2.44851732,4.16418791,4.58309746,-2.11053061,-1.6080482,4.91529417,1.29495239,0.66347253,2.663234,-0.32706308,-1.89290273,-0.22152531,2.96295738,-1.70071232,1.07114816,1.18803763,-0.15623859,1.78587461,0.99677104,-1.06073844,0.35646534,0.60697973,0.07423264,-1.39206636,0.47080702,-1.5841223,-1.16934514,-0.82197261,-1.01724935,-1.13908291,0.03098166,1.12241495,0.4971922,-0.40931106,-0.11554039,-2.27980661,-1.02516937,-0.23114967,-0.10163195,1.32931852,-0.91362613,-0.39196402,-0.46384394,0.33353603,-0.95842719,b'2'
257,8.48281956,0.77476978,-6.15896463,5.51803064,9.47705364,6.64217186,-0.33681965,-4.45932579,6.22553635,-2.98053861,-0.22082949,-1.77709079,6.09161997,-1.91922247,-1.06310797,2.32088566,-3.27154732,-0.26663953,1.74526215,-1.71911693,2.14364886,2.10716867,0.21636158,3.67362928,0.48899591,1.6267556,0.92228746,0.9205538,-2.48281622,-3.24857235,-0.99758637,-1.7276814,-0.54540384,1.07383621,-1.38892055,-2.40217042,-0.00764132,1.79593325,-0.97577775,0.26563168,-0.67934012,1.70515001,0.11363016,-0.73977655,-0.66645265,2.65389705,-0.58684409,0.86682725,0.19522533,0.12411475,2.35049415,0.94557172,-1.05180287,1.29181027,1.07976472,-0.60138136,0.9175446,-0.02774657,-1.16271222,-1.34589577,-0.47975868,-0.12915334,0.0141595,1.31720495,b'2'
258,11.30526447,4.18621588,-4.63913918,0.23188415,5.20155287,4.85707521,-2.64207125,-1.41224909,3.32862711,-2.20855761,3.55835724,1.10014915,5.42683601,-0.58907205,-3.55584955,2.29079723,0.37515903,1.96508622,3.0380125,-2.38046837,2.32960653,4.16184616,-1.50020957,0.92169881,-1.54924107,3.23241019,0.34771359,0.02635503,-0.18909836,-5.37592697,0.8905232,0.05295444,-0.564152,2.40629649,-0.23255742,-3.48155975,2.43249774,-0.96677452,-0.77954376,-1.28190517,1.95899653,1.29398048,1.16726005,2.78357363,-2.57914782,-1.08757782,-2.24722171,0.41141582,1.50272489,1.44328797,0.45549756,2.52881551,-0.61122704,0.33950913,0.14236677,-0.35428223,1.9352603,-1.35459125,-0.61648178,-0.43710613,-0.90152431,-0.20811643,-0.29265898,-0.26474017,b'2'
259,-1.54241538,9.9167614,-7.94627428,-5.89434195,3.45595741,0.55527681,1.69516706,-3.20597482,-4.5244174,-3.93939328,2.96224475,3.79209042,-4.65793514,0.37676284,1.23956895,0.65116775,-3.12127566,2.49025488,-0.46807176,-2.31066561,0.20715997,3.51436639,3.93316603,-2.06759286,-2.24488974,-2.20610738,0.50477862,-1.60875607,-0.31125927,3.77245998,-0.62670124,0.49222112,0.17951787,-2.47048068,-1.24555969,-1.05996013,2.14085889,1.16351104,-0.04657722,-1.83205748,-0.99015832,0.61402309,-0.03313872,-3.02778554,-2.04179335,-0.57146341,0.4186514,0.27978373,1.58457589,-1.01743674,0.26079345,-0.37172174,1.88839841,-0.34194684,-1.20455933,-1.70560944,-0.91464448,0.87406945,0.6634106,-0.77842641,0.96575576,-0.43188083,-0.02955282,-0.66132641,b'2'
260,7.83437109,-4.85529613,-2.08479524,6.87859535,3.69228983,2.43841457,-6.67673206,-0.92615485,-7.24179316,0.90152907,0.00346279,4.54361105,-3.16989136,-4.2423687,0.72456527,3.63282967,-4.18060303,-0.33068001,-1.11920714,-4.97020721,3.59286237,-0.96756071,1.27156425,1.38722086,0.06739569,-1.82264972,0.31076074,0.28825068,-1.85163879,-1.50544262,-3.0782938,0.09089231,-0.7835964,-0.58821517,0.40995944,-2.02059579,1.35284686,2.0131681,0.26608574,-1.43653524,-2.02387404,1.14582825,0.35553014,2.10373282,0.24783027,-0.35204238,0.46607929,0.53685784,-2.07553625,0.68640602,1.53329146,2.38414693,-0.13080478,0.3552264,-0.67838341,0.40389967,-0.78346682,-0.4681592,-0.17781958,-0.50423902,-0.32047313,0.28859866,0.89277101,0.25423324,b'2'
261,0.80026257,-6.89249277,-4.06974316,11.84733963,6.29575586,3.2473681,-3.47184658,1.53805041,-5.24377394,2.54031205,-0.54157138,3.32482672,0.97336721,-4.12132072,1.92354035,3.49156809,-4.74725342,1.20834899,-2.64387035,-4.15358496,3.89762688,-2.44390464,2.05191565,-0.41124415,1.21907091,-1.54090393,-0.96108514,0.63608038,0.89168239,-0.28653461,-1.11049616,4.35391808,0.56200987,-3.64583111,2.45545244,-1.14343727,2.61950421,1.56506324,1.67383027,-0.06718633,0.01668608,-0.57805002,-1.37354159,-1.25485265,-0.31058216,-0.7361787,1.42985702,0.27447939,0.06135267,1.41309917,-2.84657407,0.52595252,-0.77713871,-0.13061893,-0.00660253,-0.26382101,-0.03062797,-0.7443909,-1.45241809,0.2133007,-0.50726759,-0.6609996,-0.10188717,0.00350184,b'2'
262,4.05418205,7.25326252,-8.34268475,3.19948149,6.32823706,4.4177556,-6.44795704,-0.36152005,-2.63956594,-3.81454635,-1.50177431,4.16543531,0.5991236,-1.02156961,-1.47126579,3.2724328,1.38004541,-0.10826075,0.26655769,-0.32163441,1.69424593,2.51762247,-0.73112118,0.89504933,-0.02760667,-2.41638756,2.57631731,-1.17695594,-0.10225058,0.43440676,-0.44089305,0.2296772,-1.47947693,-0.33101219,-0.73653364,0.59620118,0.65942931,-0.67681867,-0.38675463,-0.37508753,-0.74491793,-0.18375535,3.29472208,0.01989531,-1.00322998,0.04606792,-1.56666577,0.73198497,0.213402,1.23600733,-0.7351374,-0.85852718,-0.71715856,0.62696117,2.45625257,-0.25874084,0.30721593,1.01097643,0.2883181,0.87738132,1.25241148,-0.52082849,-2.20317411,0.06987541,b'2'
263,4.55737972,-0.30032802,-5.49159908,12.61867523,10.46054649,4.74959326,-0.37992573,-0.5337249,3.31941891,-2.90891051,-1.6658473,1.0812223,2.71071768,0.08276384,0.34518433,4.94147491,-3.03253937,3.38983941,-0.448273,-1.7356931,3.19667292,1.25746906,-0.32018104,2.65774202,-0.19601804,-1.19987869,-0.94575733,2.31537938,-0.26599884,-1.18920398,-1.76291382,1.22607708,-2.04027319,0.13409883,1.38691509,0.73724604,1.57596755,3.5325098,-2.23857069,-0.91060781,1.22340298,-1.04527044,0.19540267,-1.15507019,-1.26952899,0.6684981,0.62198609,0.26714468,1.20860314,1.67960298,-0.05324917,1.83214593,0.21349931,0.05545974,0.19477218,0.07740718,-0.3052845,-1.33902645,-1.78839779,-0.81562805,0.18406774,-0.84314686,-1.29126859,0.432302,b'2'
264,1.36238992,4.1865983,0.10847223,-14.30356312,-0.62138611,4.29175758,-1.99877977,-2.76410842,0.10778856,-4.15816021,12.97485828,3.38476443,-1.94639444,1.14585245,2.71339607,4.1196146,-0.30874169,0.35840118,-1.77197802,3.55167055,-2.65197587,-3.86591387,-1.71480465,0.32467723,-4.31580639,-1.49170136,1.68026459,0.70297194,5.00260687,3.62649155,-0.11177027,-0.64329934,1.32364833,0.61049318,-1.96811366,1.68743646,1.34387946,0.07085747,-0.08406305,0.15430647,-2.11233711,2.91674542,0.85304254,0.91966432,1.02692592,-0.85270125,2.11760044,-0.9566462,0.66674024,-0.48419172,-0.8654021,0.716645,1.73549879,0.80284828,-0.14076179,-0.12262475,0.61068726,0.88106447,-0.14389104,-0.00037956,1.31903195,-1.13780165,-0.17995459,0.10093486,b'2'
265,-3.35759974,1.24784994,-7.03445435,8.34209251,11.09027004,2.0617485,0.68206882,1.3233912,-4.87688398,-0.24456826,0.30104828,4.317173,3.06261659,-1.1466136,0.64733744,2.91184759,3.96128106,1.78727841,-0.92978531,0.66439152,-0.51681685,0.93872529,1.69582283,-3.74514866,-0.9555856,-3.8965075,-0.60337424,1.47934055,0.59024477,1.94708216,-0.12838423,1.9263525,-0.1795159,-0.02974188,1.41346288,3.15412378,-0.23007417,2.56346631,-2.59451962,0.97408307,0.16727161,-1.35492587,-3.38771415,-1.41814029,-1.12115061,0.04418246,1.62686586,-1.53341842,1.39318919,0.20107627,0.14552134,-0.48518777,0.54410374,-1.58662915,0.35647327,0.50899422,1.16838694,-0.1982709,0.86403471,1.51218188,1.88073659,-0.05763292,1.9690901,0.44072437,b'2'
266,12.6764679,4.18321037,-1.52831149,-0.95848274,1.57697356,1.77569818,-7.93030548,2.8077116,2.20946312,-4.02122545,2.70856619,4.03141403,2.82147217,-3.82335234,0.54679585,3.6431179,0.16614592,-0.00541949,0.71839583,0.10571551,2.76074839,-1.30744982,-1.65129101,-0.34991479,0.72426975,2.35185623,1.12021148,1.64259267,1.39961672,-2.42297268,1.05500376,3.86272573,1.73449385,1.71718454,0.96386194,-1.49973047,2.77690196,-1.72908211,-0.73427856,-1.13256168,0.8534683,-2.02270579,-0.41309768,2.82410693,1.52102196,0.0061617,0.83194023,1.82753146,-1.32952166,-0.85500062,-2.83309245,1.92657626,-1.60734439,0.83397698,-0.32720774,1.37062597,1.57524288,-1.93603146,0.48772734,-0.08541435,-1.22500801,-1.41957033,-0.61073095,-0.18184462,b'2'
267,10.02369308,0.25102234,-7.7903409,5.95598459,5.97032881,3.87807441,-5.43377209,-0.33227086,-1.12217522,0.23069787,2.69884872,2.99024987,1.59181297,-2.21033716,-1.10158825,1.17760587,-0.92953527,3.70215821,-0.60698974,-1.51790071,3.08021379,-0.76379257,-4.04377079,-1.0121752,1.37344301,1.96007812,2.76943541,0.45144749,0.57003307,-3.58881521,-1.21592438,1.63188553,-1.14578164,0.74740362,0.7780531,-1.07062471,1.43988395,-1.17491078,-0.44275582,-0.15893739,-1.03938127,1.77385569,1.81973982,2.29221344,0.70408666,0.30623162,-1.09439194,-1.08338189,-0.80469751,-1.04649127,0.45673162,1.6365155,0.32483387,-0.40778732,0.40471005,0.56462085,-0.45844865,-0.86936915,1.6149168,-1.43461609,-1.1183126,2.19974208,-0.48979282,-0.24197647,b'2'
268,4.9069643,-0.72058487,-6.03647089,7.67999935,10.60992908,5.6409235,1.1507833,-3.79883885,5.8959527,-0.77144039,1.13724732,0.62232828,6.121099,-3.10622311,0.37765336,-0.31172323,0.36802745,3.67347503,1.45669854,-0.49955738,1.04688179,4.94109058,-2.54727817,4.96552658,-2.44267678,1.19143319,-1.6464175,-0.1885308,-2.41301012,-2.15352011,-0.21126306,-0.02819037,1.02415323,1.04865062,-0.97380805,-1.6385988,0.15244913,3.47939301,-1.93729126,0.42224365,-0.29817307,0.81295508,2.84822273,-0.51274848,-0.60627794,0.48845565,0.19571623,0.1841085,0.40251023,-0.36138868,0.36555102,0.42380774,0.52011192,1.22752619,0.29858947,-0.79729939,1.33705604,0.19771713,-2.93634629,0.12643385,-1.29158187,-0.11004758,-0.93044865,0.24276295,b'2'
269,0.33386612,0.25850368,-6.44450617,11.76664829,9.90995979,3.69296336,-1.38622189,0.2642836,-2.67967319,0.22176528,0.29674911,3.65006375,0.42224693,-2.35626364,-0.04088831,1.04048276,1.21263146,3.23593402,-1.40817511,-1.59150028,2.15565515,-2.00720429,-2.14546323,-0.85469484,2.9224534,-1.66127467,1.15995765,1.34245396,2.63057494,-0.77985561,1.4510386,3.88188362,-2.12936306,0.17545152,-0.80175102,3.3974061,2.37815928,-0.09557015,-2.16779852,-0.60306633,-0.39001983,-0.28954828,-0.72875339,-0.49814326,0.88177866,0.18106791,0.49721122,-2.22326779,-0.15975237,0.07700765,-1.46342707,-2.00349975,0.11568594,-0.60114241,0.43737587,0.44672239,-0.23918247,1.09324658,1.84154701,0.37578952,0.61956418,-0.59639889,-0.06182319,-0.46578577,b'2'
270,-0.12655199,5.23410511,-5.85649872,11.38075638,6.99184179,9.20785999,-2.4961729,-0.36772525,3.95842838,-1.84588957,-1.14549375,-0.06029487,1.56826591,1.91900313,0.84985256,3.93069792,-3.38941503,0.72266746,-1.36832094,-1.73140347,0.82788652,-1.92495823,0.8586967,2.52378893,1.73726285,-3.18743062,-0.69494343,1.98980188,-1.47448444,2.02246475,2.55234671,-0.65084505,-0.45112264,-0.97267705,0.58380324,2.42187977,0.93089914,2.5415194,-2.31843615,1.5276432,-1.78464603,-1.78652918,-1.41964972,-0.97813648,-0.52652204,1.93110204,2.69136643,-1.53800082,0.89975959,0.15608382,0.83718169,0.8061108,-0.57012677,-1.00045204,1.10400593,0.27901852,-0.15507483,-1.01197171,-0.12475038,0.93032992,0.56265688,-0.89352608,-0.3110038,0.1974704,b'2'
271,0.9536618,10.05617905,-7.33544493,-2.8698585,5.6946907,2.46603656,-1.57326889,-4.49248981,-0.27232933,-1.12141323,1.06051838,5.55692291,-1.99323559,-1.47666156,2.32586002,0.41213846,1.20852256,2.39791059,0.10087588,-1.67295885,1.28679657,2.0955472,3.43675208,0.97641945,3.87831545,-5.32617283,-1.22188711,-0.95480973,-1.04111624,2.16352272,0.15087473,-2.64390206,-1.38747144,-1.16795897,-2.78480577,-0.18674317,0.78777671,1.5031004,-0.68284976,1.17205107,-0.60337996,-1.3757149,0.49479878,-1.66140139,-1.8358351,-0.97481012,-0.38373476,-0.82369232,-0.02659275,-1.21800685,1.44808531,-2.08606911,-0.61521912,-0.58243561,0.25715452,-0.04394072,0.20827007,0.84080309,0.06275314,-2.04476976,2.70134401,0.7937476,-0.18189353,-1.51819527,b'2'
272,5.1486969,0.26826644,1.11305189,7.11637163,3.12737703,4.42728329,-7.47934628,-1.0544982,-6.90895891,-1.27229261,0.57734942,5.82124376,-4.75473261,-1.80473959,0.0051527,3.99627137,-3.20487404,0.73209298,-0.62897742,-5.02247953,3.25887394,-1.06402683,-2.49613738,1.46172762,-0.11060727,-1.92264807,0.53834873,-0.14736766,-2.69546986,-0.72922939,-2.17883396,-0.04188037,-0.93466765,-0.01049894,0.72083002,1.59564722,2.27519631,0.50267327,-0.65421474,-0.29970923,0.4204495,0.22380604,2.33324575,-0.3246665,-0.47555912,-2.35581112,-0.39754355,-0.62515497,-1.23455787,1.03065979,0.11874421,-0.87424636,0.28955126,0.07753801,1.9125421,1.75523043,-0.32392192,-0.35246491,-0.15689474,-1.81709075,0.2298045,1.15691853,-0.70698458,-0.55241424,b'2'
273,5.28350592,5.95961761,-6.77082396,3.67070389,7.07726955,3.77781105,-5.73037243,-0.88560963,-3.9087863,-3.3957634,-0.95320487,4.32367182,0.29999089,0.00143702,0.04119205,2.57836628,2.12756801,1.33577347,-0.45394713,-1.16970134,2.52812839,1.80598402,0.00397655,1.79165936,0.57584751,-3.72507477,2.78281021,-0.95534664,-0.94946098,1.21531928,-0.5528518,-0.76016045,-2.13344216,-0.58278662,-1.01459837,1.31424677,0.17536449,-0.23595721,-0.64805949,-0.43756425,-1.73152912,-1.27858853,1.58600032,-1.07293773,-2.02022028,-0.48759949,-2.18179798,-0.52814889,0.02922833,-0.65532809,0.6006456,-1.36658001,1.40266335,0.65740722,1.32791948,-1.14060712,-0.02046609,1.71621835,1.21770906,0.43541706,0.58551788,-0.22583768,-0.97770381,-0.62793684,b'2'
274,1.79214966,-5.24162006,-5.60647678,11.44926643,10.66044426,5.53411007,-0.91752052,1.72131312,1.10206556,-0.63349372,1.94369626,5.98164749,2.45461798,-3.73676133,0.48377657,3.26875162,-2.61505461,4.64939499,-3.06549215,-2.13159347,3.91565299,0.67959851,-3.78081703,-2.14374113,3.46447659,-0.69334513,-1.69230235,1.9985168,-0.10785818,-1.59514356,0.42429829,3.63207245,-2.52851224,-1.16765928,0.85611606,0.44557655,3.01119781,0.89991987,-0.8966974,0.4823094,1.23668957,-0.98197979,-3.4843781,-0.03664495,-0.20983672,-1.43220282,0.47505218,-1.52022123,-0.15327957,0.04082876,-0.45483506,0.97938216,0.15369844,-0.89776468,-0.43875176,0.30768204,0.71107531,0.0064512,0.56049627,-1.91816998,-0.24531516,0.13643616,0.15547132,0.64135808,b'2'
275,7.7235446,4.57670307,-8.20893097,3.92368054,6.86913061,3.39031482,-7.34734249,0.12063539,-2.33117962,-3.72418094,-1.65482616,3.62508035,0.37303013,-1.20575202,0.19705272,1.4437592,-0.97716069,1.81284571,0.60937828,-1.6550467,3.15698671,1.0109303,0.21727356,1.07141066,1.30257487,-1.02704489,2.95700884,0.27520061,0.02339745,-0.62772757,-0.16425717,0.75290132,0.00774311,-1.7091012,-0.64772749,-0.60549569,0.4719243,-0.74338752,0.62340879,-0.56953996,-2.47173381,-0.93148571,1.91119373,-0.76881844,-1.33373153,-0.59471393,-1.45247591,-0.04619789,-1.29457426,-0.70792162,-1.53898406,-0.63440418,1.0791198,1.21688461,1.83401036,0.78207254,-0.30501914,-0.58415771,-0.04052269,-0.14578128,0.73576379,0.1185596,-0.2733565,0.9288525,b'2'
276,2.24636412,2.23466063,-7.52804232,6.80796003,9.00361919,1.90961671,2.29787087,-0.00486755,-4.38785791,1.07075238,-3.10643244,5.76604795,3.19325709,-5.97051477,0.07560396,0.54852128,2.79310584,2.9456656,-3.09905791,0.31399465,-1.32505488,-0.67919999,0.22109646,-3.57937527,-0.11384714,-3.75598812,0.17139256,1.7347064,1.11188269,1.49738109,1.64586818,2.06434441,-0.75126815,-2.45725012,0.61258543,4.05764008,0.06441402,0.48179591,-0.89169276,-0.63715309,-1.16410506,-1.57008815,-3.44687128,-1.17312479,0.32461154,-0.22752796,0.88081926,-0.02800679,-0.21281584,-0.34934843,-0.74030411,0.17215988,-1.5433166,-0.34964776,0.43592143,0.58686244,-0.4832027,1.34663486,-0.04469413,1.36457217,0.16391037,-0.54447627,-0.6001907,1.31875777,b'2'
277,5.69439411,8.04793739,-5.01774931,2.06669664,3.35176992,5.06489944,-8.72576714,-1.99956179,1.85399246,-2.12951756,-1.25798202,-0.32698131,1.84000742,-1.61456025,-1.1816287,4.57718945,-2.18471289,0.79309726,2.66427469,-0.32394016,0.16256627,3.45816159,-0.73115969,2.04112053,-1.91154838,-1.94675243,-2.27448773,-0.11155188,1.1469872,-0.79802245,1.81756234,-1.8038435,-1.13329327,-0.40786427,-3.22570634,-1.59925878,-0.42489243,-0.18055207,-1.33881056,-0.61419326,-2.37981033,0.99448675,1.11519957,-2.21127701,-1.05531681,-0.30957505,-0.24469616,-1.95835137,-0.64839447,-0.38033283,1.05604732,-1.61133814,1.07260644,0.498604,0.45927107,1.31702161,-1.17448545,-0.30032474,0.33275318,-2.63154221,0.62818885,0.21063298,0.67708266,1.01828647,b'2'
278,7.42581987,0.67175961,-7.37651777,8.48886299,9.76459599,4.04234695,-0.5569272,-1.86755967,0.08014297,-2.54652715,0.64543581,2.86724043,2.88260365,-4.16182852,-1.83542299,2.55245638,-2.4948554,5.00904846,0.1809684,-1.40271974,4.19046497,3.2431879,-1.231897,1.62347603,1.74514472,2.5496397,2.34879494,1.41606021,0.19019294,-2.98460436,-0.3872906,0.52265739,-2.29747987,0.68408698,2.54434896,-1.48753357,0.65082645,1.43566871,-1.39321053,-1.2308166,-0.62309885,0.25807336,-0.58586937,0.42990339,0.38133299,0.40586311,-1.70413136,0.76871943,-0.08253977,-1.46988034,1.69223595,1.14997745,-0.67916059,0.66638178,-2.26073408,-1.11949301,1.03061056,0.99420816,-0.53153849,-2.35780621,0.08098404,0.14227152,-0.32159072,0.45569021,b'2'
279,0.52533627,0.14580774,-5.81151152,11.88971901,12.01973152,5.09767818,1.07833433,1.03716362,1.89705849,-1.88332987,-0.14838386,4.16835833,4.68152046,0.304757,-0.70163631,3.76862597,1.12160969,4.24588203,-1.29059422,0.05510068,1.50833821,0.78113073,-2.90837908,-1.05622458,0.85963404,-3.25195122,-1.27407408,1.59872818,0.40223336,-1.19444108,0.09211791,1.46718168,-2.29334068,0.81199163,1.9722333,1.20419443,2.33475232,0.81139064,-2.41690445,-0.56659412,0.35268116,-2.00196624,-2.00468636,-1.54450774,-0.81304133,-0.95050478,0.52370352,-0.24475813,0.6939795,1.5453862,-2.02304053,-0.0656597,1.42809081,-1.38119364,-0.69869429,0.50884247,1.52468777,0.38460582,-0.28546104,-0.42789215,0.71509463,-0.28377181,-0.26640457,0.8151499,b'2'
280,4.27474833,0.80073214,-4.98816729,11.87267017,6.66738892,6.99727154,-2.48009109,0.46024227,1.07818437,-1.71021605,0.64440775,1.07952905,-0.38029325,2.25303578,-1.15934896,6.20915604,-5.63433838,2.16991901,0.58238369,-2.98794079,4.47597313,3.02096272,-2.54571676,3.31969452,1.38553083,-0.85620415,1.14715111,2.42999077,-1.97389603,0.16847992,-0.38695514,0.43724537,-2.3430059,-0.1962567,0.2865904,-2.85351634,1.50225234,-0.37044162,0.46680176,0.1252622,-1.17747319,0.03187644,0.70072865,-0.30015618,-0.89874899,-1.34572554,-0.25659317,2.16137767,1.15155506,1.95413315,-0.83505213,0.08451587,-0.83858204,-0.90257072,-0.60479718,-0.83950019,0.36616015,-1.69166589,0.05984855,-0.16400164,0.74245059,0.34767067,-0.3456111,-1.43533516,b'2'
281,-3.41314459,-11.83823299,-1.61719704,10.34399223,1.77359331,1.93404913,-0.42653322,3.9394269,3.95816898,1.67704391,-6.64356232,9.15749359,0.29716706,-3.14337111,3.29183602,-0.82785583,0.67437053,4.9876709,1.12922549,-2.71158051,3.7572577,-3.051507,-2.29056859,2.11394882,-2.04024005,-2.16851687,1.06088209,0.17193711,-3.02956057,-0.27268636,-2.82842302,-0.25304866,0.93219829,-2.09676623,2.89754343,-0.56029451,-0.2380259,2.15632558,-0.73735487,1.00635719,-0.07141817,-1.6492542,-3.18855762,-0.538109,-0.83295262,-0.12834214,0.74698329,0.29695773,0.26983026,2.24317551,-1.00657511,0.67504126,-0.72346759,-0.60842943,-0.08307725,1.65582418,0.81540382,0.23509955,-0.36149916,-1.04631531,0.73032343,0.48858595,-0.16784251,0.20446907,b'2'
282,1.10105026,-7.6119504,-2.85851383,9.57077026,6.98617506,5.28468418,-0.05085182,0.74669367,0.48848152,1.77156782,-6.85364914,7.22263432,1.44459462,-7.08514595,1.39683175,-1.76473641,2.56886077,4.41055298,0.20171499,0.20400524,0.60651171,-2.64310408,0.59301293,0.85503221,-1.52744102,-1.66600907,1.10392678,0.88935709,-1.2486105,-0.13210994,-0.16536152,2.56247663,0.85809052,-2.22582746,3.81550503,-1.53520858,0.97168517,-0.81023926,0.15926433,1.23952115,-1.78164935,-2.7518487,0.13353483,0.19615819,-0.1563617,-1.13676453,1.18437815,-0.13297796,0.23077196,1.01681721,-3.1307416,0.38424498,0.81674445,0.63158518,1.12788224,0.94431376,-0.88976669,-1.17621458,-0.08179063,-0.37696064,-0.07497223,-0.85318595,0.01568359,-0.60345328,b'2'
283,1.77315271,-9.45851135,-4.09692478,11.19100952,5.2044158,6.24281216,-1.28854942,-1.0238905,-1.09871674,2.1602242,-3.21054029,4.46883106,-0.41715646,-6.71379232,3.30572581,-0.53346896,-0.55108511,2.51655579,1.0855478,-1.95187283,4.20669556,-1.81523013,0.2541495,3.25089312,0.14521474,1.19581985,-0.1962119,-0.12142396,-2.8471427,0.21927154,-1.31578004,1.974154,0.57524925,-1.83795476,3.62965059,-3.1202085,0.7753346,1.95604193,1.00348639,-0.22470298,0.80809903,0.03161502,-0.38786197,0.1605203,0.97549987,-0.36733216,1.47793233,-0.21003795,0.86371499,0.92283869,-2.10767961,0.23191303,0.52453494,-0.10845745,-0.08790225,0.67926824,0.3640964,-0.91231513,-0.87924558,-1.06602061,1.36481535,-0.31694442,-1.33955503,-0.5247243,b'2'
284,9.09294796,0.49738264,-5.21972418,5.00742674,6.3409276,6.78038311,-0.47967577,-0.8428725,0.41055107,-1.7368201,3.7381897,0.0886445,2.37871742,-3.55438089,0.10797524,-2.16562653,-4.68387938,4.75405788,-1.80223835,-3.70692444,1.73816681,6.12982273,-2.21468902,1.00219059,-0.35635382,4.63433266,3.05082369,-0.83214498,-0.65973425,-3.54454184,0.06742692,1.05171204,-0.86392105,0.4447673,-1.64062381,-3.32600713,-0.17772365,0.14901119,-1.56173217,-1.48435271,-1.48421979,2.08273029,-1.94911647,0.47292274,-1.8849448,-0.6576097,-4.10846901,-0.40894198,-1.32648063,-1.4040333,-0.39689994,2.04802132,-0.53191566,0.80989063,-1.8546567,-0.12031943,1.40826488,-0.94951928,-1.17723715,-0.32157707,0.0923795,-0.27522576,-1.21969128,0.31319889,b'2'
285,2.85817194,-0.78834581,-7.35071325,7.07761908,10.41040421,8.98484039,-2.01742363,1.16603339,4.46901417,-4.0884819,1.76925325,3.84375,3.29009032,-0.35019726,-1.45382357,5.86133194,-5.47735929,2.76630187,-1.46803617,-2.1903019,3.97076893,4.33993006,-0.88285196,0.52527642,2.87833929,-1.29408765,1.76759756,0.12132549,-3.05143356,-2.63736892,-1.20464194,0.63170362,-1.91985774,0.37616938,0.74621046,-1.67960083,2.95932317,1.00604355,-0.02758205,0.36704373,0.43258715,0.7534973,-0.87689078,-0.37632608,-2.02711487,-0.78206551,-1.92133939,0.68684185,-0.66580796,0.83231437,0.35118902,-0.28336805,-0.19276667,-1.69930315,-0.01881343,-0.42589951,1.55285656,-1.62801778,-0.65636182,-1.29221725,-0.8079468,0.36300969,-0.07506776,-1.61721683,b'2'
286,-0.00849879,4.89323044,-9.71411228,7.78342152,9.80296803,5.76076031,-0.03513217,0.65222895,-2.11588526,-1.23209238,-0.43716812,0.79731417,2.18254089,0.12694958,0.94858861,4.2824316,0.93410587,4.26355171,-0.59794182,-0.65936494,1.36482644,1.25466871,1.7026515,-1.60930121,0.7137301,-4.07485676,2.49846458,1.51706505,1.0069313,0.94036353,1.26233947,-0.37300062,-3.42574406,2.40378666,1.05580831,2.53855062,1.04423237,2.35837579,-2.24454498,-1.07946408,1.24933505,-0.25339711,-2.03066778,-0.70122135,-1.28524506,0.68952143,0.19680533,2.11205339,0.6858983,0.14750504,-0.94125915,-0.40306103,-1.01212144,0.31318736,0.29271078,0.63599312,-0.25291562,1.59365809,-0.20577264,-0.410662,-0.0835374,-0.44961113,0.87386262,0.74072832,b'2'
287,11.79455662,4.49510813,-6.65445709,5.0324626,5.73283195,-0.18021476,-3.14647436,0.08318365,-1.70756245,-0.09555554,-0.10880208,-0.85197854,3.56011057,-3.12099457,-1.55398703,3.02857041,-1.50106585,2.80527449,-0.12558541,-0.52351069,4.75031996,1.13251698,-0.11893365,-0.19497657,0.41689968,2.68529344,1.38157701,0.72955275,2.32292151,-2.63470936,0.04730785,0.47723126,-1.4145323,0.51445282,-0.18815994,-1.72416627,-0.88014579,-1.24620676,-1.81857121,-0.18519914,-1.26735854,-1.09968281,0.52575171,2.0127635,-0.43561494,-0.93784773,-0.62024266,-0.14634109,-0.35163453,-0.40592772,-0.07746233,1.33281493,-0.62959576,0.38947415,-0.72222048,-0.5571202,1.09612691,-0.81098276,1.14293313,-1.4619081,-1.99373364,0.34421384,1.40351617,-0.6478309,b'2'
288,5.69436455,0.84979057,-6.66704941,7.76805401,7.0265317,4.72817039,-5.38167381,0.8155005,-3.43383074,-1.04330742,0.84525752,4.32206964,-0.99692988,-1.31577241,-1.77608347,2.89726591,-3.76076603,3.80521989,-0.95980275,-2.26477027,2.91227293,1.54975939,-1.83534396,-1.03758824,2.54371929,0.11337289,4.14886951,1.01685381,1.58760142,-2.00283408,-0.84025395,3.01420689,-0.97619498,-2.00535178,-0.22263038,1.25575244,1.83446336,-0.54205471,-1.5615834,-0.40135676,-1.45062602,-0.46853513,0.68418884,1.25823224,0.58610421,-1.91228986,-1.10187662,-1.11085558,-1.48482037,-0.52741379,-1.00053573,-1.46956563,0.71231008,0.12157941,0.01895696,1.01883125,-0.75930691,-0.86735576,0.88835841,-1.36254525,0.27317798,0.88270825,-0.45980278,0.17447285,b'2'
289,5.83978462,-1.53319156,-5.31824017,12.73054409,9.68033886,5.05332184,-1.60474777,-2.1802783,4.51191711,-2.02804613,-0.55021572,1.35227585,2.18393421,0.42461509,0.00123453,3.93334341,-3.51864243,3.01582789,-0.75960147,-1.902179,2.52637792,0.10646194,-1.50625074,2.98442125,0.68750966,-1.81754875,-1.55678082,0.74700809,-1.99422264,-1.57709098,-1.19026196,1.98961353,-0.99990904,0.60548532,1.89104939,-0.23983184,1.70631194,2.64440084,0.13258457,0.56672895,1.203228,-0.84303838,1.41332769,-0.88519233,0.15831375,-0.87137026,0.83528149,-0.16985679,-1.02868128,1.39398229,1.1052345,0.7211287,0.64950359,0.29142761,0.13404644,-0.85692477,0.35896301,-0.64465392,-2.13676786,-0.68573833,-0.55653971,-1.59637308,-1.12247419,0.80176294,b'2'
290,1.86661899,10.70050716,-8.32196426,1.45015407,3.65367317,2.98014474,-5.10713863,-3.24343657,0.84941769,-4.30171967,-1.28123474,2.7954669,2.23745823,-3.53884006,-0.60235596,4.33818769,0.03954327,-1.21944022,-0.12683012,0.24320769,-1.31821525,1.83490729,-2.03847957,-0.43511987,1.61706483,-1.17774951,1.53916395,-0.74652302,0.77868748,0.51365387,0.9823401,1.05752039,-0.59642535,-3.19805765,0.10322952,0.92440569,-0.57255256,0.12754869,1.14180028,0.61605108,-1.39068234,-1.57003951,0.6767903,0.70902985,-0.27757716,-0.10898325,-1.09918523,-0.49562836,0.66782618,-0.37759972,-0.79982829,-1.97741699,-0.57442141,1.59654868,0.1845817,0.42916763,-1.2482543,1.49952102,2.15050459,0.50417244,0.65905708,-0.75938606,0.40110838,-1.71237159,b'2'
291,-1.12229121,1.1827364,-7.66624212,5.45157576,11.45172501,5.04610682,-3.24070311,0.50094056,-3.4011445,-1.14550364,0.36231089,1.83281851,1.70371652,-0.16770428,-1.28067398,6.11874533,1.45341206,1.66867423,-1.15631807,-1.98398554,3.17327118,0.73737508,1.7086761,-1.31051421,0.33666533,-5.24544716,0.31903493,1.47759724,-0.32531166,1.68404496,-0.05316126,1.40080643,-1.63059878,0.92489111,1.58842278,3.71104908,1.68573308,2.80763078,-3.59981346,1.48337209,-0.92692047,-0.32815927,-0.49622285,-2.76746464,-0.95973527,-0.09021793,0.3278411,0.28471732,0.63952661,-0.81213242,0.63987857,-0.38412213,1.10054946,-0.07996523,0.41364354,-0.10609072,0.98860979,-0.51206189,-0.56781298,1.60457814,1.43200016,-0.10733581,0.04835969,0.50539333,b'2'
292,-3.18942475,-10.26224899,-2.06377077,12.06649971,5.84261847,3.9210217,-1.09336329,4.17499828,2.27454019,2.1032896,-3.83596802,9.39384842,1.36241925,-5.84780264,2.17410326,-0.38457251,0.0912534,3.10359931,-0.52163064,-1.90494776,3.53824759,-2.66384768,0.83820546,1.36255789,-0.28367314,-1.71997738,0.64417398,1.144243,-2.09373379,-0.41845,-0.94355237,2.72921753,1.36972153,-1.30451465,3.86734772,-0.63846242,0.40715528,-0.98141319,0.0945828,2.07929397,-0.17768896,-1.5401746,-0.00242099,0.8057065,-1.35897267,-0.74327749,1.20469415,-0.89076185,0.17977491,1.12477934,-2.07809782,0.73821461,-0.37350011,0.77220827,0.04395908,2.2909739,-0.39416289,-1.26934707,-0.19948047,-0.14304972,-0.80546165,0.03280699,0.70759964,-1.68224871,b'2'
293,-0.22376776,7.76551914,-5.74959898,0.88199151,3.41133356,0.79732192,6.84622288,-2.61353445,-0.2451334,-8.41414261,2.55687189,6.78796768,-2.36619949,-1.04047918,3.43433142,-2.67655182,3.38472629,5.09634972,-2.23963833,-3.75759602,1.08755481,-1.61520076,0.14048561,0.9565928,-1.63956809,-5.32212496,-0.93110055,-0.43322325,-2.12727642,4.13521957,0.69174397,0.25940061,-1.56086683,-3.56075621,-0.87726128,2.46208024,0.46568084,1.82319236,-1.05028403,1.45711267,-0.77472484,-0.17153828,-2.4721632,-1.31885445,-2.9968133,-0.04459136,1.67758286,0.28190684,3.07493901,-0.21622241,0.96700591,1.40357041,1.66421533,2.06250668,1.19396329,-1.61349773,-0.29430246,1.23233354,0.56641608,0.42550015,0.31432116,-0.22444399,0.79639864,0.36559612,b'2'
294,4.30544043,5.95773792,-9.39081383,6.67910719,7.94603157,6.44528198,-2.50269032,-0.75556588,0.26980591,-1.36817551,-0.22497153,2.78077269,1.13292825,0.47276756,-1.92578173,3.2457006,0.68252373,4.38565636,0.1079351,0.52306747,1.40023422,2.67516851,-0.00443682,0.24629378,1.34631276,-3.29908848,2.39155245,0.64515257,0.57925892,0.74896109,1.80052233,-0.54567313,-2.75407457,0.42289132,-0.33122861,2.41766667,0.53709483,0.41119331,-1.5770694,0.6194886,-0.64835817,-1.57304847,0.84706914,0.41846043,-2.11815929,-0.36765805,-1.54653454,0.4553082,-0.01087303,-0.8750881,-0.32811975,-1.63188791,0.06875753,0.31626093,-0.20870179,0.29492736,-0.76911473,1.47731996,-0.60948122,0.5265727,1.70143795,-0.81122315,0.27613604,-0.05259218,b'2'
295,3.05818605,7.15117836,-4.89324522,8.35078812,4.89773178,6.58382702,2.61778212,-3.57696748,5.92136717,-2.44479609,-5.39641666,2.69775152,4.04513836,-4.14156961,-0.41676378,5.03749514,-2.49412036,-1.35776901,1.10953009,-2.0362165,-1.11371446,-1.6925385,-1.09232247,1.74926329,-0.61330146,-4.81208897,0.16036808,2.65227079,0.85819912,0.18693459,1.0751189,0.10777211,-0.37945998,-4.32542562,0.73842752,1.88392627,0.63842821,0.88665277,-1.07555473,1.10830951,-2.40857124,-2.25736284,-2.35715675,-2.02963662,-0.42441428,-1.25566399,1.86173236,-0.79662323,0.70417619,0.19645208,-0.54609901,0.06602854,-2.36551166,-0.13591135,0.03503078,0.84097111,-0.71548963,0.6271494,0.78781778,-0.30741662,-0.36931193,-0.83132577,-0.62028503,2.16282034,b'2'
296,-2.9426012,2.22321463,-4.86394405,4.47660446,10.5098114,7.92127228,-4.78725052,5.05187845,5.16017103,-6.20879364,-1.58351707,5.06834459,3.22230458,-1.8207438,-0.85617733,5.78294992,-0.42294061,0.97198296,0.23439699,-2.39662671,-1.04095972,-2.17636967,1.34759343,-1.18677366,0.52769077,-5.10218239,-0.78356016,3.77860022,1.68317246,0.04024369,1.76297557,2.24390125,-1.80240011,-1.44948435,-1.88085771,2.09327245,-0.20823574,0.48872298,-4.24442625,0.68697417,-2.49133968,-0.92349225,-2.26553869,-1.76629567,0.48870879,0.19263166,0.0501727,-1.49111152,0.4126209,0.81176984,-1.98408437,0.07637566,0.10934186,0.07861602,0.76542127,1.27107859,0.456707,-1.95026386,-0.38022837,0.04318571,0.02556832,0.88688785,1.78855574,-0.62474656,b'2'
297,4.94969702,5.15668774,-4.89602757,6.75576591,4.59045792,5.75763798,-7.83580303,-0.61768019,1.13004136,-3.97979712,-1.75346804,-0.49594188,1.40731597,0.82897174,-2.23797989,6.51812267,-5.94914627,2.26498485,0.14472544,-1.58339691,-0.12020953,4.37077093,2.23602605,1.91548252,-1.74028456,-2.23704815,-0.42840055,0.92930412,0.08136415,-0.72100329,0.06795681,-0.03295827,-1.07052159,-1.06862044,-0.97552848,-3.25582337,1.21626043,1.14828897,-1.47663319,1.90436077,-2.26697922,1.09563291,0.36066926,-1.50089145,-1.2342242,-0.99031907,0.69024682,0.73084807,0.36226207,0.14457619,0.29385108,0.27565527,0.97265935,-0.3585254,0.62752444,-0.93425965,-0.28969717,-1.35629225,-1.18159366,-1.23043084,0.37410754,-0.19834051,-1.42474663,0.39986432,b'2'
298,2.02776337,11.37251663,-7.97565126,-0.25022608,1.24473631,3.12703371,-2.22291136,-2.32948971,-2.18143988,-5.2096529,2.9480927,3.86053514,-2.44231915,-1.54982662,3.41058493,0.06405926,0.61983085,-0.05261862,-0.2786234,1.86140776,-0.09199165,2.70091391,0.77168703,2.29281378,-0.15087825,-3.64289546,0.04486263,-1.28101158,-0.78964806,1.88038266,-0.56911695,1.0923419,-0.64194411,-2.07831693,-2.45254517,-0.59112537,0.19865513,-0.37324971,-0.25117564,-1.40991759,-0.20875996,-1.06488788,0.3789131,-2.51117587,0.04844165,0.42387533,-1.87037766,-1.16738868,0.24344432,-0.05782831,1.04469502,-1.65149689,1.13694215,2.36640978,0.18491298,0.42174292,-0.20547771,1.46151102,0.85989791,-1.06280911,-0.32483119,-0.02623871,0.0118708,-1.2853595,b'2'
299,7.08220911,-4.97318125,-2.60145783,10.24452972,2.28000641,2.72823858,-4.92884159,-1.70391488,-5.82098246,1.80857825,-2.07689381,1.06133127,0.45827734,-4.91077709,0.45108938,2.51547432,-1.99612081,0.79328561,0.69624794,-3.04816651,3.41512942,-1.43611169,4.10842514,1.91672516,-1.95928085,-0.90997726,-0.88862252,0.62085187,-1.68743038,-0.37241518,-2.74309301,1.07263756,-0.43778831,-1.86633515,2.07785368,-0.79336619,0.84140635,4.41214323,0.74009448,-1.03085899,-2.02554512,0.90147018,-1.13681436,-0.65167636,0.5482536,0.24615639,-0.13633348,-0.47932124,0.0741584,-0.19034976,-0.90910518,2.59512949,0.75344384,1.8040657,-0.1878323,-0.47629878,-0.19419003,-0.73981458,-1.48751163,0.23279774,1.85993576,0.1331107,0.19187379,0.52431041,b'2'
300,7.23967123,-1.41142547,-9.56606865,4.75140858,8.80904198,3.4257679,-6.18316936,0.61095119,-0.62323666,0.42495894,2.36704993,-0.47487378,1.84055686,0.51406544,-1.7584219,6.50255203,-3.33159494,2.89181352,-0.87443495,-0.97816479,3.40267897,0.62925971,0.80097282,-2.59494638,-1.27759695,1.2197572,1.80695045,1.30741477,0.54293513,-0.69539309,-2.4233017,0.64506054,-2.84119821,1.00471878,0.31669915,-1.84542572,0.51748037,0.93217993,-1.67063367,-0.46749386,-0.96316254,0.76636183,1.08579326,0.24584602,-0.23963356,-1.32726455,-2.09902978,0.43126082,-1.30585384,0.13677835,-0.34690106,1.36453712,0.6898644,-0.70524645,-1.24689651,0.16270065,-0.78726315,-1.53255594,0.0932771,0.24690711,-0.4937464,1.20351553,2.03750229,0.13861029,b'2'
301,3.70385122,5.73989105,-5.30037451,5.07501125,3.7257123,6.36748695,-10.42954254,-1.77762127,2.49728251,-5.76233482,-0.24962711,1.2789278,1.94814169,-2.00902772,0.00659561,5.56451845,-5.07022715,1.69299555,1.1342411,0.14322972,-1.57139432,2.40481257,-2.62453318,2.40902233,1.09693456,0.11463924,0.80477858,0.3730011,0.90919113,-1.68437779,0.6967268,1.73139477,-1.96568918,-1.39905214,0.4260779,-0.38794866,-0.21256638,-0.31512374,-0.05266321,0.26581055,-0.48878467,0.03831473,1.57623029,1.22252667,0.78746951,-1.17593229,-2.13135052,-0.26030135,-0.64333344,0.75572264,-0.90437257,-0.03096312,0.83214974,1.28358448,0.12530601,-0.20822096,-0.8173666,0.42377675,0.57346314,-1.16028821,0.26998484,0.95196754,-1.02872252,1.33822572,b'2'
302,-0.29577875,5.26128769,-10.22329617,4.87494135,8.01453495,8.884058,-3.33139324,-2.40014029,5.94165134,-3.97306204,1.48806143,4.02898026,1.98161578,-4.67442036,1.14714241,2.85973263,-0.27165818,0.11749792,-0.79904318,-0.43280494,0.74625421,0.94307125,-2.33518648,2.71543503,0.70948648,-0.05117973,2.36536407,3.29814386,1.43398309,-1.04247105,0.58465421,-1.73017454,-1.50340235,-1.28610229,-0.67134202,0.17344019,1.42385793,3.09781909,-0.81545079,1.09821486,-1.66113925,-0.32719457,-1.498263,-0.97576189,-0.05074406,1.39653158,-0.06310992,-1.82756257,0.22953486,-0.53544873,-2.30183816,0.99789536,-0.25882387,0.81798124,-0.66031152,0.4238652,-0.57806516,1.80092633,0.45119435,-1.1712873,0.28127038,0.1833148,-1.31392741,0.83865511,b'2'
303,0.50731659,0.00107026,-7.3623805,10.12967968,12.16095734,5.30433559,-0.47541809,1.12315822,0.17212296,-1.35556459,0.0171957,3.48876214,3.63579559,-0.07458248,-0.29057312,4.54885769,0.22363567,4.5296526,-1.50184095,-0.87122345,2.99102688,0.43781555,-2.5672884,-2.38803768,1.4045912,-2.84471488,0.28977096,0.88712347,0.91642404,-0.60622966,0.16805089,2.68443251,-3.72550154,0.11877543,2.14727044,2.50909114,1.88413405,1.00773418,-2.24923658,-1.48440599,1.08912516,-1.33051586,-1.51404977,-1.27412391,0.2489751,0.34270799,0.36179239,-0.92020369,0.62243205,-0.04667515,-1.2087847,0.30545753,0.53464055,-1.47675705,-0.44931763,0.96851099,0.54981184,-0.03991674,0.92944092,-1.36284876,0.79524237,-0.15479285,0.60898089,0.99903184,b'2'
304,3.87214518,-7.40385818,-3.03851938,9.36228657,9.66243172,5.7249918,1.77260423,-2.18124437,2.16588688,-1.03484964,0.79087806,0.13760376,4.28018856,-1.71896613,-0.96570969,-0.99874902,-2.1702795,3.95002866,4.81009007,0.8082149,0.15110797,6.30283165,-3.72958183,0.29518676,0.06117004,1.90781152,1.34961641,-0.8405953,-3.22608519,0.02319556,-0.78388369,-0.80569911,0.41638452,1.05861044,1.17071319,-2.75435305,0.9777019,1.76832747,-0.02360892,0.54951012,1.16293764,1.68366265,-1.7555033,-1.12705612,0.32774019,-0.83792669,-2.21832013,0.30063176,0.08488283,-1.2408154,-1.82509995,1.90056872,-0.56692982,0.42483395,-0.85595959,-1.39317679,-0.03408122,-1.23175001,-0.00314188,-1.58220673,1.34906375,-0.13287878,-0.06720209,0.97979289,b'2'
305,3.72103596,3.56689835,-6.9412303,9.59197998,7.04535151,4.72482061,-2.63143826,0.49830407,-3.5619626,-1.20629239,0.21943593,4.19123268,0.54707593,-0.88461453,-0.91120434,2.29630351,-0.12876809,2.95212555,-1.26102924,-1.82971096,3.12677097,0.48443341,-2.32614017,-0.20300794,2.9141016,-2.80240035,3.9086566,1.45804954,2.12804699,-0.39574641,0.22667849,2.53942537,-1.58274627,-1.16110229,0.67089528,3.1052599,1.95048642,0.7050904,-2.08811522,1.46074009,-1.25672591,-1.20026457,0.65194017,0.22640873,-0.3144964,-0.315961,0.33647782,-0.56184745,-0.25524139,-1.09955597,-0.12636562,-2.8116169,0.53815937,0.15619111,0.57645583,0.7586571,-1.53443718,0.98450589,1.67227936,0.66771281,0.46035695,0.65593511,0.17955899,-0.22325981,b'2'
306,0.7676729,3.09153605,-6.18469429,10.15723038,11.16243076,3.87394834,2.90502501,0.77580726,0.70113659,-1.20879602,-1.21566677,3.91461563,5.07185268,-0.19200042,-0.28723335,2.0113914,3.58432269,5.28816986,-1.30078542,0.53175831,-2.63576055,1.28945351,-1.00849044,-2.70757365,0.1673032,-3.9071846,-1.03986824,0.79667878,1.74307561,-0.27373892,1.04544139,1.57094765,-1.83933067,-0.56622475,1.14797235,3.11132884,-0.34860754,0.74708235,-3.83909178,-1.15182078,0.86334813,-2.0860374,-2.16105413,0.95830959,-1.06439888,-0.06860393,0.75934941,-0.88987613,1.28021145,1.4743675,-0.63264042,0.55556965,0.4886384,-1.05736041,-1.27474546,0.72723329,-0.53964996,1.23661625,-0.01686352,0.01464748,1.33877563,-0.49652788,0.6426574,0.49223086,b'2'
307,-2.7679143,2.6503458,-5.68277836,4.45713043,4.37377262,0.94742286,5.91862249,0.61282468,-4.35125685,-2.93331766,4.55520439,8.04812717,0.5462153,-4.44309855,1.57640624,-3.01246548,5.97685909,5.71961594,0.77320683,-0.65079236,-3.39177823,-0.66889399,1.07455695,-2.38601899,-1.82301795,-4.6465559,-2.11632681,2.32429338,-1.36632204,1.18017375,2.10016584,2.39590216,-2.65738916,-4.43971014,-0.28553188,2.13783169,-0.31816769,1.53441,-1.96238983,0.7426393,1.19035339,-1.29894662,-3.17965007,-2.46260571,-1.77413929,0.47062755,0.9294768,-1.70097566,2.14498258,0.78385389,-1.08489239,-0.94675541,1.36267066,0.18781924,0.76995635,0.3254745,1.24091685,0.19228756,0.22578192,0.30782294,0.77319926,-0.63118637,0.77621615,-0.76676083,b'2'
308,5.58861399,3.48665857,-6.61016321,7.21057272,7.29879093,2.37356901,-3.9971981,0.83889836,-5.82698965,-1.67590952,-2.06175756,2.73643231,0.8206594,-2.36922908,-2.18632269,3.40510035,-2.52629137,2.63173699,-1.19068122,-2.03982949,2.59210491,0.87830848,0.19634914,-1.96151781,0.37631106,-0.71658415,3.59765863,1.84390283,2.03915286,-0.05766249,-2.31926298,0.14401722,-1.97300303,-1.00865483,1.22230542,1.48151481,1.83433032,-0.78980905,-0.44400036,-0.07870886,-3.6955111,-1.1221987,-2.18497419,-1.22340262,-0.69859016,-1.19168949,-0.5567565,0.83084476,-0.88181615,-1.22497153,-0.54118842,-0.24056298,-0.69218779,0.74267709,0.20579189,-1.63275766,-0.31646585,-1.19049776,0.73028868,0.01719356,-1.71447098,1.07976031,0.08527315,-0.60289764,b'2'
309,12.03345108,4.08998442,-1.57721567,3.90510631,3.77358341,4.79140568,-3.87410593,-1.73853564,2.05381131,-1.06306672,-0.44958711,-1.11830401,2.20934963,0.89264882,-1.4188242,1.37682378,-2.05031085,0.19349074,1.15277231,0.88896108,2.34280896,4.56483746,-4.60488749,0.50370264,-0.06469053,3.10576773,0.21473467,1.51854157,-1.49934769,-3.8903017,0.74540889,2.013412,-0.77299446,2.57958817,-0.82567739,-4.29221582,-0.71514952,-1.68042684,-1.03651798,-0.83632356,0.69699931,-0.14684792,1.48996234,1.52459788,0.02880228,0.56271517,-1.54901242,1.7059567,1.94139171,1.86025012,-1.86755562,2.01981592,0.3631053,0.29133344,1.58384967,1.10065198,2.31634331,-1.08350885,0.57968634,-1.92352009,-0.98399073,0.19100887,-0.16999072,0.8571102,b'2'
310,1.96725333,-1.2598772,-4.67468405,12.48995399,7.21898079,8.77133369,-1.38088083,1.60311317,7.54686642,-4.6824379,-0.15678239,3.53879714,2.67857575,-0.34079042,3.63814259,6.39379025,-6.88351059,-0.5238421,-0.94362265,-4.35144424,3.66158295,0.17268449,-1.57758474,1.88677073,2.82979345,-2.56747293,-1.8109529,2.22759581,-2.07910633,-2.32885122,0.25539231,0.53094435,-0.70189404,-1.54863596,-0.90924263,-0.48408762,2.07718015,2.19598007,-0.18523395,1.40492523,1.08532333,-0.48899633,-2.5703721,-0.58725762,-1.171121,-0.67511898,3.09675932,-0.66750693,0.24545673,0.92051852,1.35075402,0.41045868,-1.37166953,-0.60115647,1.23123586,1.30744553,-0.57758021,-1.24577534,0.50173503,-1.5326457,-0.350986,-1.1428411,-0.56286103,0.23785347,b'2'
311,7.32683706,-2.05771685,-4.26676035,8.02733421,7.12226963,9.31974506,1.84048033,-3.60669971,3.50062561,-2.36596346,2.35733676,-1.88727212,1.27044845,0.1917066,-0.31717539,-3.15470695,-3.33572054,3.0928967,3.14145207,-3.49090862,2.918051,3.58305836,-3.98195124,4.08440685,-0.1221332,0.64504176,0.74422419,-0.87567747,-2.22879457,-0.75753605,-2.27384901,2.26130199,-0.99729705,0.63149345,1.42488408,-1.63620746,0.07011604,3.5606029,1.51767397,0.35478383,-0.53088617,1.62386167,3.33245158,-0.84863973,-0.32316792,1.29772568,-1.62044394,0.8722527,-1.40045381,-1.21737492,-0.64032942,1.66471267,-0.82478261,0.014467,-0.18033403,-1.3275708,-0.1955018,-0.31640738,-0.84270918,-0.3539356,-1.26349068,0.40078431,-0.69988734,1.10445964,b'2'
312,6.69571924,5.71028328,4.23771572,-5.28900003,3.70714808,1.18018568,-3.05299473,2.37116671,16.02070618,-0.91627169,3.90471435,2.72249174,4.01195717,-5.4520793,-1.85460663,3.82175899,-1.30942905,1.9781127,6.10378075,0.43502641,-0.68400127,3.835217,-2.57236743,-0.55076599,0.2157163,2.02121735,0.83892787,1.84985065,0.69272304,-2.48058939,-0.92161095,-0.67778683,0.7682271,2.105474,0.00560665,-0.34152165,-0.3377893,-0.01917869,0.82598907,-2.33326364,-0.10573649,0.59781456,0.09238006,3.23803854,-0.44458616,-1.00527167,-1.31824684,-0.50783467,0.32494885,0.83393431,1.81841612,2.92480588,0.4240942,-0.06082332,-0.64972597,-0.10234678,1.07378066,-1.22721899,0.01939446,1.02359641,0.32966864,-0.80053198,-0.45500845,-0.6599521,b'2'
313,-2.60165548,5.26745987,-6.35470629,9.24958229,7.86023521,8.51678276,-1.6465683,-1.71156216,5.56319761,-3.9451139,-0.54894638,2.1655817,4.00537968,-2.04982567,1.18545485,6.17666578,-2.35885572,-1.60009003,-0.54730964,0.36451554,0.88363719,-1.41074514,-2.49258709,3.46201515,1.9765631,-3.83447552,-0.57449418,4.59736729,1.24785471,0.13434374,2.5681994,-0.29066849,-0.92098522,1.87275922,1.4746834,1.33053792,0.76763368,1.30455434,-1.11806166,1.89061809,-1.60370231,-1.47860682,-3.01027989,-0.66131562,0.1686641,0.57052201,0.98483384,-2.18012118,1.32223344,1.37856948,-1.01575935,1.47003841,-0.70619297,-0.5214473,0.41000837,-0.17936528,-0.08933353,0.45526016,-0.5976038,-0.83143902,1.51583481,-0.86614573,0.26172543,1.36972678,b'2'
314,5.29331255,2.29180861,-5.15122795,9.24488544,8.34207249,8.56090736,-1.49806452,-1.72040725,4.75082874,-3.29545879,-2.12651157,0.53471446,4.11293888,0.83897895,-0.71587276,5.06860924,-6.21668243,0.93330073,0.25791335,-1.45967054,1.6196934,2.41487122,-0.65771019,3.20591021,1.411847,-2.25569534,2.43532848,0.83673155,-2.56616211,-1.30573344,-1.38722956,0.16316342,-1.29577792,-1.27464247,-0.64739597,-2.24683022,1.55707717,1.85862315,-1.03187358,-0.34331706,-0.77235889,-1.39728951,-0.16432068,-2.37369752,0.13655806,2.04829669,-1.04249454,1.45844507,0.27039677,0.88853943,1.0667522,0.63233668,-0.24544787,-0.30376852,1.77345872,-0.08194315,0.4778533,-1.05985868,-1.16821861,-1.45958877,-0.65955675,0.25074708,-1.24238694,-0.46933493,b'2'
315,4.2195034,-0.23099661,-6.02586603,9.88450432,6.81070328,3.85989356,-2.3239398,0.00156844,-5.06662035,0.17975229,-1.76875496,4.48902798,2.00005817,-5.7647357,2.17854524,0.57433677,0.51235032,3.0291183,-0.44551206,-1.80062532,2.39118838,-2.53250241,-1.46872663,0.35326385,1.88189185,-3.42673111,2.20782089,-0.49535275,0.11851358,0.20392549,0.62587667,2.45464945,-1.50989497,-0.75837928,-0.70734763,2.58834314,2.83428073,2.62511921,-1.31524718,0.32160443,-1.06520069,-2.03964806,-0.06109031,-1.46748078,0.28532392,-0.02797853,-1.20291221,-0.35405397,0.32149619,1.42262638,-0.50766921,-1.917871,0.82675636,0.89991421,1.3045187,0.03134674,-0.23596954,0.83911645,-0.32520539,1.42168891,-0.39361244,-0.86671203,-1.29087257,1.16605794,b'2'
316,5.26220942,-2.22339177,-5.9886508,8.82882214,9.45237732,4.52144623,-1.20182467,0.96320134,-3.51369429,-0.25016567,-0.97704816,3.71945047,2.41370893,-3.37114978,1.0656848,4.06705952,-6.06653309,4.35912132,-2.46248746,-2.24305558,2.20297623,0.83810598,-0.81002772,-1.61378157,2.25595999,-0.10281725,4.31579494,1.68676424,1.13300395,-3.07199717,-1.19880593,3.89288568,-1.81774819,-1.28925228,1.20368934,0.37994796,3.56998849,1.30843377,-1.26721895,-0.92037272,-1.09057069,-1.10916531,-1.63397491,-0.50042939,0.09524655,-0.04803359,-1.09733319,1.40062618,-0.90592122,0.78688145,0.16183093,0.0614832,-0.34565759,-0.34844768,-0.21844989,-0.74973422,-1.24968719,-0.05545157,0.19287717,-1.57690918,-2.33157706,-0.32075092,-0.88955528,0.22549576,b'2'
317,1.7670635,6.67050552,-10.69721889,-2.64430094,7.4266367,1.64245892,1.70962453,-2.32883,-5.09726667,0.35588825,1.98423219,3.12168193,-2.17963409,-0.33868793,2.28705859,2.73727107,1.79307508,1.05144691,-0.87223667,-0.50369048,-0.28480214,1.55299473,1.71799171,1.82849264,0.13093734,-4.27780151,0.82099557,-1.31909406,-2.25619841,0.53932321,-0.98597038,0.73711967,-1.40627789,-2.63458061,-1.92795849,3.65628338,-0.97119188,0.42265564,-1.48348176,0.09101748,0.04279828,-1.332268,0.60108465,-0.45339537,-2.32960987,-1.60057855,-1.22203612,-0.0350523,-0.18707037,-0.13416934,0.82222819,-1.44001698,0.23025179,0.52424264,0.39997834,0.2057699,-1.43360567,0.11298812,-1.03632939,-1.99000227,0.39661586,-0.54243577,0.55594254,-0.89839149,b'2'
318,3.0703454,-3.11815977,-4.65816355,10.401824,9.23031807,3.99693727,-1.18458366,1.3093164,-3.68443727,-0.40865114,-3.78944445,6.10097885,2.55170608,-6.26862288,3.1574049,1.3077215,-1.03425527,2.86603069,-1.42312062,-2.14522719,1.9534415,-3.76463699,-0.9369849,-1.14533722,0.09587288,-3.9224596,0.726807,-0.07653487,-0.28149843,-0.7643925,-1.07993639,3.27381754,-0.71618211,-1.21392608,1.24541676,1.92148888,2.63012338,1.98475826,-0.71625125,0.11562818,-0.8651365,-1.972314,-1.35258937,-1.86847162,0.32448834,1.81189883,1.10770214,-0.16324091,-0.01404792,1.87756288,-1.38995397,0.71848476,0.37945151,-1.38024497,1.48959923,1.00764358,0.37729669,-0.81410128,-0.8449533,0.60854352,-0.50104719,-1.26774597,-0.20504153,0.99303216,b'2'
319,-2.40699291,2.27087927,-3.70571136,-2.79887486,7.22453785,-1.1080482,10.59418488,-1.6553185,-3.78035879,-5.04017973,1.58972776,8.81617737,-2.09131026,-2.70691848,3.76203728,-5.54831982,1.66561913,7.73078156,-2.58568382,-2.23369575,-1.49440491,-1.64143968,-3.25094581,-1.05929351,-0.63987267,-3.76002431,-2.48763132,-2.01557779,1.83854413,2.38340664,2.06479287,0.54398227,-0.95261979,-1.26373386,-1.15307188,1.92474258,0.39732504,2.2269249,0.30506575,-0.68415838,-1.51068687,0.59828269,-2.93898082,0.19981281,-1.58729637,0.43819267,2.33327579,-1.55623364,2.27046752,-0.51197946,-0.30534834,-0.43715572,-0.70902658,-0.29938817,0.10076249,-0.22414428,0.39930463,0.88694704,-0.98726708,-1.64332438,-0.84865582,0.17025125,1.26949179,-0.32710785,b'2'
320,0.3008455,10.26694298,-8.29269886,2.44600296,5.25728273,5.20664215,-0.6149745,-1.28091192,-0.69043875,-3.55502701,0.46740437,2.62455511,0.97836876,-0.77300465,1.89517641,3.49387693,2.28188729,1.39841533,-2.27746153,-0.48123658,0.04249573,3.21128774,4.52756405,-1.43859744,-0.01978797,-5.80982065,0.95777977,0.60855222,-1.2717638,2.05526829,1.16970634,-0.81210101,-0.16667205,-2.13704872,-1.03666162,1.17039597,-0.17836142,2.83722281,-1.9076401,2.30350852,0.8132515,-1.79826295,-1.76424181,-2.1027925,-2.62897825,2.61913824,-0.43922067,-1.51450276,0.63581985,-1.42956257,2.38125873,-1.70092082,-0.8905623,0.06224012,1.21826601,1.02107847,0.83016062,0.75030142,-0.78338164,-0.54245454,-0.3465566,0.5020203,0.14674336,-1.19093382,b'2'
321,2.90229082,2.22870684,-6.85554838,5.62105942,8.92454815,3.18873119,-1.42593145,-0.34961319,-5.98774576,-0.64425933,-0.02928376,5.45956707,0.64302683,-2.43078017,0.80121183,0.5361557,3.82097459,3.256284,-0.77599037,-0.42566669,0.26360452,0.34635776,-1.18322432,-0.77444601,2.27022648,-4.82687235,0.82465136,2.31257892,-0.11956882,0.99520409,0.49935615,1.4304657,-1.80680609,-0.15712887,0.74025989,4.73255682,1.1286633,1.14205945,-1.66744745,0.5084784,-2.00193858,-2.08729768,-3.08603501,-1.38716328,-0.77083075,-1.06536412,0.04361762,-1.42491531,0.47138536,-0.79436719,0.67742515,-2.33276701,1.07757938,1.12758446,-0.54536027,0.86035228,-0.00666952,1.58774269,-0.25668502,-0.01709783,0.54652625,0.06708747,-0.46166831,1.9974153,b'2'
322,-2.91445494,-9.09590816,-2.82457876,12.38393116,9.54793453,4.05005312,-0.00692892,4.10086727,5.40389681,1.07177961,2.54059029,9.44163609,4.70701456,-3.32335258,0.54952574,0.53485894,-2.03737497,5.3902483,-0.42810869,-1.32717001,1.54558265,2.67436457,-1.51508486,-1.54749453,-0.40001699,-0.12371063,-0.02872941,1.14164424,-1.62149525,-2.88491631,0.96092105,2.72079945,-1.51607132,-0.5607031,0.09852791,-0.5227915,0.02232742,-1.13856053,-0.35353506,0.72574842,2.95499778,0.18782096,-3.43972445,0.60951507,-1.97524607,-2.59706664,-1.02436376,-1.5944469,1.98300219,-0.56712198,-0.21183394,1.54074204,0.02006626,-0.83556485,-1.13986206,1.04772449,0.70832086,-0.33332962,0.10437214,-1.05462611,-1.06081736,1.07613659,0.9863627,-0.40996745,b'2'
323,-1.34027624,3.21793127,-9.98276329,4.62347174,11.80929184,2.04749727,2.34731793,-0.60672402,-3.96449804,-1.36190486,-1.30989933,2.93309331,1.03011382,-1.69356775,0.36342263,4.91139364,2.83263469,1.08028817,-1.6103977,-0.46514964,0.73351943,0.199543,1.84451628,-1.82697451,0.49515176,-4.92637157,0.82488513,1.88643861,-0.87163115,1.96712434,1.04926527,1.92596722,-1.13188982,0.70324755,2.06506681,3.16153431,-0.60502577,1.98845375,-3.29191065,0.05353785,0.50827467,0.56188565,-0.99746776,-1.81661129,-1.11785972,0.80833375,0.58200151,-0.49155235,1.46610165,0.23262161,0.21089645,-0.55913901,0.07376099,-0.24208784,-1.21617079,0.5844804,-0.09657884,-0.86976629,-0.78508317,1.85796487,-0.42506528,-0.97958171,-0.10420996,1.81772137,b'2'
324,7.5331769,-0.01644778,-9.27162838,4.85470343,9.20646858,3.32510495,-4.75310802,-1.14371443,-1.61925077,-0.46447712,1.3274492,1.9994812,1.9416337,-2.10402918,-1.2523694,3.36530638,-0.08705211,5.95209885,1.93994617,0.1894424,2.37933683,1.62382627,-1.27023649,-1.24749959,1.2396003,0.59754366,1.09624255,0.20999074,0.25745034,-2.53448725,0.00690293,1.36173487,-1.91458809,1.12916219,0.81330657,0.73008311,0.58165622,0.39117253,-0.35850155,-0.82467484,-1.05835307,0.20211422,2.3858583,0.97879785,0.36239064,-0.8828994,-2.21248484,-0.57197165,-0.62284994,-0.8050651,-0.96255279,0.45733488,0.55748427,0.89213121,-0.93497711,0.06556296,-0.44933414,0.2523061,0.80630821,-1.16408384,-0.88930601,0.23830545,0.10306132,0.31361049,b'2'
325,3.27862358,-5.46974277,2.84456897,10.7946291,5.9005065,6.35842514,2.36785221,-0.15045929,-1.9540925,1.81355023,-7.61202526,5.51084661,2.47054195,-2.48267078,1.83239555,-0.19215512,1.03369641,1.39765286,0.30078661,-0.16068172,-0.8131901,-1.63114095,-0.62719369,2.77659273,-0.86078668,-4.20895386,-2.37064171,1.00072217,-1.4625721,2.98919487,-1.89219987,-0.00132847,-3.06167436,-3.14135838,-0.58491266,-0.08600196,-0.49858308,1.0325588,-2.50963688,-0.08556929,-0.35399866,-1.26324594,-1.88560545,-2.94047523,-0.68416488,0.38701403,0.5903514,-0.06299019,0.4034729,0.96687472,-2.32226419,1.27642822,2.4571104,-0.32223785,0.89311028,-1.14094806,-0.58669114,-0.90546846,-1.19405341,1.29448974,0.50188351,0.35162514,0.68952107,0.15642947,b'2'
326,4.937572,-0.49906015,-6.72653103,9.31937504,10.05157757,6.63042641,-2.36474943,-1.39980936,3.02109098,-2.16156244,1.50691545,1.8533566,2.62248611,1.38490069,-0.84398842,4.08632851,-3.00715733,4.97361946,-0.19785903,-1.67878342,2.48379588,2.77462792,-2.18499494,1.98196363,3.10368967,-1.11988616,1.346488,0.084198,-2.29695463,-2.57201695,-0.08099258,1.93167067,-3.48019409,-0.14241511,0.19576859,0.32438278,1.87817645,0.75799495,-0.11769807,-0.75025702,1.45045781,0.08728114,0.92053843,-0.85691661,-0.92639291,-1.21245646,-2.49176526,-0.55700064,-0.15129818,0.88178837,-0.10260026,-0.25494492,0.65327358,1.52572763,-0.24996299,-0.18359959,0.87193704,-0.46922988,-1.21711993,-1.03353608,0.5370369,-0.10418108,-1.27761054,-0.11584004,b'2'
327,-4.23652172,1.18706465,-5.49249125,-5.82983065,6.88585758,0.01819479,9.81461525,-1.40893698,-1.49498129,-4.65338993,2.4735353,7.03474092,-0.46420336,-2.77364659,2.14151859,-3.48112965,3.07771659,8.75007629,-1.2215836,-2.99171662,-2.13181257,-0.53221816,-2.03661823,-2.01762295,-2.09394741,-6.11447716,-2.98526716,-2.30052567,0.7039845,2.73967552,1.29088831,-0.18802786,-0.41326404,0.17937297,-2.89240885,1.57853472,0.64009428,2.83474827,-2.29168653,-1.81818533,-0.71827829,0.55044955,-1.84380984,-0.04204274,-2.05922079,-0.50748485,1.47044694,-0.05347538,2.55862761,0.79971528,0.12386356,-0.50196624,-0.03550935,-0.93276024,0.16718596,0.06212574,-0.01134491,1.75508153,-1.69606471,-1.01619756,-0.33666325,0.05909568,1.70020592,0.03295123,b'2'
328,5.19082499,-4.43702269,-5.38880396,10.86277962,5.39800978,5.61201572,-0.88251448,-0.76704419,-2.20377207,2.63158488,-3.78970051,3.65749884,2.52381372,-7.39343452,2.11926794,1.50580525,-0.48448431,1.12854743,-0.40502048,-0.64867747,4.71037817,-2.32617831,-0.86802888,1.74896049,-1.35865223,-1.29629433,0.72417665,-0.70743454,-1.67727852,1.28065503,-1.87655222,1.90035295,-1.33707643,-0.72743803,1.98091507,-0.99212563,2.91891932,3.38135529,0.58742309,-1.03367472,-0.92779571,-2.47010875,0.31647092,0.22620244,0.34051049,1.00238252,-0.53722066,-0.37002158,0.37038583,1.3621155,-1.06337357,1.01395059,0.68688107,1.29412699,0.66814196,-0.44407406,-0.04009628,-0.25398046,-1.13104165,-0.23257858,0.72835374,-1.33849907,-0.70757276,0.34908137,b'2'
329,5.5429492,-4.75158691,-1.21500707,10.35319138,4.68915176,12.86130238,4.15484285,-1.11067367,3.98488426,-1.99846148,-3.02067137,1.35646534,1.06483424,-1.92580926,1.02668667,-1.72375822,-1.82859039,2.14272094,0.86362875,-4.30365276,4.33511448,2.38355827,-5.31714821,1.19128275,1.77543008,-1.4626143,2.8946414,-0.01926386,-1.4632597,-1.35856915,-1.42992365,2.7375741,-0.90400606,-1.56682944,1.35924304,-0.443634,2.89101529,1.96042657,-0.0917474,2.14907598,1.43671966,1.1938591,-2.47055459,-0.01843705,-1.00156724,-0.2954061,-1.64987779,-0.86504102,-0.04688948,-0.65492445,-0.45984286,1.15256405,-0.01199079,0.25654781,0.22118026,-0.11678958,-0.7112534,-1.75115371,-0.49862438,-0.20780653,-0.62520707,0.64152902,-1.07728124,1.13486063,b'2'
330,-1.83407521,0.701689,-3.76477385,8.9886446,5.95384121,4.17519712,1.0833683,0.51364177,-6.16722536,2.32008076,-1.20699525,6.13552284,0.80770743,-4.28214407,2.08257413,-2.37699175,3.42574286,2.83372951,-2.36403871,-0.17539763,-2.63922954,-2.39117026,4.01360703,-1.62548542,-0.29656181,-3.83495545,-0.93594056,1.39936256,-0.00259686,0.93636191,-0.02415812,2.00115728,0.71104914,-2.76044679,2.42729759,4.53936863,1.59667039,0.85822606,-0.00199354,1.28852701,-0.7818284,-1.85260952,-3.55785489,-1.77059639,-1.72436249,0.84510064,2.12958741,-2.04333234,-0.62143844,0.98932648,-0.96136928,-0.39789462,0.81923592,-0.82898951,1.96656013,1.00376678,0.93189013,0.8704946,-1.4698143,0.6331228,-0.32475227,-0.2068643,0.9989028,0.22038403,b'2'
331,-1.27858365,6.08352375,-5.67908478,-0.13133018,7.00854683,6.90395832,-6.76386452,-1.76473045,-2.98740244,-3.24051237,1.00891471,5.29894638,0.24195296,-0.12769121,0.70520449,5.8984642,-0.18028903,-1.24548841,0.49839866,-1.2090776,0.28108916,1.54052687,1.08872235,0.91444182,1.98633373,-4.67348003,3.35668039,-1.06245363,0.20553374,0.69699204,0.06577969,-0.0859592,-1.07541537,-0.85004681,-2.74691463,0.98837471,1.2999804,1.38494098,-3.33006144,-0.98754448,-2.03154945,-0.28928,0.8733834,-2.16223717,-0.60530949,0.07414116,0.12974542,-3.21271873,1.38049483,0.10389179,1.06396186,-3.42433643,0.58670902,-0.61490417,-0.14750499,0.41645217,-1.28153515,0.18809712,0.42195517,-1.56122661,1.11028528,-0.15957156,-0.01314092,-0.31610009,b'2'
332,-2.06179857,-1.08865809,-2.2224195,10.86893845,6.18798018,3.75193763,-0.2027483,0.75573754,-7.12386465,2.48123455,-1.52872372,6.89603662,1.59359825,-2.47305799,3.30406094,0.15248895,2.1137712,-0.44960636,-3.0236814,-1.57484961,-0.0109667,-4.22086716,0.50260389,-0.59256268,0.4929738,-6.72655344,-0.91490483,-0.21241003,-0.58561134,0.23832667,-0.29550254,1.71958208,0.23333614,-0.84286147,0.91763824,2.58122039,1.77386403,2.08529353,-0.95061028,0.24513978,-0.48472238,-0.78491348,-2.16842031,-1.72942698,-1.92492044,-0.16517727,2.89218235,-1.81605029,1.35156155,0.54704857,0.00474769,-0.45633698,1.86271048,-2.64918852,2.11628628,1.2295593,-0.02146244,1.48399353,-0.46151066,1.05150235,1.21769142,-0.3852016,0.93834138,0.17981344,b'2'
333,2.30432701,-4.58410692,-4.77533674,9.88374424,6.43084478,4.36798286,-4.04305696,1.02048135,-6.46211958,2.04552484,-0.65166211,6.00700951,0.50076789,-5.23135471,2.15992641,2.36615968,-2.77576065,2.28781176,-0.89549387,-2.93543863,2.56045508,-2.17496419,-2.5300765,0.76942205,1.77618468,-3.64444089,1.16606629,-1.01020527,-1.77346992,1.6767844,-0.42337692,2.86093378,-0.89762563,-1.39877629,1.0593183,-0.70598006,3.21606755,0.50447166,1.53157377,0.47659546,-1.29068494,-0.64051229,0.35878736,-1.74440587,0.02964759,-0.15209703,0.9316259,0.57153392,-1.30087113,0.84513676,-0.08855058,-0.95467949,0.35371041,-0.14671481,0.32892895,-1.2515496,-0.77477169,-1.69485652,-0.61209065,0.52022433,1.09729648,0.51937175,1.4130367,0.21692389,b'2'
334,-0.29924202,5.62896442,-8.69420052,-4.26596642,6.49910402,-2.19458413,5.91498566,-2.85918403,-3.20281839,-3.14530158,2.28446007,1.75052094,-2.08817101,-2.0690403,3.42488384,-2.49318361,1.8253715,5.05731297,-3.13706732,-2.57277608,0.69637156,1.21397519,-0.08333823,-1.61289179,-2.86114693,-2.7593019,-2.79848051,-1.05561697,-2.54142714,2.72998762,-0.74182999,0.39305115,-1.93206155,-2.60819983,0.41842282,3.00396538,1.23800206,1.89497757,-1.07280076,0.01627761,-1.46082544,-1.53639662,-0.49475533,-3.02423501,-3.65858173,-0.1470791,0.2007377,-2.26491714,1.72415447,-1.60237765,0.02330862,0.19946092,0.216259,0.34620321,-0.43560117,-1.23162937,-0.45323896,1.04200232,-0.38511789,0.09619164,1.37999141,-1.18719697,0.75012386,0.69131327,b'2'
335,3.10069847,-2.04110384,-5.95502329,10.24090099,10.00456333,4.93274117,-2.28995037,1.47466874,-0.65355396,-2.02736998,0.33384156,5.68939734,1.80495942,-4.27322054,0.10725594,1.12270141,0.40954304,6.14816761,-1.86160481,-1.66622043,2.13306355,-1.50946784,-2.69231677,-0.90965378,3.72988653,-1.78159642,-0.14469904,2.28689551,-1.29278803,0.04939449,2.21136594,2.52130842,-2.11149025,-1.03366518,1.54971242,2.44482303,1.22163534,1.61474705,-2.46343803,1.26917994,-0.64042377,-1.33327639,-1.06865156,-0.4488619,1.10588193,-0.49311286,0.36637634,-1.04417706,-0.38428941,1.37080657,-2.34820533,-0.02639312,0.97688282,0.18018115,-0.30672115,0.95655191,1.21414781,0.58613288,0.73682743,0.29966164,-0.60006493,0.97446531,-1.28065491,-0.16826421,b'2'
336,1.73840916,-4.37638664,-6.53913784,10.86127758,9.04513264,2.91859722,-2.74682999,2.84351015,-4.34529638,-1.50848401,0.33492398,5.49794197,2.94172287,-4.72018576,1.62236547,4.39322376,-3.15414381,4.22769451,0.10601676,-0.99238563,3.21014237,0.76887548,-0.96253741,-1.1844914,3.60168409,-0.96336865,0.62433946,0.95759451,0.2524538,-0.56333697,-0.46831834,3.5715518,-0.99818444,0.08876264,1.62023926,0.0501073,2.80163312,1.67006779,-0.58078659,0.43649632,0.19853973,-0.66891313,-2.19473171,-0.26632118,-0.23514116,1.55648017,0.73818851,-1.28574419,-1.25619864,-0.28077477,-1.28159511,1.31310391,-0.57457948,-1.09276295,0.4613829,-0.89801067,0.79964209,-1.14407742,-0.1663101,0.18550575,-0.81964958,-0.26574367,0.61362743,-0.83534813,b'2'
337,5.34391022,-2.55720377,-3.80654573,8.16119576,6.04229546,4.51475382,-3.49767351,-1.52098274,-6.19272089,2.3059268,-3.24474287,3.3957243,-1.36229897,-4.40184641,0.65723443,2.30238295,-3.14007092,0.75277901,-1.26579297,-3.75943565,3.64428258,-2.92376518,0.6760996,2.46990013,-0.57544017,-1.90509343,2.12982941,0.77452552,-0.00608444,-1.10041034,0.02384043,2.70316029,-1.14782512,-0.70470768,2.13960576,-0.62278271,3.18984914,1.53249812,0.9399004,0.10205257,-2.47565126,0.40579146,0.86884362,1.07464147,0.98479772,0.41077441,0.20737386,1.24447668,-0.66335201,1.58372843,-1.17624795,2.24326944,-0.6367352,1.55715477,0.60703981,-1.1121608,0.27260971,-0.71128684,-1.76887155,-0.62537855,0.7365815,-0.6089645,-1.19246507,1.07903385,b'2'
338,0.96228397,-5.50734043,-1.4111402,10.86917591,5.98413992,5.62628746,-1.14281368,2.17956376,-3.30730581,1.55965781,-3.89637089,6.98877239,1.7567606,-3.83808851,2.01629686,0.60249305,1.18692994,1.57271433,0.72765887,-2.40032244,1.899405,-5.27638292,-0.32112947,-0.78867149,0.11817527,-6.36536837,-1.9742291,0.60413921,-0.89481497,0.15701783,-0.19600093,4.17178392,-0.8983562,-2.17837977,1.49487019,1.78772104,0.58950305,1.63591814,-0.64281762,-0.26055527,-1.33573174,-2.13546419,-1.36761677,-1.18620372,-0.7634896,-1.19522572,2.24890471,-1.49731731,1.48169923,2.87322092,-3.44306588,-0.68548286,1.8156693,-0.85467052,2.3823483,0.69011772,0.36856627,-1.13618898,-1.4740386,0.88829839,-0.09848829,-0.05882379,0.72258234,-0.15976351,b'2'
339,-1.68951535,2.12021732,-7.12628984,7.33242178,11.1180172,5.55133152,-0.97107649,0.21120089,4.52246761,-3.61290979,-0.63977742,3.5022037,5.60115433,-1.65859592,-1.13190508,5.85685825,2.11513662,2.40400529,1.66320443,-0.77695262,-1.20490158,-0.66899568,0.70039499,0.10874987,-0.2798405,-6.52176285,-2.13102126,1.970613,2.65730333,-0.90202618,1.93591428,0.68794179,-0.49389392,-0.78773493,-0.44797432,1.80758464,0.63764715,0.13087785,-4.72758102,2.51109314,-0.50742024,-0.42265278,-1.59138644,-1.84463453,0.01963449,0.59694463,1.65714777,-2.07542109,0.37341529,0.85669339,-1.9492538,-0.43213606,0.46856153,-1.00991368,0.33606935,0.83921242,0.25817156,1.63755441,-1.27560353,0.59527934,-0.69994271,0.19101489,0.37115574,0.50999594,b'2'
340,5.65239573,-2.23118448,-8.09776974,8.59599113,11.23255634,3.77679753,-2.38361216,-0.88553166,0.43347263,-3.1312952,0.64088655,2.97455454,3.07014847,-3.95334363,-0.13555908,3.22344732,-1.86711848,5.79121113,-0.96114355,-0.84482431,3.36107254,2.14816952,-1.16285431,0.55017638,2.03556967,0.48755401,0.79072189,0.84947968,-1.59708977,-1.98524737,-0.43703616,1.48859644,-2.28214836,1.50610328,3.56215644,-1.3062185,1.47463727,2.34452891,-0.25510824,-0.66849297,0.00320423,0.07845813,-1.06038523,0.28923476,1.04887521,0.14896756,-1.46378219,0.27530789,-0.14448144,-0.52856928,-0.36970025,1.87430644,-0.30412483,1.42067516,-0.72751063,-0.78153622,0.95289087,0.57237315,-0.23194167,-2.13932514,0.26578182,0.22593409,-0.48053944,0.3875455,b'2'
341,6.84628153,4.88168812,-7.10123634,6.87551451,5.74850607,8.02634144,-4.19787788,-0.82855725,2.75703001,-3.55171871,0.55211282,3.00237155,1.25647295,-0.28638944,-0.98097277,2.93449545,-2.64286518,4.31319714,2.12457156,-2.02254844,2.37837887,4.60342789,-2.20478845,3.77833652,-1.39065027,0.36373293,2.09534121,-1.27616751,-0.60689783,-2.04447174,0.57586563,-0.02819586,-0.915043,-0.76478964,-0.88204491,-2.201406,1.69024491,-0.18906862,0.10697007,-0.23067251,-0.39517677,0.52800751,2.29414415,0.58679861,0.00720918,-0.78555048,-1.9863919,-0.37666059,0.53528047,1.16166079,0.14970341,1.00821364,1.06518936,-0.6974268,0.94086105,0.09204334,-0.11101627,-0.2692703,-1.14952254,-1.16179657,1.02544546,-0.04598355,-1.37950253,0.65592808,b'2'
342,2.02712584,-4.31208229,-6.54515791,11.24007797,11.70761299,4.86964321,-0.56720257,1.56452537,1.43076372,-2.31723166,1.28058541,2.80218744,2.83239102,-0.71722096,2.09749484,5.37029934,-3.97928596,4.58518028,-2.90139627,-2.86645365,2.63912439,2.007828,-2.0087924,-2.48636174,2.14100933,-0.9899404,0.38693154,1.52642608,-0.95533133,-1.30271447,-0.13943374,3.57505846,-2.80665541,0.9947741,2.53902125,-1.00440311,0.80130935,2.431458,-1.84809005,-0.10473025,3.06896567,0.32026678,-2.55813241,-0.08969881,-0.24961555,-1.59681392,0.02663411,-0.69193745,-0.17227639,1.1762166,0.46976417,0.16754454,0.46037412,-0.47647643,-1.52770996,0.07973516,0.23767757,0.00075486,0.63794857,-1.99276268,-1.2014308,1.03786731,0.08487844,0.99501455,b'2'
343,0.28401899,10.52287388,-10.03826904,-1.89698219,3.43462563,1.65253091,-1.87098455,-4.30266857,-0.12792397,-2.95381975,0.48140645,3.21523905,-0.46016157,-2.78321576,0.97322178,2.5017817,0.67605972,-0.11218786,-0.07490709,-1.07553303,-1.51145685,1.32427597,1.8627342,-0.1400187,2.46658659,-4.58948565,-0.19380516,-0.45482498,-2.35851049,1.54261386,0.00972998,-1.36914134,-1.63161707,-2.47848654,-3.03310943,-0.43239793,-0.13177943,1.43543589,-0.00331485,0.82270861,-0.99813998,-2.22295833,-1.14668334,-1.08469403,-1.45170248,0.12827933,-1.48833144,-2.41107869,-0.19721454,-0.63520324,1.4246037,-3.07357502,-0.1647625,1.35122478,0.62380755,1.59638,-0.66779566,-0.20334129,0.30825496,-1.81550741,0.37903166,-0.06153128,-0.85191518,-1.28378296,b'2'
344,7.66040945,7.26878357,4.38730907,-1.8907727,2.67499304,-0.14352608,-3.72466755,2.99664688,16.32749748,-3.13413358,3.26082873,4.63120461,3.17437816,-6.44401789,-0.52470016,0.30301976,0.77371788,1.80107999,3.61542559,-0.71167839,0.43094283,0.69301271,-2.58813882,1.25203085,-0.1098724,2.36179638,-0.1694319,1.23497224,1.76567435,-3.05000401,-0.18655264,-0.35914636,1.83330214,1.69063282,1.39946091,-0.70433426,1.11207581,0.7804358,1.76276112,-1.6080718,-0.45510781,-0.08148371,0.31928873,3.43047261,0.52513915,-0.85166043,-0.21729307,-0.78059196,-0.17675516,1.39832342,1.4269737,3.14436674,1.90902185,-0.52823174,-0.31275266,0.13158238,-0.64001274,-0.83477104,0.08339459,1.4721514,-1.22021914,-1.12772262,-1.11096621,-0.23563308,b'2'
345,0.75864518,4.47895002,-7.04203129,8.6493063,7.65788269,6.09216976,-3.88870382,2.40231895,-2.64100981,-3.2119894,-0.03822494,0.59689713,2.66790342,2.81919861,0.01901484,6.24561024,-1.7564249,3.88564515,-0.85756552,-2.49273586,2.72473502,2.06997991,1.66586053,-1.43414497,0.42899358,-3.4626739,2.80745411,0.68902159,0.36704969,0.42774236,0.72877169,1.1233027,-2.96015954,-0.72991627,1.93410385,1.4441694,1.04286051,2.19099593,-1.97577012,0.74623406,-0.66812205,0.58367842,-0.38799548,-1.10189259,-2.17779636,1.32075822,-0.50596046,0.29417372,1.61440372,-0.55828542,-0.08759736,0.13012224,1.11967492,-1.61482882,0.48980021,-0.02096665,0.15405273,-0.68038356,0.64257759,0.9224329,0.30504262,1.25889683,1.00654066,-0.92822266,b'2'
346,7.75701094,2.92782879,-7.45236349,6.33634996,6.31745529,7.73086548,-3.8936367,-1.02327967,4.35985804,-3.3678081,1.84904957,1.53258753,2.69537473,-1.358899,-1.21465158,2.95669842,-3.78052902,1.70525479,0.36621481,-2.41500807,2.90121579,4.12281179,-1.55651879,3.88881493,-2.01342297,3.215204,1.80269492,-1.43028796,-1.4553051,-3.30237484,-2.34732866,-2.12142324,0.16825221,0.38180107,-0.732849,-3.30685997,2.14056325,0.92724621,0.02058268,-0.78342688,-0.85806394,2.36971545,1.48030865,1.34993255,-0.43145335,0.23777211,-1.37718296,-0.39797139,-0.26799443,1.29514349,1.40127993,1.9402287,1.03436279,-0.4867723,0.08638787,-0.87252814,-0.19423032,-1.57984364,-2.30653262,-1.24228263,0.04021363,0.76895875,-0.43316156,-0.10108573,b'2'
347,9.66393471,5.83366585,2.75607204,-4.22964859,2.96217442,1.56286705,-4.87458897,4.62869835,11.8667469,-4.84428406,5.79520512,4.23166513,2.76850986,-5.79445553,-0.80750561,0.76564825,0.33150053,2.88107681,2.18509197,-0.25293231,0.91794479,2.5571568,-1.71533096,0.05007243,1.75521624,3.44017863,0.73875904,-0.0532462,1.17463422,-3.74734354,0.51793373,2.05307579,0.68668145,0.81434798,2.92479992,-1.05103111,0.63190961,-0.03942925,2.287256,-3.29236436,0.08968842,0.56794226,-1.19087851,3.63042879,0.0158838,-2.00164437,-1.21691167,0.24292779,-0.81345433,-0.70220023,0.35029525,2.41229773,-0.52319264,0.31646442,-1.12904334,-0.81384444,-0.28434467,-0.27579451,0.09575826,1.43375432,-1.60359621,1.65270567,0.79576814,0.1924541,b'2'
348,10.60317135,-0.53313732,-2.92103219,4.83844328,3.15465021,4.53829575,-5.19961548,-0.4822104,-3.98129034,-0.01653665,-3.64702845,2.98855472,-3.10021639,-3.51174331,2.23656511,3.3989501,-3.82383561,-1.77505612,-0.26007459,-3.2903111,4.41695213,-0.65127367,0.19784456,2.05440044,-3.30567074,0.62747413,1.60912931,-0.47771078,-1.89163923,-1.29502845,-2.79809713,0.00135899,0.98980081,0.57912517,1.47708201,-2.05422378,0.96352315,0.14000207,-0.11537278,-0.26839545,-2.19705439,-0.41564667,1.76582241,3.73946548,-0.09999025,1.10014212,-0.38186502,0.06568599,-1.03006983,1.05540252,-1.46779668,2.0463109,-0.03959584,1.28026032,0.64764321,0.34556854,0.53729916,-2.01943326,-1.11363959,-0.9239701,0.18433146,-0.89613104,0.02207977,-0.04333469,b'2'
349,4.56627464,-0.53600121,-7.89625311,8.7159996,10.10552692,4.05386257,-1.98796797,-0.01110184,-2.9657979,-0.88724327,-0.11891031,4.16509628,2.36123633,-4.75866747,-0.82710075,3.0791297,-1.86393178,5.37591839,-0.57023299,-0.44205058,3.40025258,1.26631474,-2.19366479,-0.69018841,2.21968412,0.42615017,2.80375528,1.26168489,0.60119462,-0.38838878,0.30890906,2.09037018,-2.48199153,-0.02223092,1.94277859,0.06026274,2.40046477,1.33992815,-1.16937935,-0.03454617,-1.49149716,-1.77095222,-0.81130803,-0.63462824,1.25025427,0.66954553,-0.98394775,0.38412356,-1.05295539,-0.99269414,0.11478512,-0.075028,0.16714334,-0.25822687,-1.37739015,-1.09912515,0.36393094,0.49449056,0.82197946,-1.1596241,-0.29340157,0.21416372,-0.08130383,0.25386658,b'2'
350,1.33958757,4.50152445,-8.65699291,6.32410383,8.50767708,7.14194107,-3.91278458,-0.45787776,0.21169758,-1.05959594,0.95853913,1.13677669,1.6783483,2.44645619,-2.8320384,5.55475187,-1.14073884,3.06757951,-1.98529696,0.03199124,0.86484611,2.4743948,2.5565238,-0.72738481,1.09997404,-4.45584679,1.82541335,0.95280921,0.37354875,-0.00177348,0.80169129,1.19321609,-1.04096246,-0.24438137,0.91172135,2.67618132,2.48196387,1.13601589,-2.129282,2.03327274,-1.13567626,-0.25505388,0.21372093,-0.7913416,-0.86244082,-0.60030329,-0.44974864,0.61248219,-0.11875173,-2.48610115,0.57909578,0.43896633,0.74329519,-1.06087947,0.38883996,-1.59122896,0.05593348,0.30193841,-0.57508409,1.21089375,2.58170915,0.22854406,0.75972962,-0.46940461,b'2'
351,4.36535311,2.4080081,-7.79992914,8.06284904,8.44190502,4.7830162,-3.78092241,2.58397031,-2.69211578,-3.54217529,-1.58505297,4.26417828,1.52053905,-0.53154409,-0.29470015,5.0033865,-2.94064093,3.08577561,-0.92747271,-1.62929964,4.23526669,1.71097374,-0.81901383,-1.34247386,1.17800379,-2.92751765,4.36540604,1.50870943,1.35827947,-0.08335096,-1.63563073,2.30431271,-1.92137587,-0.57093304,1.34466124,0.9213109,0.76578212,1.05914831,-1.40825188,0.32691932,-0.49273145,-1.9765414,-0.9690479,-0.96405673,-0.94301879,0.54906327,-1.8559171,-1.20422459,-0.11634208,-1.14417458,-1.03075945,1.18549514,-0.29714966,-0.34363317,0.47586691,-0.96128774,0.96014023,-1.74773359,1.47866154,0.11926818,-0.47357911,0.60589498,-0.55987692,-0.37153926,b'2'
352,-1.12841678,-0.14191222,-5.61979532,8.32689667,9.86910248,3.04167891,-2.03281498,1.56514835,-8.38223457,0.98582208,0.02838016,4.35556316,1.65020359,-1.56331635,1.44013858,2.21551824,0.3807168,1.81673169,-2.61246443,-0.80589819,1.06284082,-1.1001873,-0.46176115,-1.26391983,3.09366035,-3.60717964,0.65812147,1.56865621,-0.34333467,2.04458857,-0.07909977,1.65340042,-1.00754333,0.32871085,1.72150087,2.72875094,1.58891845,2.15780115,-2.10720491,-1.27630031,-2.42744017,-1.60566497,-3.529531,-2.51550841,-1.11038172,0.07317619,1.61103225,-0.78733444,0.05088198,-0.90740502,-0.18557535,-1.05723906,0.81594288,-1.44524431,0.86979818,-0.36729461,0.09421635,0.1013815,-0.92940688,-0.34810108,0.64191747,-0.05122253,0.21388149,0.5392974,b'2'
353,3.39434528,-3.07157946,-6.47287083,10.49678516,10.56848717,4.54890776,0.66994238,-0.34564924,-1.02991343,0.02461055,-0.2240026,5.19040155,3.78309751,-6.08942509,-0.55939007,2.81926107,-2.12773347,4.08298016,-1.16942263,-0.52907419,2.89009905,1.08507586,-1.32638133,-0.88841867,1.03978133,0.87752819,1.27620828,1.07129288,1.15874577,-2.51698184,-0.13202083,3.06576252,-0.931853,0.65533686,1.55308855,0.73624897,4.32969666,2.48020911,-1.23547924,-1.57043004,0.49003971,-0.37842798,-2.55993915,-0.98493779,0.41293091,0.73251098,-0.33620179,-0.67863226,-1.71352124,-0.93707389,-0.24108945,1.47975349,0.41393614,-1.39390254,-0.41305512,-0.73389137,0.45784807,1.44621468,-0.51073152,-2.27150154,-0.34642786,-0.96987236,-0.62288278,0.51729769,b'2'
354,6.99434614,-4.25710392,-8.61692715,7.8217392,8.40326309,1.78257918,-4.60141563,-0.93758249,-2.30041504,0.56721628,1.14160633,2.33090711,3.80021596,-4.81681013,0.01480103,2.44435406,-1.59895277,4.17407036,-0.28513804,1.16619158,3.50390935,-0.25913411,0.87260973,-0.9195894,0.54346228,2.5391922,0.50349444,1.2933526,-0.15129137,-1.23433042,0.52946746,2.21683788,-3.65670156,0.5691334,-0.59749544,-0.60079229,-0.22122407,2.23370528,-0.56907117,-0.74470603,-0.35117435,-0.26414704,-0.88571024,0.48062313,0.70956492,0.41896135,-1.54265368,-0.3063519,-0.38982406,-0.06970322,-0.40696943,0.98836714,0.33495498,0.10793686,-0.28778595,-1.39278078,0.24044609,0.5087809,0.16524816,-0.08442217,-0.10455225,-0.60918832,0.32625687,0.72763664,b'2'
355,4.38496637,0.68326449,-7.5739789,10.33608913,7.31919098,3.79880023,-5.38560772,0.51089478,-3.70311308,0.41438961,0.82787454,2.12006927,0.11299598,-1.33578193,-2.19878197,2.97294331,-2.76503396,3.32691646,-3.28503418,-1.18239462,3.05167294,-0.90465826,-2.87441516,-1.39731777,2.68916273,-1.17381942,2.13113403,0.6524291,0.68013263,0.40139973,-1.43182743,0.51228881,-2.8441484,0.1239922,1.8231442,-0.06657407,1.23119569,-0.09548992,-0.21202695,-0.698493,-2.25503445,-0.58610833,0.25232145,-0.20040728,1.50227737,0.67678475,-0.38963687,1.01014996,-1.73537683,-1.3447926,-0.74604899,0.37195051,0.05815005,0.03833115,-0.59698063,-0.95517659,-0.33826542,-0.78639656,1.09902644,0.49777699,-0.67111546,-0.06135631,-0.71099603,-1.61683643,b'2'
356,5.572505,1.3080802,-7.64019442,9.40010929,10.7187891,3.73970723,1.1433897,-0.18379426,0.72328281,-3.52488422,-1.56380844,3.92398977,4.83169174,-3.66313958,0.70468783,4.08070707,-0.48853028,4.4744978,-0.03751722,-0.97348523,3.94691634,2.89719725,-2.10766768,0.37028456,0.76304424,0.05275747,1.74254763,0.81746411,1.01037645,-1.94790041,-1.08568227,1.26377892,-3.39826035,-0.2247569,1.71146023,1.02094734,2.04073071,2.06727338,-1.79882205,-0.76328278,0.93977499,-1.75124049,-1.73725986,0.40339494,-0.68813908,1.17019284,-0.5055809,-0.30348349,0.9083485,-0.29518071,0.13804607,1.26630986,-0.5647738,1.02835143,-0.70560151,-0.65401155,-0.20924163,1.15237916,-0.27650934,-2.18730497,-0.74835092,-1.19196892,-0.13135934,0.77919686,b'2'
357,-1.91608882,7.78051949,-8.73628426,2.01435947,8.27127457,6.81538486,-1.26504755,-0.40600145,1.12267351,-3.25660563,-0.96737123,2.55160952,2.24449706,-1.6911304,1.25227308,3.38016796,2.66472983,1.22504425,-0.92835009,-2.09291792,-2.0707345,0.8383131,4.15853024,-2.26594162,-0.63851756,-6.55918074,0.23207331,1.85246229,0.12179399,0.81864488,1.12353301,-2.11492252,-1.32757163,-2.13168716,-2.2571981,4.3150568,-0.31488228,2.23753619,-3.19611406,1.5087707,0.45441186,-0.68616253,-4.31988096,-2.0784359,-1.51933753,-0.55322939,1.53952754,-1.35882998,0.64588279,-1.17778897,0.37543237,-0.81143606,-0.6175015,0.81708086,1.62106121,1.97765565,0.523875,1.25683665,-0.36304572,-0.32974821,-0.7876507,0.9173767,-0.12363458,0.43513221,b'2'
358,3.66567373,0.02049851,-7.29140234,8.98434448,9.23987675,3.66414976,-2.264709,-0.57044554,-3.32561827,0.53421956,0.15374422,5.0746727,2.09570265,-2.31096387,-0.43112755,0.49696887,1.93860769,3.77537179,-1.43540096,0.25986862,1.0220834,-1.98350406,-2.64361787,-1.55660784,3.33277893,-4.15630293,1.00041926,1.08050418,1.41563129,-0.20119601,1.87575233,3.43117714,-1.43424273,0.40706944,1.19892704,3.45264101,1.17566061,0.84565121,-2.02086306,0.7402463,-1.48016167,-2.72997689,-1.6097672,0.59185314,1.52016723,1.13771594,0.88794684,-0.83763146,-0.04669611,-0.55185789,-0.77578735,-0.87349153,0.18724823,0.097821,0.77919972,0.00099027,0.13891077,1.76800537,-0.37523073,1.79532516,0.07278256,-1.68066406,-0.59370875,0.60740966,b'2'
359,1.94531453,1.1644206,-8.45255375,9.61791134,10.81612492,3.57020617,-0.02556992,-0.29422617,-2.95475531,-0.77665043,-0.51420093,3.79378629,3.62165213,-3.53875065,-0.10053825,2.00350213,0.80284476,3.84687781,-2.59604001,0.99385643,1.80755961,0.61549067,-1.4910816,-0.83195543,2.73031282,-2.35984564,2.06402779,1.57210684,0.51675081,0.16628826,0.43239987,1.6234436,-2.01911998,1.74648404,2.95130634,0.05114853,2.63739657,2.24089241,-1.46471965,-0.35984507,-0.9826352,-2.73185396,-2.07130098,0.28169453,0.96656966,0.6681025,-0.22851937,0.66765392,0.94427615,0.39086759,-0.68289346,0.67418504,-0.70535111,-0.01458192,-0.2409144,-1.30255389,0.65109515,0.97826415,0.47901064,-1.1767906,0.38755596,-0.00731897,-0.67847943,0.23115084,b'2'
360,13.03733826,4.60300398,4.1520462,0.04858419,0.06487393,3.29330111,-4.73000336,4.07291126,11.28230858,-3.93052959,4.75797272,3.88758683,1.73564339,-5.79391527,0.86270547,2.05452251,-1.14651203,2.50899172,0.36725587,-0.40573239,0.62862825,0.82878387,-3.05268383,1.76085901,0.63631046,2.28928375,0.23188025,1.409477,0.33815432,-3.66791344,1.34834599,1.45674419,2.91884017,2.08298516,2.36555862,-0.65197337,1.17601919,0.31395191,2.07859921,-2.83785725,0.70219564,0.76210904,-1.28168726,2.90703702,0.89661586,-2.07002187,-0.07871963,1.63352203,-1.44880676,-0.24851894,0.05436304,1.91757298,0.64337134,-0.44610322,-1.1833024,0.89970648,-0.98017502,-1.2767483,-1.1412499,0.76502991,-1.36503506,0.02146673,0.61621988,1.98172545,b'2'
361,0.15591896,0.66237569,-7.18253469,10.32654953,8.56793213,2.8180697,-3.19476271,-0.23899496,-4.58195829,1.02591646,1.16999686,0.23199058,4.09878635,-0.32638013,-1.85535622,4.12847137,0.16322041,4.17938519,-2.07791138,0.30847001,0.35494864,2.20345759,1.45944846,-1.16179955,-0.75335437,-1.91021955,0.41187507,1.27393985,1.89704871,1.14657176,0.29180634,1.26495528,-3.02061725,-0.65252274,0.90042138,-0.27137598,2.09633136,3.23325968,-1.86969817,-0.74602139,-1.32262492,0.03278239,-2.17432022,-2.25201392,-0.20044649,-0.39380699,-0.41460252,0.88970935,1.32895994,-0.23202854,-1.78482103,0.12123019,0.36039352,-0.84099007,-0.19286925,-0.75035989,-0.91975307,1.17076063,-0.97970539,0.38975132,2.95995045,0.37671745,0.26378059,0.02021469,b'2'
362,4.24251461,0.76375103,-7.8649869,6.32025337,8.0863409,3.85914159,-6.19745445,0.08950555,-3.92407751,-0.01616716,1.34392607,1.93331122,1.07934022,-1.57378972,-3.31399059,4.64120197,-1.23619223,3.26865792,-1.61234808,0.10474372,2.79179597,3.37016821,-1.88654959,-1.70309341,-1.19502914,0.62947774,1.65757215,0.54349267,0.86307454,-0.20029879,-0.7482878,0.75781465,-4.01790237,0.85473084,0.31575418,-2.18018532,1.36271858,0.70232582,-0.94912517,-1.32204139,-1.85488605,-0.08707471,1.59291697,2.23905993,1.29515076,0.14456117,-1.71436787,1.37193584,-0.65601218,1.53986561,0.05501142,1.15802336,0.85681355,-0.78983426,-1.08853316,-0.31370613,0.53685522,-0.31779855,1.66062331,0.1276195,0.83106273,0.07502007,0.11398131,0.45793423,b'2'
363,2.79752731,6.35553551,-9.49666405,5.52086115,7.40547752,6.3625536,-4.82768059,-0.38247645,-0.36333036,-2.67102528,-0.14615941,2.49574661,1.56767499,0.77438629,-1.13854074,3.51577401,0.83270264,2.54742265,0.96610355,-0.6273942,1.52065277,1.78593159,1.05263019,1.00170851,1.34349918,-3.19599581,2.83879614,-0.55075443,0.32223415,1.14692688,1.63123715,-0.37899208,-2.76217723,-1.25549388,-1.56405449,2.58782673,1.18973041,0.3250314,-0.45488751,-0.01778105,-1.15085602,-0.7589941,0.19379565,-0.40137565,-1.36252964,0.10420877,-1.40609527,-1.02422523,-0.59473622,-0.44903076,0.17866534,-1.84325337,-0.29435468,0.84739119,1.57416773,-0.25341898,-0.0945096,1.53235507,-0.17096698,1.53094494,1.06161201,0.23075646,-0.21423131,-0.53228015,b'2'
364,1.09327567,-2.47507977,-7.70966673,3.77534842,13.77514744,3.9799149,-4.29928589,0.30270219,-2.83499289,-1.97477269,-1.28706121,2.67799854,0.86112046,-1.43390179,2.22127199,5.52795887,-0.46361792,3.0130136,-0.7923786,-2.47079325,2.1824069,0.02313626,1.17247868,0.14885521,-0.17961389,-4.04882669,0.46366739,0.85071146,-1.98836327,1.55062354,-0.31868517,2.19996548,-2.30121255,1.08270586,0.26371473,1.48341072,0.87762451,2.35756469,-3.09884548,-0.25454959,-0.22187406,-0.25573719,0.13854221,-2.70142174,-0.93891513,-0.46071124,-0.01364751,0.80584061,0.18560103,1.11592543,0.10422282,0.02621168,1.78248596,0.42286074,-0.03792548,-0.70495081,-0.31860518,-1.20826304,-1.10541141,0.15524435,0.16747098,-0.61745977,0.1232993,1.26693523,b'2'
365,-2.82403469,-7.27022171,0.3044557,10.92701244,9.85365105,4.19402122,2.0620327,8.51613712,8.48629284,1.15647793,4.42712545,7.80250263,5.33904505,-0.82695216,-1.4784193,0.92619371,-0.04931974,5.33927441,1.63191962,-2.34919882,0.2029185,3.04261589,-2.97802544,1.6362052,-0.65609175,-1.01835585,0.64192593,2.46274471,-2.01861382,-2.01415062,0.89774764,1.51729059,-1.48666275,0.5442692,0.15622294,-1.40337598,0.01109338,1.52110672,-0.21618438,-0.14451516,3.26393485,-0.4698953,-1.94880772,-0.05457199,-2.16554737,-2.63604712,-0.07746439,-0.86402678,2.9608767,-0.72730482,-0.72952312,1.47588515,0.65886736,1.45912778,-1.245193,1.50906754,0.46065474,-1.32287657,-0.79304582,-0.32236403,-0.79896194,-0.04603335,0.56703377,-0.52865934,b'2'
366,5.66689396,8.65015602,-4.88309765,6.28754473,2.57925081,6.69657993,-7.14189816,-1.98805332,1.49818254,-2.90639377,-1.66207123,0.78398919,1.44572198,0.16111988,-1.48160076,3.78123045,-2.18861461,0.04190207,0.80659807,0.20821571,-1.03951406,2.77018642,-1.41915274,2.94107389,-2.37948179,-0.76651341,-0.04578727,-1.1521163,0.33575273,-0.93564743,1.30807149,-0.08409214,-0.10454026,-0.43349844,-1.72308731,-0.10175022,2.54230094,-0.69234568,-0.65628755,0.06154686,-2.35215378,-0.88044685,1.9677881,0.6976856,1.12031662,-1.54936528,-0.24950524,0.03732228,-0.1728995,1.455181,-0.04449986,-1.16856039,0.34528589,0.60570985,0.48676923,0.40099144,-2.0329442,0.67090249,0.37094319,-0.98393327,0.95104522,-0.51149416,-0.9988656,0.70746452,b'2'
367,2.2634654,-2.16387343,-9.49686432,5.97689962,10.40182781,3.75506926,-6.48328876,-0.15833092,-3.35752535,1.11704397,2.30250478,0.64279175,-0.16463137,0.59992993,-1.16113615,5.06160688,-1.00819421,3.8433311,-1.39150095,-0.67821729,1.39044952,0.26843441,-0.72643304,-2.46958256,1.02570379,-2.29450536,-0.04433882,0.22046292,-1.31396055,1.41880381,-0.1046747,1.23845172,-2.91132307,1.49516571,1.5859313,0.94582474,0.51463604,0.15445238,0.68963194,-1.14439404,-1.38103151,0.79518664,0.68657017,-0.59503037,1.36950135,-1.02352333,-0.21548946,1.41343689,-1.56997824,-0.2798931,-0.87022841,-0.04290712,-0.043221,0.36377275,-1.10744739,-1.12657702,-1.06088114,-1.12162757,0.95490819,1.09402239,1.47059691,0.11461294,0.53173041,-0.24762797,b'2'
368,0.54681969,0.74517608,0.24857017,10.38702965,8.63057899,4.84008312,-1.24044895,6.68483734,8.39617634,-3.49603462,-0.97222066,3.03646708,2.25380373,1.29762232,-1.19534063,5.24182034,0.67187738,1.17034817,4.66227245,-2.33993936,-1.80765486,-3.37340593,0.47053778,3.34662199,-0.81786793,-5.87955475,-0.77178061,3.36273956,1.25559545,-1.55398273,-0.23359311,1.6979866,-1.42633986,-2.6649487,-0.70491624,1.3585149,0.62495351,2.17823625,-1.30640352,2.02606654,-2.38644171,-2.65458632,-2.06872988,-0.53163815,-0.34872162,0.59095365,2.1707077,-1.84286189,2.26050282,0.46566725,-0.72649604,-0.16126961,-0.09016585,-0.39368629,1.48359156,0.21190077,-0.29507732,-0.10807185,-1.11866975,0.56916583,-1.86130476,-0.26298285,-0.28298461,-0.17030671,b'2'
369,-1.75033975,9.39800167,-5.16595554,-0.16703293,3.27687502,4.59700489,1.91420686,-1.76327634,-5.13920736,-5.80579758,4.68899775,9.33489418,-3.98718309,0.36305642,3.2808392,1.05834913,-0.5219276,0.37162983,-1.58562005,0.58840704,0.59771287,0.99286878,-0.41657916,-1.0993396,0.46746182,-1.67071187,1.88249123,-1.0911597,-0.22540998,2.9092555,-3.35771608,1.42262793,-2.10466719,-1.94146442,2.66266775,2.11517429,0.23031998,1.09520268,-1.49319088,-0.20698455,0.07170796,0.53139049,-1.20061135,-3.16738772,-2.02820396,0.00580095,1.18665719,0.30063295,3.69298601,-1.07125974,-0.49600345,0.02267081,1.48652267,0.21127927,-1.01132226,0.20017689,-0.10987163,-0.32827872,0.07839566,-0.04942822,0.6214577,-0.96662784,1.12373698,-1.10301042,b'2'
370,-5.8160429,-6.31476974,-1.63601422,8.46929073,5.77152014,4.26715374,-2.64407825,2.56563973,-3.61175394,4.79220867,-3.7279439,6.05530071,0.14612627,-1.03230441,1.84950089,-3.55883121,3.22599006,3.11646104,-2.17856741,0.14856577,-0.26966238,-2.61437249,2.68968272,-1.41628623,-0.18788928,-1.85235429,1.52049029,0.64891934,-0.49200153,1.88362324,-0.81029427,1.12436318,1.13418221,-3.92240286,3.36041403,3.91113567,-0.03052521,-0.60553008,-0.16487062,1.43303716,-0.76788956,-1.55101681,-2.58042002,-1.08414638,-1.84906089,0.34903675,1.9465673,-2.22214484,-0.22620964,-1.33924294,-0.95697546,0.06582254,1.64813685,-0.48027468,0.70276952,1.55845571,-1.09778309,-1.22543883,-1.12348199,-0.31580836,-0.37590498,0.53477025,-0.46157375,-1.31026351,b'2'
371,-4.37466049,-9.3487072,-6.86804771,7.30384827,10.97898006,3.64241552,-4.21492338,1.93367159,3.21646214,1.30080974,-1.59164906,4.92953491,2.6358912,-3.34670115,-1.81454897,2.92612886,1.13064027,5.42428207,-0.74777275,1.95878267,2.38281059,-0.05496889,3.69183779,-0.50278306,-1.92191613,0.11712883,-0.53104395,1.08296824,-0.76383305,-0.23544598,-0.24359095,1.27375197,-1.24204457,-0.40055865,1.50404239,-1.48365319,-1.18396568,-0.34019607,-1.43307078,0.76367748,1.41931295,-1.0600965,0.57377273,-1.07287586,-0.95676553,-1.45397139,0.93082887,0.83259463,-1.17889929,0.58690059,-1.06557238,-0.55362844,1.25639391,-0.46007085,-0.25447732,0.77078724,-0.28833055,-1.73208678,-0.15406868,0.06417477,0.24232106,0.61689347,0.25549233,-1.69643772,b'2'
372,3.84420729,6.72946453,-7.11035776,8.21865559,3.15141535,6.9300251,-8.3658638,-2.47288156,1.79412293,-1.1193881,0.39027405,-0.95607162,0.60642195,1.06277418,-1.2656064,3.05067015,-4.7605896,-1.26053357,-0.19195701,-0.41772449,-0.63463068,-2.6453042,-0.39737508,2.35729456,0.47625673,-0.67852563,1.20271349,0.85787666,1.19676805,0.48882139,0.52322793,-1.79210448,-0.23891778,-0.28781658,0.20657849,-0.89881587,-0.1859436,1.21099877,0.13422036,-1.47571516,-2.81848073,-0.59151649,-0.5737291,0.73646879,1.55355978,1.62592995,1.03727663,0.40522313,-0.88299078,0.31721783,0.65105635,-0.16108704,0.52749515,-0.32855606,-1.620332,-0.11221141,-2.16592169,-2.21489263,0.32648277,0.11649406,-0.26718929,-1.04710996,1.71842515,0.72237402,b'2'
373,0.61314034,-1.37069774,-6.6836195,11.7129755,9.20928288,3.0703721,-1.56374073,0.51502806,-3.00511694,0.72231722,-0.55099058,4.31257439,3.32241654,-3.52599454,-1.519382,2.12230682,0.50820041,3.10830235,-2.36465096,1.70970988,1.72593069,-0.18578881,0.18551189,-0.8756156,0.80592775,-1.7081573,-1.15664268,2.75144696,1.19892478,1.60836017,0.95745564,1.91977024,-2.96767068,0.59554857,0.31025183,1.6482079,1.90186,2.25196862,-1.14725363,0.0143885,-1.05979729,-1.59828615,-3.81886196,-1.7679565,-0.58183479,-0.14458619,0.39889425,-1.32656622,-0.82755148,0.06887424,-2.25914073,0.71693313,0.23672032,-0.86104083,0.1655094,-1.96325123,0.83448339,1.03208661,-0.69872499,0.22847581,1.05232716,-0.01719654,0.18357593,0.18457383,b'2'
374,1.40824926,2.92358446,-7.40968847,8.11191559,10.97895145,2.91630793,-0.67089558,-0.44511294,-1.3275733,-2.66688347,-1.13789511,2.36277485,3.50979662,-0.41706908,-0.78761768,4.28052807,3.22326684,3.25748658,-2.03881741,-0.17382169,1.20155704,1.78631854,1.07273233,-2.19590497,-1.64347267,-3.48896861,-0.16200739,2.04440308,1.10532522,0.19061053,-0.64786494,1.78196001,-2.48025298,-0.995426,2.52559757,3.44092131,1.82215047,2.00735879,-1.83428228,1.47945583,-0.97153866,-0.89728814,-2.10428619,-2.64972329,-0.50419366,-0.30787277,0.02503508,-0.57980824,2.0573256,-0.01488751,-1.17184138,-0.39105129,0.52333915,-0.39871156,-0.05906898,0.43460882,0.31822324,1.95718265,0.58419687,0.94615662,1.11682034,-0.54010707,0.74374044,1.17985463,b'2'
375,4.44506979,-2.55746865,-5.36855268,11.14207077,5.68479109,6.74948692,-2.90359068,1.32454252,-2.36182117,0.25006866,-0.16760635,5.39588118,-0.77904654,-4.85148382,1.33066845,2.68508077,-3.0466876,3.43529439,0.13726506,-3.78093243,4.6911974,-2.57829452,-2.76161599,-0.08987927,3.26676226,-3.60336471,1.89719641,-0.06994879,-1.59450436,-0.13922977,0.06869948,2.85995102,-0.89785182,-1.06508112,1.23169649,1.91289568,2.89372706,2.86553097,-0.00807703,1.00623465,-0.32090312,-0.95502323,0.88973266,-0.12085066,0.32377273,0.05973069,-1.01907957,-0.80755091,-0.55858737,0.90548944,-0.49266398,-0.99093378,-0.25732207,0.111956,0.89744669,2.33886027,0.14231253,-0.41921687,0.16767544,0.20680237,-0.30797511,-0.04222333,-0.19394541,0.08193891,b'2'
376,0.87848628,-2.57737708,-6.02131414,11.91109085,9.24423885,4.48139381,-0.95083046,1.17315614,-2.42576361,0.69789588,-1.35417891,5.11614609,3.28445959,-5.02533674,0.39381647,1.93133628,-0.51858401,3.56909394,-2.94582701,-0.2119143,2.16797233,-2.10986066,-1.31979597,-2.02010393,1.7219063,-2.15018392,0.11912531,1.35870123,0.45595384,0.19798541,1.21422529,3.28592682,-2.15110302,-0.25068206,1.4387095,1.188995,3.84204078,1.09771693,-0.97048748,0.37293929,-1.33699238,-1.50628054,-2.67708087,-1.41358793,0.02636254,0.1991179,0.67414993,-0.4714222,-1.21193838,0.51780212,-2.93680429,0.61181396,0.36056781,-1.86285257,0.76210785,-0.64837158,0.76195335,0.85476112,0.23627675,-0.09691566,-0.62668699,-0.29745373,-0.61160672,0.24716318,b'2'
377,1.74455488,1.75267458,-7.89656591,7.73008537,10.97171497,7.93706226,-2.2777586,-1.20216918,3.89627695,-2.79216337,1.42922568,2.65576744,3.99178314,-0.06164012,-1.120893,3.92871022,-1.44445157,3.13459516,-0.93664861,-2.00251603,3.53146744,0.65587282,-0.99082255,1.49109173,3.51803493,-2.52947927,1.9678117,-0.77451187,-1.62765455,-2.49998903,0.7276144,1.00219202,-3.16875172,-1.59608555,0.16155946,1.50457394,2.78478026,0.63527679,-1.87094748,-0.26871991,1.367239,-0.621804,1.44127715,-0.06992576,-0.09375775,0.13632211,-0.64848745,-0.02539659,0.25501683,1.12484789,0.95435882,-1.62945628,0.44414663,0.00877857,1.75161052,0.59927344,0.78556633,0.05069875,0.53412908,-0.7461251,-0.00086708,0.74054366,-0.92363465,-0.08033646,b'2'
378,0.55828917,6.08055687,-6.86732626,3.47494197,6.41699028,5.59863186,-6.07317162,0.5319826,-3.82085848,-4.31401062,0.07597303,4.79104185,0.1967063,0.05207768,-2.23247957,5.13928318,0.42609406,-0.9309293,1.95537019,-2.18919826,2.63777971,2.59632874,1.72333753,2.31766415,1.74274361,-4.64717865,2.39159632,-0.016509,-0.36066246,0.01278496,0.06902921,-0.49511242,-1.08987224,-0.14966017,-2.0291996,0.17798936,1.92800927,0.29743588,-1.75647962,-0.23500717,-1.27245164,0.88992941,0.39325219,-1.60934353,-1.14699304,-1.69072199,-0.50177091,-1.49414349,0.15505385,1.52441275,0.11410813,-1.65974832,1.20079195,-0.57476735,1.95936227,0.50014269,0.88549495,0.32645118,-0.25837785,-0.28092372,0.38015133,1.12506962,-0.72109193,-1.04082131,b'2'
379,-0.389494,5.26613235,-6.15085268,-4.07388926,4.461658,-2.51218462,7.69263315,-2.99171948,-2.12875938,-5.32187557,1.6653583,4.92418289,-1.59675837,-1.63207078,4.43486071,-4.93740463,2.23344398,7.00015163,-4.17234659,-3.08600974,2.16163206,0.31355202,-3.22680283,-0.72878575,-1.34097958,-3.85740018,-1.86150825,-1.99922645,-0.96725035,2.61694431,-0.7659198,-0.49254513,-1.66114402,-2.05420828,-0.3839848,2.71372747,1.0724318,2.22321463,-0.20654774,-0.40168172,-2.75209808,-0.30904472,-2.03714776,-1.48746657,-2.85929632,0.11122838,2.01512957,-0.44419289,2.92696762,-0.73864776,-0.21863608,-0.52941084,-0.57720399,0.51758814,-0.04967922,-0.44799122,0.19228268,2.04442382,-0.73376679,-1.21410012,1.11569393,0.15312845,0.88888586,0.3167803,b'2'
380,2.2934761,-0.431113,-7.484097,9.13080025,9.33403111,4.56272697,-3.52657175,0.53278196,-3.47491026,-0.00015193,2.29181886,3.42247939,1.04436803,-1.19541931,-2.0408268,3.75085664,-1.18277717,5.17372322,0.73102582,-0.89341307,3.57363749,1.38455725,-2.65996695,-0.40279579,3.97515631,-0.75776321,1.6750201,0.8205415,1.39636755,-0.99240679,0.65659094,3.26852083,-2.35641456,0.18563992,1.00524569,1.4815197,2.35149503,0.82915527,-1.2937566,-1.02122259,-0.58632511,-0.6799317,0.96480823,0.25268155,1.07870269,-1.07107687,-0.85964274,-1.57813382,-0.81324166,-0.30124503,-1.09374344,-1.37912965,0.74410081,0.00486279,-1.22631741,-0.56833011,0.33398509,-0.02759205,1.01114631,-0.81079185,0.42717475,0.82881862,0.25297904,-0.47591373,b'2'
381,0.76538169,4.74331188,-9.14103794,5.2147193,9.20193768,4.79282951,-3.74514294,-0.50616884,-3.71952963,-1.26929438,0.15190625,-0.18118119,1.23048794,0.1813207,-2.36330366,5.83572912,0.577986,2.70823765,0.10463029,-1.87590003,1.64035678,2.74793124,2.82924891,0.35467505,-0.65028489,-4.05719137,2.83730745,0.46996629,1.64149618,0.70531428,1.1175189,-0.29912496,-1.6627152,1.7572844,0.59201425,0.62483495,2.15664697,-0.80513948,-2.14328241,-0.7914952,-0.28369743,0.75850785,-0.42500412,0.96071583,0.30015075,0.39350355,-0.37978667,2.94980621,-0.43649712,0.40791154,-0.38160294,0.98545676,-0.96718812,0.69226009,-1.01528382,-1.00515962,0.55884552,0.09705025,-0.62767428,1.22193706,0.67912579,0.14513731,0.52241719,-0.02385343,b'2'
382,6.21589804,2.34266233,-2.89923811,7.39285517,2.23767614,11.42599106,-4.30848694,-2.85491037,4.50046253,-1.28731561,-2.87349415,-0.06518507,0.22274876,-0.68812132,0.8140893,2.23302817,-5.32296801,-0.71824515,2.09558606,-1.50207138,-1.05417943,2.47628641,-5.01027346,2.52375317,1.27610862,-0.49534711,2.27530575,-1.10080945,-2.22979355,-0.91737175,-0.80736339,2.15069342,-0.33083391,-2.31279969,-1.02376318,-2.7856555,1.55061841,-1.49765921,0.50333691,0.10991877,-2.06405592,0.62160128,1.10345483,0.86426294,2.32749653,1.03634131,-1.31176865,-0.07499456,-0.91484898,0.17933112,-0.80719352,-0.18811411,1.28605664,1.17891002,-0.20705599,0.44978762,-1.01147413,-0.82401448,2.11523771,-1.28288937,-0.08160876,0.33909726,-0.97156602,0.77902621,b'2'
383,7.26865149,5.71734524,-4.20320845,0.05068055,2.50492764,4.86267805,-10.4515667,-0.60658503,5.29786539,-1.51922596,2.55290699,-1.54504514,3.39069033,-1.66970193,0.78434968,5.71660614,-2.40760589,0.32069242,0.74153876,2.10982704,0.05246234,1.30569041,-3.76029778,0.87748957,-0.30962318,1.80851829,-1.24827099,0.11739588,0.40650558,-3.23855495,2.00133085,1.49751329,-2.81038809,1.62240744,-1.92332411,-1.70089304,0.83385897,-0.66785067,-1.93317997,0.3121202,0.13024664,0.85021031,2.66080761,0.00050664,-0.93605959,0.09190717,0.07432374,-0.97333074,-0.80377525,0.77753103,-1.0086751,-0.04056269,-0.76782489,-0.6332922,0.7862618,1.47590566,-0.64550853,-1.66817749,-0.13329408,-1.80150223,0.17274682,0.82007092,-0.51528805,0.30661109,b'2'
384,5.76286888,-2.03093433,-5.00884151,8.20466137,7.39387798,5.84079933,-2.19743252,3.10713577,-2.43441963,-2.01124239,-0.4019835,8.38218021,1.72952199,-4.03379965,-0.30422401,3.12116075,-4.44622231,2.86727786,-0.95179617,-2.52557802,3.96644378,-1.03607249,-0.99789488,-2.46800232,4.19509172,-3.22674084,2.21352625,1.40017629,0.19953799,-2.77284765,-2.01572371,2.54414272,0.83642471,-2.34356666,2.26420212,3.03803539,1.91300464,2.83055496,-2.21861649,0.28496951,-0.88543874,-3.15945697,-2.25302267,-0.02585299,0.27478844,-0.28496784,-0.4367879,-0.26360345,0.85917729,0.75097167,-0.83932018,0.12634093,-0.22093225,-1.74372125,1.84264493,2.69385886,0.28431129,-0.05062534,-1.28656173,-0.71266222,-0.85306823,-0.75116026,-0.0362376,-0.35374859,b'2'
385,2.8967247,-1.07890129,-3.37407184,5.9607954,11.2242918,2.46137238,-2.82003021,0.81600469,-4.61145067,-2.67674756,-0.86797285,6.87603474,0.76211697,-2.63010383,0.94531178,0.88605452,3.38723254,3.93250203,0.2213462,-3.08966827,1.03640974,-1.12603283,-1.37530124,0.09736753,1.84192812,-3.13939524,-0.89020997,2.38938236,-0.61666012,0.29983354,0.54183137,2.67133284,-0.95267648,-1.93218708,0.51138079,4.91406059,0.21680546,1.04546571,-3.47303247,0.58173358,-1.33009589,-2.05462074,-1.62659943,-1.3900727,-1.11094725,-1.08602357,1.63584673,-2.64032292,0.48743343,0.90945673,-0.32420206,-1.33626604,2.88009667,1.00876069,-0.14233416,0.37686062,0.45496345,0.27817476,-0.61139345,-0.20597446,-0.58789957,0.47486961,0.609079,0.80212313,b'2'
386,3.4818058,0.57455659,-6.13658285,11.68187237,9.63477993,6.50741386,-2.63532877,-2.53862047,4.21160984,-1.55414176,0.67194366,0.72520828,2.04222584,1.57689297,0.137537,3.32196999,-2.01059699,3.82953525,0.92791927,-2.01983237,1.6327678,-0.17734915,-2.57491088,4.05436182,1.07686222,-2.17497802,-0.55820113,-1.12733209,-1.81304741,-1.87819147,0.85334063,1.35310411,-1.87031221,-0.51219338,0.08861494,0.1064139,2.53112006,-0.50568825,0.84199345,-0.97818458,0.68218136,-0.52872723,1.6155144,-0.73595232,1.08695102,0.05920655,-0.22443964,-0.6264863,0.65622544,1.38002789,0.35678351,-1.10549438,0.82847571,-0.40384448,-0.18485421,-0.58005178,0.12319708,-0.79805827,-0.7144872,-0.69775409,0.52766848,-0.87426984,-0.97257185,-0.12326082,b'2'
387,-1.70802617,-2.86784196,-1.63245988,10.74863529,5.65515375,5.74069977,0.0907867,1.26496923,-5.29958391,3.45284796,-4.45289755,6.62782478,1.25653684,-2.54771423,3.15662098,-1.07752967,2.4874332,0.59930062,-1.94415653,-0.93974507,-0.31816995,-4.51639891,1.06173611,0.36088181,-0.64324075,-6.12525654,-1.36174631,-0.31817561,-0.77820396,1.75202954,-0.87502587,0.96104217,-0.43549585,-2.1578536,2.40003037,2.44102955,0.74670529,1.54973435,-0.46799815,-0.77051497,-0.68553227,-1.61766899,-2.47063923,-0.37968713,-1.12073648,-0.32801694,3.19188213,-1.19814348,1.19117022,1.67114007,-1.89290071,-0.31613189,1.80019164,-0.70313454,2.56348181,0.72217333,-0.71604919,-0.10404231,-1.18884873,0.9403187,1.45513856,0.3883962,1.0960604,-0.10405067,b'2'
388,5.38637495,6.07546902,-5.82142782,9.39708424,6.26772118,5.67656898,-2.82093048,-0.20297027,0.68924809,-3.33321762,-2.9384594,0.33530235,2.60997057,0.98449349,-2.14767551,5.99167633,-5.29212332,3.3940661,1.5004164,-1.97267473,1.51844811,2.56224155,1.46581137,1.91727066,-0.04151362,-2.2944057,1.4985075,-0.16807294,-0.16268158,0.23723519,-0.50554264,-0.86833644,-1.62212455,-1.39774704,1.36264765,-0.9220134,1.40710592,-0.12402385,-0.55960071,0.39418972,-0.71653062,-1.44367921,1.4569329,-1.50404632,-0.98138058,-0.80269599,-0.38035864,1.41910231,1.42669249,1.65862811,1.09867644,0.29652113,-0.36607957,-1.03983569,0.35764158,-1.79300785,-0.3618052,-1.62737668,-0.14956513,1.19294369,-0.57398576,-0.30041379,-0.09859538,0.43942365,b'2'
389,-1.88204038,4.19015455,-7.41146708,7.10251808,9.13981533,2.07852626,1.38360429,0.54710501,-7.18542624,-0.47433764,0.73899269,3.73978615,0.95567036,0.08221473,0.432832,3.37841725,2.66208529,1.07444286,-1.43570328,-1.66678834,0.83981562,0.01508129,0.78130281,-2.33288813,3.16555357,-3.603374,0.51185113,1.28973103,0.30927038,1.05915713,-0.55264986,2.60151815,0.18974258,-0.75086039,3.23344207,5.27202415,0.20294118,0.75425023,-1.40541446,0.75495958,-0.96917188,-0.15017284,-3.0277245,-1.54239452,-0.85853469,0.99965596,1.49095082,-2.31715465,0.87785929,-0.90030622,-0.17986481,0.00975186,-1.26795411,0.06082439,-0.22960216,0.8597151,0.42242908,-0.49112481,-0.06537223,-0.57117003,1.63722551,-0.96730703,1.8053118,0.08937742,b'2'
390,5.45472431,-8.04901123,-5.23759794,6.83769655,4.64410925,3.23879051,-4.48833179,-1.02551818,-4.95607042,4.25694656,-4.13201141,3.53606653,1.93297696,-4.49135256,3.06328726,0.86516309,-1.74757087,1.17775249,-2.57301474,-0.4036566,2.73507619,-3.93655491,1.88323486,0.37061334,-0.86550319,0.00911252,0.4961533,-0.31134725,-1.35890341,1.24928701,-1.85607016,2.71659184,-0.92032099,-2.39860463,3.1383934,-1.24879408,-0.63183022,1.08741724,1.04664588,1.2058562,-1.49055612,-1.11313736,0.59331882,-1.66186786,-0.30956411,-0.9814499,1.59260511,-0.59374213,-2.14878273,0.20246601,-0.18925227,-0.19677269,1.19823325,1.9183166,0.82541651,-1.06656396,-2.22829723,-1.03421438,-2.10868335,1.08048475,-0.39399362,0.24431592,-0.06226271,0.49525902,b'2'
391,10.63988876,-0.30040646,-3.73814964,6.45772123,3.13702106,3.25645733,-2.36516142,-1.74613786,-5.33106756,3.20374417,-3.81837749,1.54232478,-0.08698988,-5.84677315,1.34759259,1.72470868,-1.49503112,-0.00810653,2.02800059,-1.6929698,4.67641973,-1.71096039,-0.11783108,3.01733637,-1.73710072,-1.32763243,0.38315707,-0.07047683,-0.08909082,-0.19704092,-1.45314634,0.60209775,-0.67331171,0.67747736,-0.44709861,-1.87651074,-0.56103015,2.26882148,-0.51570451,-1.65517938,-3.6366775,-0.60599315,2.39790463,0.29295385,-0.87499225,0.90425086,-1.52249157,-0.24545836,0.58889133,0.49028945,0.47242451,0.74613273,0.10328341,1.46813166,-0.2185877,-1.16669512,0.009835,0.51372266,-1.46213675,-0.99298286,-0.15888479,-0.79170668,0.61983609,0.03483975,b'2'
392,6.86127329,4.57973051,-10.02202129,0.33829382,8.2817297,4.03723145,-6.06244755,-0.51842356,-0.20520401,-2.36914086,-0.84932947,2.67076182,1.31227589,-2.47320819,-1.88891029,4.12856865,-0.83878887,-0.12011135,1.67583108,0.23132181,3.88579178,3.03615379,0.95694733,-0.76449656,-2.32013369,2.18244839,2.04236317,0.31145561,0.84656787,-1.17893755,0.57056856,1.00501943,0.13387592,1.85911393,-1.33861208,-1.99954903,0.84995365,0.10253704,0.18804586,-0.4717105,-1.29016244,-0.2595005,1.96315169,1.30418706,-0.15432036,-1.0324775,-1.31345296,0.33371377,-0.55413234,0.56510925,-0.15750314,1.3354634,0.27842498,-0.67662334,0.27184337,-1.39863169,1.58842337,0.37068164,1.18921399,0.16554749,-1.29628944,-0.49295169,-0.19750094,0.03490502,b'2'
393,3.5580821,5.08547401,-5.90728951,6.2710638,6.45375919,4.42369604,-7.1815033,0.72726703,-4.28453493,-3.21022415,-0.53395534,1.13678455,-0.18360186,1.69571674,-2.9223032,5.33326626,-1.51147962,2.93538499,-1.11893797,-1.77093232,1.65633225,4.12366104,0.88270545,-0.55743217,-1.89926922,-1.47669101,2.43465996,0.59784651,0.54426003,0.97742617,0.83427823,0.36761594,-3.19022202,0.74050725,1.03106356,-0.95088899,0.6906352,-0.77656549,-1.4744612,-1.65861058,-0.60983163,0.62752181,-0.8171376,0.97859055,-0.3545686,0.65504998,-1.11771441,1.02647758,-0.927068,0.64955235,-1.43772542,1.47428894,0.65906405,0.44993359,-0.56412667,0.28098798,0.89315867,-1.26719856,0.31238991,0.52573669,0.3465814,0.11397618,-0.56408006,1.42473912,b'2'
394,4.20732403,8.51200104,-6.55610847,3.82979703,5.27279568,4.17861271,-7.7510519,1.28688765,-0.81224918,-2.84699392,-2.41658497,-1.55442262,1.68707049,-0.26963425,-0.76890087,4.37147903,-2.82499099,2.52035666,-1.7456429,-0.80346763,1.4236567,5.25064564,2.38848424,0.12351513,-1.92544639,-2.99456549,-0.12857834,-0.82343096,1.47238779,0.73933482,1.6543268,0.11766315,-0.33594668,-1.18339944,-0.80071628,-2.47112775,0.18304586,0.12109101,-1.50014079,0.25492364,-1.82863617,-0.46123892,-0.80878073,-0.51980352,-1.03229272,1.12950444,-0.76486558,1.15916085,1.25359201,0.00694585,-0.9677583,-0.18132323,0.64538026,-0.09471047,-0.01321387,-1.32759452,1.74205327,-0.72765827,-0.67944717,0.14156616,0.57358742,0.24172056,0.80495918,-0.22853467,b'2'
395,-0.83109331,2.26527357,-0.91343921,6.27838087,7.69273472,3.19235277,3.07622266,-1.30911922,-6.90103579,1.18823123,1.08130467,10.24022007,-0.51206231,-1.61648643,5.93155241,-1.70353484,3.75719666,3.10424113,-3.030689,-0.91752708,-2.47269177,-3.51031971,1.65238857,-0.7046082,0.1959486,-3.46167541,-1.04254615,-0.69493592,2.12564158,0.42900646,-1.1343056,-0.10332918,0.3244468,-3.22637892,-0.08785129,4.7263732,1.51369119,2.87155104,-1.52527845,2.13163781,-0.19781113,-0.7619592,-2.35127211,-2.41894913,-0.29632759,0.89408612,2.19356203,-1.80813718,1.57429099,1.07600188,-0.57852584,-1.88038301,0.23770022,-1.32970572,0.63261062,0.61365783,0.20173097,1.81900668,-0.58114386,-0.07191229,0.59630227,0.60879868,1.52853167,-0.81849533,b'2'
396,5.00969028,-2.22930527,-4.30147219,11.96287632,8.80519295,8.27943134,0.75081611,-0.97705579,5.82335854,-1.40595388,-1.79089165,2.99743199,2.70948482,0.15148285,2.14384413,3.15770793,-0.53052545,4.32543182,0.01308998,-3.12569809,0.2573539,0.32150269,-4.92512083,1.59431314,-1.67630053,-4.97461033,-1.38771701,0.51168728,-3.11395788,0.01306248,0.56382322,2.25044584,-1.74046779,-0.85115951,2.91041422,-0.92537713,2.63091016,0.96322924,0.06220496,1.00838554,-0.61746901,-1.16378856,-0.30171865,-0.26032472,0.04980636,-1.18619919,1.04732156,0.14463377,1.24692297,2.28156757,-1.62208295,1.19071138,0.06134868,-0.21299112,-0.36468524,0.43513894,-0.53927207,0.08089171,-0.97849929,-0.52632695,-0.42476964,0.58830982,-0.23651928,0.59734803,b'2'
397,11.73949337,6.18751431,-3.27494955,0.21924534,4.80683088,4.72594261,-2.60233164,-0.97980022,5.58503628,-1.84175992,1.95774698,2.49520063,5.40904951,-1.34075511,-3.70890379,2.57653236,0.07207751,2.28164625,1.17967498,0.55382228,3.59068918,4.44030714,-2.55649567,-0.29718852,-0.14100301,0.53924298,-1.52203095,-2.18272305,-0.87332058,-4.06072521,0.91340029,0.11621261,0.15072529,2.8024435,-0.99860716,-2.69799519,1.557307,-1.9268415,-0.09120417,0.30859751,0.90107322,-0.21586485,1.95749831,0.85276097,-1.06128061,-1.1573472,-0.10771053,-0.52991414,0.74954665,1.5749675,0.06417426,2.19758034,-0.41156912,0.79113263,1.59314919,-0.0455085,1.87629843,-1.99510014,0.20346147,-0.65447569,-0.66440159,-0.52698159,1.12245095,0.7727344,b'2'
398,2.18952179,-1.28658152,-3.62584639,9.32381535,6.86991787,3.50476527,0.15835309,-0.6800698,-5.02291059,2.37471581,-6.43025017,5.46163654,2.50180292,-6.87914515,2.69612694,-0.758775,2.14461422,1.96536875,-0.16258773,-0.37469721,0.40764204,-2.94465971,1.08189082,0.71556759,-1.07380164,-5.1546483,-0.14717859,-0.81482726,-0.18380594,1.76804817,0.94864976,2.26350307,0.35481173,-1.05977678,2.48342824,0.3033542,1.38874412,0.33377677,-0.23218155,-0.56494129,-1.38901663,-2.2917788,-0.44615346,-1.70537186,-1.98743737,0.92515993,1.56673145,0.10710812,0.561903,0.8465451,-1.25796902,-0.8609159,0.75419748,0.52712047,1.61869669,0.41802752,-0.60230303,0.45546532,-0.76330614,0.37734127,1.83783364,-1.62820196,0.20843875,2.07160354,b'2'
399,3.75596094,-0.08532,-3.13282609,12.83540058,7.89093208,6.84981728,-1.37325239,-0.8361882,4.1362114,-2.14890242,-1.97266102,0.81245089,-0.07680178,-0.22700873,1.45928526,3.2399137,-2.85139942,2.89373422,1.84834599,-4.05422068,1.35320067,-1.28986621,-0.27913454,4.20222139,-0.09458292,-2.22837496,-0.71919882,1.39996314,-1.28970337,-1.0224793,0.86229837,3.15693998,-1.36713004,-1.69467711,-2.23555613,2.16709781,1.86433244,0.13421124,-1.61780417,0.27686495,0.08742034,0.99452913,1.70839679,-0.77439314,-0.17070174,-0.33853602,1.19389522,-0.91397238,-0.25879422,1.91941464,0.46476048,-1.40791607,-0.43032527,0.15644419,1.71692634,0.90209877,0.05249166,-0.90488994,-0.17859399,0.89203441,0.17530869,0.86038941,0.35900927,-0.24783987,b'2'
400,4.13125944,7.88052464,3.96587253,0.20863906,-2.41319704,4.23949146,6.67114401,2.56831789,-5.8076272,6.51524353,-1.47953987,0.73963785,-3.94663,-2.49678349,4.50716352,-0.7654264,-1.10198402,0.79418421,-1.75743568,1.14938402,-0.79307854,4.23897028,2.10524821,2.66282225,-0.63922769,1.61375153,1.02854836,-2.33641815,1.51827645,-0.31303287,-2.30218983,-0.23520827,-3.83569193,-2.96658802,0.49106491,-1.94128239,2.4755547,-0.87741095,0.04059863,1.77325964,-0.12986875,0.36830169,-0.12088436,-1.16843438,-0.17392159,0.33096874,1.57254636,0.13630342,2.22786999,0.84742379,0.29021421,-1.12538862,1.05090988,-0.22569299,0.60522282,0.27479935,-1.72347832,1.64210987,0.08980477,0.30392063,0.10035677,-0.9982875,1.72826111,1.11635709,b'3'
401,-3.80599117,11.77150536,8.1887064,5.5948534,0.77793157,-4.59017277,1.02419615,2.29591274,5.23321819,-1.3163476,-4.49862003,2.19876862,1.73376036,2.82799506,1.35717893,2.88800693,-1.04576361,-1.48802698,3.03783917,-2.56052947,-2.32378197,4.41100693,1.15193403,-0.76990747,-1.6933763,-2.34575057,1.9163543,0.76705337,-0.53052616,0.15400857,0.25303233,2.55083656,0.84192634,0.87612051,-0.33354735,-3.15005302,0.61815763,0.05771792,-0.98817718,-1.02863765,-1.04214132,1.90426517,-0.6449967,-0.6455391,0.26692873,1.52789342,1.97408843,2.41494298,1.21127272,-0.03212339,0.95280343,-0.38066459,-0.06495404,-0.55308533,-0.74218208,-1.08942986,0.29913497,0.3846885,1.92117143,-1.50253451,-0.6607945,-0.24441729,1.32543814,-0.16390282,b'3'
402,1.59487975,-0.05934858,6.52330637,-4.68345499,-0.77572155,5.58459091,-2.00718307,6.62973309,-4.4218936,1.03785813,-6.50514126,-2.14418721,-2.37675261,-0.43495116,0.23898077,-3.09597063,1.17333984,-1.25805354,-6.84765148,-0.38424873,-2.27258849,0.73526824,1.47918463,-0.41251373,-1.68826628,2.05398798,5.53978157,-2.21353865,0.21283793,-1.5347352,0.07440078,1.81130648,1.37387371,0.31353933,-0.77448261,-0.87764537,0.42615104,0.21419442,1.8404429,-1.83659923,-1.21157193,-0.86106914,-1.38810778,-0.1748697,-0.68768561,0.12050226,0.1298677,-2.13671994,-0.02517317,0.47212613,-0.83812761,-0.61914825,-0.38628912,0.28775752,1.34364367,0.81705678,-0.30871105,1.15177548,0.97266906,-0.40503794,-2.60119343,0.38365817,-0.06778598,-0.50625831,b'3'
403,6.73401499,3.22158146,13.86447811,-2.9150238,2.63749743,2.11755729,-4.34356785,-0.43348205,5.45242453,-3.01890063,-1.01177764,-2.10775924,-1.06027174,-1.57545161,4.98115206,6.17218065,-3.41997004,-2.37995172,-1.76025641,1.44742155,-1.34135938,0.18846577,1.75783956,3.29099321,-0.49508369,1.31539822,1.56958854,-0.17866933,1.01433849,0.60824871,-4.69606829,-0.80286646,1.33492959,-0.31231409,-0.66940439,-3.7950666,-1.2253592,0.90132564,2.43765402,0.11793762,-3.89120126,2.55924749,1.43225753,-1.21029377,1.34165514,0.82619125,0.27843806,1.0191319,-0.13534118,0.56984651,-0.27120435,1.97555876,0.94430137,0.41316229,0.89661807,0.56354022,-0.07686257,-2.35155845,-0.10273701,-1.54859638,-0.05044021,-0.76787198,0.71152985,0.12531716,b'3'
404,-4.9930048,10.56612778,8.38170528,-0.6902191,2.26160765,-4.15999985,-2.18062782,-3.12102437,3.23859024,1.41746712,-1.70188332,-1.73792386,-1.11135054,-1.08071733,6.74003601,1.11175394,0.54005575,-3.34493566,2.27080607,-0.05563807,-3.89998007,3.11238337,1.62297702,3.3922348,-1.0510993,-3.30959773,1.72381437,-1.62175512,-0.4162178,1.71913445,-2.60264587,-2.46657372,1.61766946,0.0472796,-0.57353544,-0.89516616,-1.02486968,0.17684966,0.62720144,1.79504871,0.94634509,-1.65416479,0.76510286,0.98363465,2.21972728,1.91543102,-0.73203731,-1.29462457,2.07717896,0.23962414,-1.47124064,0.39483249,-0.7856369,0.25944436,0.59766948,0.11135125,1.25985146,-0.18823977,-1.24231493,1.49992526,0.1665635,-0.91839916,0.85622323,0.87683946,b'3'
405,3.70505524,11.51447105,12.16750908,-0.59597564,1.09291923,-1.18392515,1.88034546,0.45492423,3.68581223,2.73098159,-3.72438192,1.38835073,-1.95903444,-0.61549288,5.21707249,1.63348627,-0.40822101,-2.97053099,-2.58883047,0.20689344,-2.73548818,-0.92656368,1.75828254,-1.02740622,-0.92177427,0.52067202,2.71263218,-2.35675192,1.56375742,2.00003338,-3.41470194,-0.61457419,-0.40239406,-0.09464902,-0.75567508,-1.76503885,2.24942803,-0.90201086,0.07525098,-4.13309717,-2.66469836,2.00951624,-0.97277117,-0.09770674,0.12484956,-0.4039292,0.61238569,1.49595356,1.29119086,0.17229921,-0.2758137,1.02981687,-0.10059142,-0.49191964,-0.00184554,1.84994078,-0.52372193,0.93984836,0.6166411,-0.06842351,-0.15985629,-0.65035194,0.19494355,-1.71441185,b'3'
406,4.36892509,4.68709612,13.07843971,0.7529732,0.13599622,1.51954412,-2.52818584,2.15055799,2.35892081,-2.15731764,-5.95640659,-3.22244048,-1.80590153,-4.14821625,3.59081793,1.80870175,1.03922343,-2.69654059,-1.53632259,0.43352652,1.78253114,-0.38883561,1.54427469,-0.30482745,-3.27698994,0.28190011,3.78515434,-0.91339165,1.65013027,1.92683446,-2.69881058,0.36832666,-1.22289455,0.13918608,-0.11858273,-3.14490867,-0.48368931,-0.76609606,1.61847413,-1.97396851,-1.10051703,-0.2238443,-2.48001146,-3.31948829,-0.42667842,0.05734412,-1.75114727,-0.52724266,0.20928049,0.25650769,-2.34734273,1.4923718,0.7250545,-0.91402411,0.06979388,-0.17302847,0.06543183,-0.94046497,1.20499945,-0.08087158,0.41988802,-0.88020897,0.0065946,-0.41262862,b'3'
407,1.09622633,7.95083237,8.00584602,1.4753598,-2.80235052,1.95302641,-0.34135675,1.26503229,1.51607037,0.68881345,-6.72194767,-4.64919853,-3.59626865,-2.97302389,2.54146028,-0.72635245,3.32743621,-2.95660067,-0.82430094,1.86966991,0.27194113,1.79327786,0.90356183,0.33194184,-0.61531317,-0.05608333,4.04143286,-1.66633666,2.13067341,1.57466924,-1.68873656,0.00937486,-0.06313545,0.20660698,-1.22639775,-0.39330843,-0.44953132,-2.64037538,1.72756231,-3.08509469,1.0003643,0.14232036,-2.956321,-1.71373081,-0.11150026,0.10439318,-1.9882251,-1.10471869,-1.46349335,0.64138019,0.06148764,1.83742952,-1.12847018,0.1794647,-1.20493078,1.74348474,-0.74967885,-0.33753264,-1.14701676,1.76743925,-0.82761669,-1.67108226,-0.74173027,-0.73503387,b'3'
408,9.01931953,-0.35635853,8.92483616,-3.07629204,-3.96921921,2.46810842,-7.05434704,3.45494318,1.24134922,-1.51445925,-2.9837389,-1.86179042,-4.11831617,-2.78689575,2.81092763,2.11413598,0.95989394,-0.34545469,-1.46609735,0.86073995,0.32345384,-5.91614342,0.17338514,0.59668779,0.35475147,-0.0713324,1.94126904,0.40730751,0.95504498,1.91612208,0.71748447,0.90310478,0.01798531,0.36652696,1.12402928,-3.08518338,-3.32403708,-1.43894768,-0.12338984,-2.88501406,0.33100057,0.41108108,0.39876127,0.5450322,2.26030922,-1.7215116,-1.4105258,0.77367616,-0.25509337,0.99828875,-0.57071066,1.41381884,-0.38715863,-1.4822166,-0.36469251,0.68474174,-1.59741783,-0.14925267,-0.25194666,-0.78646743,-0.3130227,1.24478889,0.02995831,0.89402783,b'3'
409,-0.60688531,-1.2320087,10.65339661,-5.25982046,-0.22910804,0.53704196,-0.59979439,0.87722886,-2.14335918,0.70150995,-4.03487158,-2.17070508,-3.24172688,-2.83016968,2.99396825,-3.72707605,2.55340791,1.9824419,-6.40534782,3.2457633,-2.07126904,-2.1801343,2.68728495,-0.45150471,-0.87977648,5.18897629,4.40848875,-1.88297987,0.9784677,-0.02171397,0.40924931,0.34865737,1.70669007,0.28709877,-0.83752775,0.85377872,0.42221785,-1.34016681,2.61810017,-2.28529358,-0.70289111,-1.0979619,-0.03664564,-1.53112268,-1.94216645,-0.19771785,-0.24049707,-0.485852,-1.01079834,1.03971601,-1.09408796,0.70561337,0.23308444,1.90301275,-1.79950619,0.00841957,0.53731132,0.55103457,1.58925033,0.77408934,0.38896745,-0.63407159,0.7633065,0.81704718,b'3'
410,4.60042906,-2.78824306,6.19414043,-3.98521018,-1.84401441,3.05427742,-5.69954109,4.12536812,-4.57431936,-2.15847301,-5.00507832,-1.94104075,-1.57778764,-3.49137449,0.23630333,0.73172688,-0.31390059,0.04906809,-6.24203873,2.02198172,1.84009433,-1.25297213,0.97453427,-0.56369352,0.23678124,2.40121484,4.66244364,-1.51929307,1.09993291,2.17200565,-1.46435654,3.31188583,-0.79327452,0.74235749,-0.51040936,-1.80685079,-0.65385365,-2.12800217,1.11017621,-1.9642657,-1.86710131,-0.19057123,0.87256843,-0.72219193,0.45136201,-0.46797043,-0.25911742,1.00185466,-2.52326775,-1.46025801,-1.25486481,1.14540064,0.00903511,-0.17699444,-0.38279277,1.06979561,-0.82766652,-0.93972504,-0.52279812,-0.04108489,-0.31643277,0.17152488,0.99286616,0.82139367,b'3'
411,5.08131313,11.33436584,5.59362745,-0.09777953,-1.85244727,1.75835276,0.29994464,3.56691337,-1.92395353,4.80912685,-3.01633358,1.57629561,-5.13747549,-2.47067809,4.262218,0.19447923,1.35850906,-1.4349699,-1.4598732,-0.2860893,-0.09183072,0.52552962,1.31694925,0.06544828,-1.37504363,-0.70649868,2.01631784,-3.32924771,-0.2834878,2.21818781,-3.15914774,-2.0400033,-1.33923399,-0.72315532,1.1471411,-0.45878264,2.41245675,0.28819579,0.62018263,-1.061764,-0.54043436,0.42215461,-0.34752786,-1.93172944,-0.44157147,0.74762118,-0.63213301,-1.0504179,1.79642463,-0.61012173,-0.72728831,-0.0095616,-1.74341035,1.61094594,1.17732596,0.45198226,-0.5439074,2.65650296,-0.9938215,-2.27276778,1.66125727,0.26876432,0.53305745,-1.30966389,b'3'
412,-0.49837101,15.41457272,4.08729458,-1.48291528,-1.21968699,-1.60452867,1.33174729,1.13155937,1.76232266,-1.38930821,1.62772977,4.02200747,-4.44671726,-0.6741941,7.35522556,-0.36440325,-0.93401372,-0.59519535,1.81873822,-0.37249994,-0.30094182,2.98352003,-1.55815661,2.62191486,-2.40537643,-1.83243418,1.60185039,-3.53343892,0.13546324,0.63140309,-1.61546457,-0.18666816,-3.48897958,-0.43184656,-0.76684844,-0.43722269,1.27925944,0.22682428,1.04795504,0.43888164,0.7854979,-0.70642275,-0.96543825,-1.7511642,0.1812315,-1.40638912,0.51097566,0.92123377,3.68261099,-0.68670297,1.77160299,-0.98441815,0.27836347,-0.38521349,0.14486402,1.539011,-1.47122145,0.94438028,-0.62325168,-0.44508189,1.56541228,-1.57258201,0.15963596,-2.12868118,b'3'
413,4.95160675,5.67991638,9.47948074,0.4154717,-2.14690733,5.2410593,1.35535598,1.79100192,-5.69029474,2.36167979,-5.66385841,-0.65076947,-0.2337079,-1.91917074,3.62077618,0.68908608,1.92122602,-0.62463826,-3.73920178,0.89113927,1.6219492,2.55435109,-0.06314132,-1.17387211,0.68058932,-2.11626959,2.87637663,-5.27124977,0.1426425,1.45339048,-2.18825674,-1.68415165,-1.95793033,0.58829153,0.79436404,-0.2973288,1.27907515,1.41111231,1.32850504,-0.26250523,1.74870062,-0.70139283,-0.2222912,-2.09942985,-0.83178544,1.14108932,-0.2948761,-0.45702219,2.17804313,0.48572469,-0.87767935,-1.45687199,-1.01228118,0.90204823,2.30068493,1.21164978,-0.72450256,0.49549127,-1.14439642,0.1054976,1.25427508,-0.6342423,0.08616221,0.21781448,b'3'
414,5.31328487,-2.11717987,6.31519413,0.16109848,-2.06221056,1.20286942,-2.56523657,4.82212543,-7.53079081,-0.22440164,-5.23900986,0.13102913,1.58826649,-5.17662716,3.95430064,2.85436964,0.55762911,3.39778876,-4.2552948,-0.62170017,4.77713537,2.54596877,3.71673775,0.13392687,-0.15374899,-1.00256348,3.75774956,-4.31907082,-0.51442146,-1.17926192,-2.47970963,-0.4600687,-0.29662007,-1.58767724,1.13980281,-3.28880429,0.95937538,0.10667956,1.52851582,1.60729098,0.80212009,-0.87322825,-1.42200136,-2.46033359,0.55156171,-0.24178995,0.90535319,1.35262287,1.46859622,1.98960245,1.01830757,-0.45216393,-0.52268672,-1.06615615,0.98963839,1.24499774,-0.59294844,-0.02809705,0.7198022,-0.39942342,-1.72159839,-0.72722363,0.48562086,1.14126599,b'3'
415,3.45781374,-3.41460991,11.10411453,-7.99642038,2.03037882,1.36349297,2.42310667,5.38601303,1.80936027,0.17290419,-5.39036179,-2.67439342,-2.45554972,0.33232599,-0.76685667,-1.71136284,-3.68496323,0.67162275,-3.29156256,1.27525926,-1.83512652,-0.48191923,2.07179785,-4.04674482,-6.61449194,1.63193667,2.26792574,-2.06330657,-1.159832,-1.17491734,0.45577824,-1.06228936,0.40930557,-0.39055961,2.18768239,-3.49583387,2.00801873,-2.66360259,-2.45176458,-2.93361521,0.31285691,0.32341444,-0.46418995,-2.9827621,-2.0979476,0.30724627,-0.54301667,-0.57433414,0.76626384,1.37507427,0.13652889,-0.80854154,0.12992501,-1.1669817,-1.56592059,0.2663095,0.71200705,-1.32706332,0.00482988,-0.58413553,0.83780473,0.61355859,-1.13132834,0.31232074,b'3'
416,3.45130157,8.52935028,9.82772923,-4.35071611,-0.24746943,-0.14883852,3.03599572,0.68875813,-3.64633894,4.44423294,-1.85102654,1.40615129,-3.29955292,-3.06240749,4.96486807,0.95159447,1.81504369,-1.03792822,-4.40652752,1.63565683,-0.35185373,0.92487824,3.10328841,-3.73420048,2.19323206,0.83330983,3.9439497,-2.38213658,2.15508556,2.47550631,-5.33481026,0.10529947,-2.02601314,-0.89762884,1.01984441,-1.11840689,1.66150498,0.05876994,1.81117713,-2.24041128,-1.72571158,1.41994917,-0.84239769,-0.16576008,0.72803152,0.81073809,0.02729864,2.79580092,-0.44308609,0.73621726,-0.95421481,0.35336098,-1.04326558,1.45345175,0.50372201,1.4170208,-0.75764942,0.19722459,-0.75269163,0.2135607,-0.66252142,-0.24842688,1.02059102,-1.36530042,b'3'
417,3.31360054,2.84618521,5.1101346,-2.94259858,0.51206768,3.46998739,1.69824982,5.78995419,-6.2807107,5.63439941,-6.69125652,-1.1960628,-0.46442127,-2.40511394,1.36476111,-1.02945852,2.10707355,0.1869781,-5.19399261,0.57159829,-0.6537742,2.77792978,2.75014997,-1.20405459,1.43227088,-0.07844871,4.39408827,-2.13026333,0.82648039,-1.05562234,-3.37029219,-1.35447955,-1.31107211,-0.90857536,0.27281046,-1.40452397,0.75689006,-0.81147116,1.42846537,-2.78849244,-0.10696542,0.05942252,-1.12683356,-2.03813267,-0.74622774,-0.46199518,0.01988335,0.20139909,0.97628671,0.17314053,0.35836619,-0.64461482,-0.11156297,-0.33839703,0.87959468,-0.52034283,-0.48395514,1.21627712,1.87448621,0.17904794,-1.01287532,-0.34552878,0.82422686,-0.76607388,b'3'
418,1.88323772,10.97422314,9.16549397,-1.55937386,0.97675514,-2.55217266,5.78057146,-1.26427722,4.05329323,3.50097203,-3.04892826,-0.28362203,-3.87542677,-0.66419125,4.98694992,0.13656044,-0.33325541,-2.98363113,-4.15303898,0.45828676,-3.43817282,-1.20459652,2.37248993,-1.36691403,-0.35629472,2.27855825,2.574893,-1.71130121,-0.33296347,-0.05023086,-3.8530364,1.97624111,0.26412666,-1.6341145,0.99551338,-1.29844844,2.81516719,-1.46717596,0.97937083,-2.2986517,0.24298811,1.67117167,-0.46264821,-0.0822705,0.47261536,0.27912021,0.29217464,1.71564782,1.36033702,1.15194464,-1.75722384,1.68352675,-0.66622567,0.15773535,1.18135428,1.00346625,-1.7797966,-0.00708935,-0.25378492,-1.99677324,1.13388777,-0.81653231,-0.32249653,-1.63288999,b'3'
419,4.37103987,-0.82821202,3.78986216,1.94570708,-3.40431786,-1.59288406,-5.05449867,2.13216496,7.61008501,-2.94704247,-3.72002172,-6.96734905,-3.85401869,-1.9328779,2.32688761,2.93801522,-0.47970378,2.09546995,-0.83124721,2.81240749,-0.61883283,-8.09884834,-0.80158329,1.35303307,-3.0143013,1.90417516,2.52680492,-0.42485422,1.38093257,-1.69708931,3.63439417,3.81935501,0.0397427,-0.18062598,1.62259746,-2.23418927,-1.62668896,-2.72531605,1.20542669,-2.45074201,-0.33543164,0.37479174,-0.31486884,0.74901587,0.38850981,-0.73180401,-0.87824702,-0.59473443,-1.47077346,0.0612002,-1.79541349,1.32228839,-0.84640574,0.26774263,0.52559221,0.52409732,-0.61343479,-0.198254,0.58115202,-0.2925505,0.35571319,-0.11358681,0.04671115,1.47480416,b'3'
420,5.07994413,1.72912264,9.1164484,-3.61743498,2.0011692,0.77134371,-4.15865993,5.93122959,2.18301725,-4.70362997,-6.03162766,-1.23049045,-1.10684824,-1.61822534,4.29214478,-1.24675274,-3.61400938,-3.60670972,1.2497263,-0.23871803,1.00253999,0.99688727,-1.03607762,-0.88473129,-1.55145788,-2.74644971,3.00049305,-5.28447533,-2.03774929,0.38442695,-3.95003653,-0.92164421,1.01342988,-1.23795676,3.1361208,-0.80874026,1.8839457,-0.68051702,1.65412152,0.64056671,0.11776912,-0.08832337,-0.21844974,-2.52115083,-0.26043761,-0.81196582,-1.58804011,-0.61041188,0.27338809,-2.18051815,-0.55578393,-1.09372926,-1.79776311,-1.77976012,2.66460037,0.99743688,-0.67158413,2.27716422,0.57159847,-0.9041456,0.33296466,0.21958727,1.14179301,-0.89230168,b'3'
421,-0.23283148,2.39348459,9.50152683,-5.62820864,6.26575327,1.20985472,-2.90171671,2.1947825,3.74267077,-2.55877876,-6.75649643,-2.31920743,0.90629804,-0.79674816,4.39004707,-0.51120996,-5.11350012,-2.14984465,1.2493217,1.48420954,-3.32743359,1.73846221,-3.41023159,0.96397519,1.54848754,-1.78866804,2.58898401,-5.60172796,1.79490304,-1.55367899,-2.5746417,-0.85261798,1.2785635,-2.49262786,2.96611357,0.64421254,1.10641646,-3.91684318,1.60367489,0.2108044,-0.78171027,-0.68413866,0.40140152,0.05256329,-0.55357075,-1.50491619,-1.04803336,-1.88072038,-0.89779645,-0.61279607,0.66474766,-0.71416712,0.58684075,-1.18566704,2.03088665,0.52669895,-0.6001122,-0.41739607,-0.05337459,0.65911555,-0.52076244,0.4253189,0.3022331,0.01542381,b'3'
422,4.00413513,1.07633448,6.61329412,-3.53340936,-0.38103336,4.12835026,-3.64469481,5.52834606,-6.76639318,1.090958,-5.85308456,1.14667726,-0.11012077,-1.89475977,3.19640803,2.6790998,1.30411768,-0.95825952,-6.08223248,0.41247511,1.98878384,0.94893718,2.43025947,-1.05812573,-1.65453804,1.44166362,5.51829576,-1.97688246,0.65639496,-0.98186606,-1.0812546,1.73666811,-2.01758981,-1.57445765,-0.00169837,-2.58376455,1.93311095,-1.5914824,0.94057745,-0.46444264,0.68929887,-2.06614304,-1.23635256,-3.13115168,0.85464114,2.00747442,1.10944343,0.76696706,-0.08631784,-0.57845795,-1.73940444,-0.52513611,0.3103826,-2.21500063,1.95930719,-0.289765,-1.23981857,-0.54126328,0.41488391,-0.35919923,-0.78028232,-0.64651477,-0.14023232,0.43047398,b'3'
423,4.1563158,10.67612267,4.68035221,0.53250945,-2.97091436,-2.72434497,8.13755512,2.15945172,-1.26918173,6.23872614,-1.51016951,0.25641418,-4.08315229,0.1055018,3.89428926,0.59314203,-1.4211185,0.9109658,-1.44941545,-2.51926541,-0.82749879,1.57847452,1.2337718,0.54217315,-0.04105115,-1.43015194,3.01948071,-3.13292265,-1.37183475,0.89932954,-4.87548733,-1.9204129,-2.84748483,-2.2416873,-1.86029077,-2.49384046,2.09217,1.52674222,-0.49961889,-0.11432156,-1.99512744,1.48808181,-1.84202552,-1.31545103,-0.27896225,1.51292336,-1.34970999,0.68308008,1.54570031,0.27582222,-0.19123559,-0.2598626,1.12462616,0.03418624,-0.25300413,0.79479647,-0.31920314,0.51734281,-0.00704479,-1.11457765,0.23119248,-0.54490316,0.88918614,-0.87548208,b'3'
424,3.51337624,-8.62737656,-2.93701291,-4.16131592,2.70565701,2.78791976,-2.70775223,5.28999996,-6.78853464,0.36129481,-3.16803503,-6.22115803,3.93258977,-1.28611767,0.66728854,3.1165247,0.66330576,3.59671712,-3.28885484,1.29598904,0.81149507,1.15540063,1.67767537,-0.9714607,-0.88272911,-1.35737944,2.24577188,-2.76456308,-1.35837269,2.08876371,-1.20731866,0.19838905,-1.39112163,-1.14038396,-0.3822515,-2.17351007,0.46466446,0.67652261,0.25157917,-0.80697346,-0.70619178,1.8280865,-0.56707811,-3.31391311,-1.30353415,-0.37362975,-1.08436012,1.51652431,-0.31158531,-0.77658439,-0.58524781,0.10292107,1.62118268,-1.51151562,-0.76143998,0.24113655,-0.5564847,0.7326526,0.12158179,-0.56491119,1.30185342,-0.35116366,1.31003916,-0.3498309,b'3'
425,8.53517246,-3.22792029,5.34753036,-1.03866565,-6.64838314,-0.35027933,-8.01978207,4.86671543,-1.46170187,-4.36732149,0.99675512,-0.95679927,0.62862414,-3.93166518,-1.29931545,1.91136539,0.98943686,4.04590702,-4.67590046,2.72883892,1.8933897,-3.25626421,2.06685162,-1.93624353,-0.66613346,2.7897253,2.71333933,0.50855052,2.23605251,0.53649902,0.76367569,2.43855906,0.66766185,0.28484935,-0.70639801,-1.21731222,-1.8862133,0.24511844,1.5392617,-0.64117849,1.35565472,1.17956197,0.25382358,-0.24006967,0.71169531,0.22649091,-0.70627213,1.38399136,0.42798811,0.68911028,0.50596094,0.20433721,-0.21260595,-0.09838533,-0.02399009,1.3898499,0.3336184,0.1695188,-1.23222578,0.28087425,-0.25102326,-0.61675149,-0.30139428,-0.81598586,b'3'
426,4.82400227,-1.29061913,4.34548807,-0.75186467,-0.6460079,4.10072422,-0.21895409,2.38137627,-9.31986618,4.06171751,-7.29831028,-3.96900868,1.79684711,-1.8700366,1.1581533,-0.28392863,0.51448584,1.12294793,-3.67350936,0.65261626,0.99156082,3.98346186,-0.11720023,0.00223112,-0.00508279,0.01337043,2.34061241,-2.1470933,-0.74180889,0.1315797,-0.86932981,-0.70110202,-0.13840045,-1.4615922,0.49023607,-0.49320063,2.00973821,-1.92810917,1.1119318,-1.4390223,-1.29219341,-1.85953319,-0.77624887,-1.73077762,-1.09304893,0.11682481,2.2419188,0.45553541,-0.31264412,1.50706613,0.28131503,0.29404384,0.25377011,-0.84098291,0.0932439,1.53827262,0.13918948,-0.61246985,1.18074822,1.16775143,-1.86220479,-1.79923105,-0.11050349,0.22140659,b'3'
427,0.61278665,11.12440109,3.58524799,-2.26856065,-0.16186523,-6.76049423,-1.39252853,1.08268619,0.90793085,3.62854052,-1.39151096,2.05702639,-5.34911156,0.7345838,3.19726157,-1.41921282,1.53950596,-3.37979674,0.77972221,-1.12187362,-1.76248407,0.41315785,3.08778501,1.14637375,-1.85605371,-0.93406337,2.73273897,-3.2165823,-3.04428387,1.61086404,-2.04860878,0.25189924,2.89936376,-1.05646396,0.44551033,-2.43124819,0.8541863,-0.58005828,-0.28779984,0.35098922,0.12283146,-0.86951762,1.70909679,1.52262306,2.60684609,0.20533752,0.17550534,-0.95884299,1.33161664,-0.99096274,-2.15847039,-1.17782485,-0.35381842,0.3904047,1.40310609,-0.14626247,0.1909411,1.11687624,-0.5473401,-0.63663304,-1.16345394,-1.72956562,0.6854496,-0.80280179,b'3'
428,4.17398691,-0.90843892,14.33925533,-4.13288546,0.97419047,0.12845111,-3.45265341,-0.6852231,5.85412931,-3.604877,-2.87993002,-4.85860062,-1.7455442,0.47374153,4.19850731,-0.00833106,-1.34581971,-1.51552153,-3.11138678,2.64141369,-1.62635946,-4.50294495,1.5518657,1.01827717,-1.12749076,0.96151763,2.18270922,-2.90888309,0.68540907,0.33171844,-0.70762432,0.9917419,3.00465584,-0.62183839,2.00766349,-4.39792013,0.28728914,-0.78241307,2.35587716,-1.48173046,-2.6157937,2.75854015,1.86876369,-1.35386026,0.16591358,-0.49805498,0.68885124,0.18181968,-0.08501279,0.82367241,0.31618866,0.75299883,0.17114544,0.69217867,0.29584271,-0.99074292,0.43942523,-1.50351727,1.03194213,-0.6514616,0.84132022,-0.54740065,0.06157303,1.01330698,b'3'
429,3.20859814,10.47750854,10.97846699,-2.81439519,1.63373554,-0.2253089,3.87722468,0.93736666,2.5129528,4.38414431,-2.63724184,1.70298958,-3.30952692,-0.95202464,4.40381479,-1.51869011,0.52712035,-2.8939352,-4.08568907,-1.1857667,-4.02863884,-0.43219763,2.72069502,-1.61390615,-0.37223902,3.1106782,2.18830395,-1.72495639,0.22715688,0.64476466,-2.93507147,0.35371232,0.78303093,-1.90021443,-0.58595574,-1.63665378,3.35571694,0.31447548,0.07390296,-2.46901941,-1.09407151,1.56011951,0.06891887,-1.01051712,0.60382771,0.82546455,-0.09727482,0.6657089,0.95075697,1.75850952,-1.28521061,0.66383892,-2.04158044,0.46727967,-0.16141158,1.06659567,-1.04379344,0.22829583,0.38779163,-1.95847034,-0.09270929,0.04743564,-1.0872345,-1.08428407,b'3'
430,5.24751282,-2.44921827,3.95798159,-1.86956692,-1.43945646,1.81706905,-6.74564743,3.80554962,3.86218977,-4.64156485,-3.33895588,-4.10329819,-3.38824606,-6.30960226,3.05546331,3.06700015,-1.30716157,-0.24980253,-2.69270492,2.84893751,0.92948496,-5.75390196,0.67569941,-0.50201535,0.13359773,2.87111616,4.47046185,0.17128849,2.72791243,0.19038987,-0.0088799,3.23551655,1.37904918,-0.29991299,0.7873404,-2.19438362,-0.96039915,-2.82861066,2.67129493,-1.50548112,-1.8931725,1.51528633,1.1897862,2.15278339,3.01735878,0.47806162,0.22199887,0.13569999,-2.57173944,0.36793602,-1.08123672,2.73266506,-1.25867629,-1.34498096,0.24500722,1.33525705,-0.29087806,-1.59724438,1.35376048,-0.24719805,0.3503508,-0.9672001,0.11283606,1.76685655,b'3'
431,0.50693274,6.24320793,11.18336105,-3.51390004,2.1095624,-3.08487439,-2.17447948,3.31849957,3.29195166,-1.83465791,-4.71330738,-0.54525971,0.60619783,-2.26565075,4.69151497,-2.13959026,0.28817797,-2.78813171,0.33293509,-3.86696863,-0.00693353,1.65640211,1.65278542,-2.63946939,-0.94926775,1.71435475,6.28243399,-2.24199724,-1.17073298,2.2548852,-4.39309263,1.40911531,1.95528555,-3.41291237,0.12938797,0.04513723,1.20654368,-1.00105071,0.77851546,-1.77589095,0.60616326,0.43353778,1.15438795,-0.66854084,0.65124786,-0.18077826,-0.31640804,0.40687799,-1.47759891,0.48274279,-1.45902741,-0.83201075,0.32355237,-0.18160105,0.639386,1.9449327,-0.90117955,-1.18091178,1.15777612,-0.77306306,-1.49588108,-0.35926536,0.2202059,0.34558645,b'3'
432,2.154809,1.78879356,13.44594479,-5.66892672,3.61467457,-0.59076512,-5.20642471,0.61660171,4.22892857,-2.4337101,-4.17641544,-3.15607238,-1.24802089,-2.81144047,5.07902908,1.28291798,-1.57000494,-3.11324668,-0.48904264,0.77701354,-0.140276,-1.14924788,2.91587782,0.16844893,-1.61409855,0.14172123,3.72615767,-1.59022343,1.10288,1.54997933,-2.94817734,-0.24159718,2.90673137,-1.52783823,2.12651587,-2.95542049,0.93327951,-1.63613653,2.74492979,-0.4644469,-3.03283787,1.17847776,1.37390482,-1.35361993,1.64523983,0.47397637,-0.47773665,-0.77629304,-1.57967305,1.54717934,-0.2454115,-0.06384104,-0.38238478,0.69558173,0.39236975,-0.71500903,0.697541,-1.84863245,1.05298615,-0.39553255,0.0185992,-0.64214003,0.05380493,0.47508135,b'3'
433,5.38379049,-4.6094532,7.20219946,-0.08736528,-3.94274378,4.81921673,2.01645327,4.69399929,-3.1375432,0.68429184,-5.94877338,-1.59919524,0.58270669,1.40439534,1.9924736,1.15044618,-3.93013573,2.78274727,-8.09329319,0.03186798,-0.63839984,0.51537657,-1.73246801,1.97063446,0.03693146,0.54680449,4.63422012,-6.55716515,-2.27934599,0.17056394,-2.63559055,-0.75954831,-0.42043185,-0.49565989,0.67373419,-3.69962287,-0.63169622,1.26586974,1.38136625,-0.16587469,-0.2582342,2.69929719,0.29743451,-2.13560581,-1.2367512,0.67791444,-0.41582477,0.6266855,3.31787777,0.00067556,0.6632176,-0.17014331,-0.95525503,-0.05382824,1.25196373,0.27538848,-0.79465508,-0.17533265,-0.00962627,-1.70333743,0.63805223,-0.39056608,-0.05828607,-0.12307785,b'3'
434,5.09883928,-3.50929332,12.89815331,-1.30162883,-5.44277668,2.9138341,-1.38762999,1.64162564,1.2031951,-4.82940865,-4.74747229,-2.28523135,0.1950202,-2.96585774,2.90317583,2.07669258,-2.22356176,1.29727292,-6.82639122,2.43695164,0.74100912,-0.91953558,1.30109847,0.90970206,-1.60289884,2.98024869,3.19635487,-1.96610928,-0.93487406,2.20431519,-2.93726587,0.79208136,0.35840076,0.34881723,-1.45842838,-2.22908354,-1.91513062,1.53064942,1.02330828,-3.8370471,-1.24654496,1.8342855,-1.13522291,-3.39189458,-0.29234397,-1.00936484,-0.88607359,0.78710401,1.03159952,0.9990766,-0.55716711,1.9143362,-0.46031356,0.56701487,0.18871409,2.02766371,0.10707593,-0.09068389,1.00352597,-1.12944162,1.27270555,0.00977898,0.42260647,0.33183256,b'3'
435,6.25198126,6.75865364,4.83035517,-3.92499113,5.44333982,-1.99079442,-0.23543334,5.54891205,-5.87073851,3.41374874,-1.67504549,-0.34103465,0.20461774,-0.42420027,3.09965944,-0.19742489,0.69395995,0.88697803,-3.46134949,-3.52114725,0.95679545,1.41935551,0.56740344,-2.25593472,2.50429678,-0.03211483,5.04553747,-2.02847004,1.21703148,0.87140048,-2.61951065,-3.3227129,-1.45795095,-2.5296936,0.18317223,0.10170418,1.89854074,0.26174223,0.71275759,-0.16708243,-1.13228476,1.50403047,-1.3044138,-1.64043331,-0.2786144,2.39596176,0.56659931,1.32034051,0.10888052,-0.93502128,0.0992807,-1.2037611,-0.43238711,0.47287178,-0.40799719,0.43755329,-0.47192264,0.31465805,1.35590601,-0.80061829,-1.15332115,0.03455347,0.14826435,-1.81709599,b'3'
436,4.03362036,4.50679111,9.42354488,-0.55840802,0.44659758,6.36808014,0.21944165,1.33288836,-5.59312105,0.51160741,-5.69392395,-2.54528022,-0.87167263,-2.15614152,1.55495405,-0.33223605,-1.1922493,-2.81764603,-4.44547558,-0.42598307,-1.73889089,2.52335906,-0.33597168,0.11482882,1.7030834,0.69597614,4.67767525,-3.62862039,-0.39602518,-0.37241468,-1.09524095,1.14770699,-0.25317168,-0.35326821,0.42383236,-0.77803838,1.77133775,-0.22735208,-0.74706185,-1.98021626,0.70605445,-2.55327868,1.0171808,1.19795167,-0.04982185,-0.82940704,-1.04412544,0.41380429,1.42290235,-0.62571704,-0.37876928,0.63719028,-0.03580523,-0.77724504,0.16738307,0.88889551,-1.34465075,-0.03871919,-1.58424163,0.5953294,-0.3951273,-1.13890076,0.33513463,1.85341215,b'3'
437,4.08522606,1.04855585,8.23858643,-1.16724312,0.58286655,3.96288514,-4.30781555,5.59366989,0.59755373,-2.56046915,-8.07901764,-3.29250169,-3.79040718,0.06176769,4.97818089,1.8479991,-1.93921566,-3.12465882,-2.02363729,0.70563316,-2.41902828,-1.58779907,-0.28246376,3.1905508,-0.78740138,0.14481914,2.31099176,-5.06133556,-0.97853184,0.70660758,-2.04280043,-0.42624164,-0.45930129,-0.71987206,0.48011425,-2.50957036,-0.39680648,-2.0072453,0.677652,-0.20534667,0.6420337,1.00819933,-0.36039853,-2.47907853,0.21512628,0.85209268,-1.65318513,1.28780735,-0.00544295,0.26123822,-0.18421035,-0.44890714,-1.65083766,-1.13886046,0.19523698,1.07626283,-0.76221418,0.78936517,0.62259752,-0.22132629,-0.37703693,-0.03495699,-0.36436263,-1.05042064,b'3'
438,1.23471677,7.8113308,6.8263154,-6.31369877,2.62846518,2.83543754,0.47902751,4.28213215,-4.90019751,3.59923029,-2.08752012,1.84152246,-4.22301054,-1.38653505,5.03633308,1.70750141,1.8646009,-0.39227575,-3.64511061,1.53658867,-1.01652896,3.5162003,3.56067085,-3.42254853,0.19905388,2.07249784,4.23097754,-1.51302218,2.82239556,0.65950811,-2.36837673,0.9218576,-3.01363444,-0.9955489,-0.64303446,0.13807422,1.24247885,0.21769869,0.12645519,-1.93821967,0.76403129,-0.20391826,-2.20610666,-1.20352173,-0.09733725,0.35822135,-1.50087941,0.99336457,0.44045615,-0.1246646,-1.6731478,0.38318032,-0.14452243,0.67863339,-0.52385598,0.30951285,-0.74120784,1.00083315,-0.08461076,0.01469469,-1.0203768,-0.06285733,0.75415003,-0.34301683,b'3'
439,4.05130529,7.6817379,9.94025326,-4.3717308,0.75645518,-0.31268728,-1.06168365,-0.86929607,-0.05945206,3.92035723,-3.37907314,1.01936817,-5.47971964,0.05019746,1.86121106,-2.82487869,2.55568004,-4.5793066,0.47447187,1.40285754,-1.83378768,-0.18981487,1.59667468,-1.8703227,1.60842502,-0.25576812,1.89271891,-3.83276892,0.59672594,-1.07242584,-1.17246568,0.61479974,2.58699131,-0.85508817,-0.4945215,0.33659878,1.12775373,-1.99266982,1.52988935,1.01732433,0.16556609,-2.1739924,0.56964058,-0.00539215,1.72024107,0.09000388,-1.01567447,-1.60074306,-0.54034209,-0.62341696,-0.90373611,-0.35305256,-1.94025779,0.58457112,0.68955016,0.76464045,-0.58172655,0.85953707,-0.90254444,1.45332229,0.68567401,-1.17514634,-0.34945256,-1.57561803,b'3'
440,5.10990858,-2.64760947,5.00821209,2.16843891,-1.62334752,-2.96624827,-3.31893063,0.86227727,12.59297371,-1.80321634,-1.07991219,-4.51127243,-1.31405115,-2.35879564,4.54607296,4.92576981,-1.02630734,1.92003083,2.42432189,3.3152914,-1.7335012,-4.83688021,-1.21264827,3.35993481,-2.20121264,1.56682563,1.22606969,1.48574066,-0.04926634,-3.36023045,1.50031185,4.30380917,1.09467053,-0.17382151,2.61543417,-5.04898596,-1.03952122,-2.47690988,-0.0121156,-2.3655057,-2.24966097,1.30260074,-1.01342785,1.68606138,1.42124605,-0.22647163,0.54324317,1.01053894,-2.54051113,2.05597019,-1.320737,0.25144073,-1.13049722,0.2566849,0.38029724,-0.40881187,0.1991055,0.55603206,1.39255428,0.15926111,-0.26516315,-2.28601694,-0.43800992,1.26974738,b'3'
441,9.39448643,0.93799162,13.14576149,0.27577648,-2.5299015,3.71203256,0.58133173,2.99409199,2.39471412,-2.15306902,-3.31269741,-2.93762755,0.86955273,-0.79698694,1.90877151,1.30364943,-4.44373226,1.16243148,-4.04121971,2.10332489,2.30530334,2.12021494,1.03259683,-1.87019241,-0.67108071,2.28939295,2.97290707,-4.17904472,1.4401679,0.58159316,-2.54520655,-0.45713305,-0.96851575,-0.01380843,2.17598581,-4.45557737,3.32490277,0.80156434,-0.26239085,-1.6700139,-0.011904,3.21833634,-1.69075751,-1.51391649,0.75567704,-0.01995029,-1.01166475,1.84865272,0.64587039,0.39315772,-0.3975901,0.14244682,-1.87944388,0.27693248,-0.65450686,0.7848959,-0.43236566,0.93635529,-0.41179082,-3.44932652,0.21248521,1.05232334,-0.2156294,1.00888634,b'3'
442,2.81462002,-0.92447662,6.67620516,-3.44244289,-2.50075102,-0.15873277,-5.54476547,1.72175658,1.27755547,-2.84935856,-5.71098709,-7.10917377,-3.83892202,-3.38194966,1.11816645,-1.60849142,-1.41214681,-1.80923343,-1.79538417,2.86901665,0.27319777,-4.86602116,-0.34320506,-0.10368848,0.23912597,0.57042843,4.13277531,-1.82479191,-0.33881092,-1.7773633,0.66240561,2.40277433,0.56588316,-0.16796559,0.3271693,-1.48870242,-1.16123223,-3.24282098,2.62336111,-2.19259357,-1.8945365,0.08524628,0.82972205,-0.99956042,-0.66077459,1.00366139,-0.97127795,0.05711007,-1.62596536,-0.20475239,-1.34125304,1.81546569,1.17030859,0.13107038,0.25798905,1.90903521,0.52670026,-2.01175213,0.82889372,3.18359232,0.10736828,-1.32320833,0.68297267,0.27917284,b'3'
443,6.63551569,-3.49627137,7.77038002,-2.99644327,-0.45810503,2.8509903,-0.45196629,6.01301765,-3.8527236,-1.87775815,-6.57428265,-2.3324697,-2.61304522,0.03806226,2.02022576,1.32351446,-3.43525624,0.337726,-5.9079752,-0.70046651,1.46738994,0.59226787,0.56108868,0.23460889,-0.62640506,-0.21298224,5.47824097,-4.13636017,-0.83300066,-1.91078007,-3.23310423,0.31174088,0.9081226,-1.34996986,0.57371348,-3.8063333,1.75103021,-1.3721621,1.45371985,0.63813519,-1.32308078,0.72807705,0.04051755,-2.79376531,-1.28107917,-0.06615877,-0.74179244,0.45213032,0.71169198,0.56285465,-0.49498701,-0.78032875,-0.70293975,0.70954812,0.27843839,0.34983432,0.6371901,0.78919631,0.90550405,-1.52118397,-0.40748787,0.33392078,0.4594847,-0.01910771,b'3'
444,1.64841473,11.64622116,0.40699103,-2.39803362,-3.85113955,-5.84875679,2.74465632,4.30747557,-2.39576101,1.8396256,2.64247513,1.05196142,-4.54449606,-4.56546974,2.72025108,-1.89865279,0.93217111,1.57573748,-2.14020085,-4.97616386,0.5993008,0.07895821,-0.3169249,-1.88334811,-4.33664179,-0.41161135,3.60585403,-0.29026717,-2.32536745,0.37788951,-3.59677982,0.25594687,-2.72993922,0.12336159,0.60911679,-0.18835321,3.41412902,0.02565342,0.15034187,-0.52310568,-0.80525339,-0.30011433,0.38068551,-1.83789241,1.26018107,1.78024745,-0.25128663,1.22464395,0.39489627,0.9335525,-0.31819749,-0.8395735,-1.22365832,-0.30241609,0.82280171,1.7356751,-1.11213613,-0.93700111,0.38220543,-1.57397664,0.07788856,-0.76827943,-0.15310669,-0.37631559,b'3'
445,4.22983122,-3.92652893,6.67874527,-4.76867485,-2.60821891,2.98006392,-6.07781124,2.32216811,-3.25365019,1.13703322,-2.7187252,-1.530761,-3.3861742,1.66346908,0.51179504,1.44376659,1.12484336,-0.58538163,-7.98735714,1.41309524,-0.97651625,-1.58659673,0.07276276,-1.04562843,2.34211922,4.33961201,3.56252813,-1.42901993,-1.2576952,-0.7576642,-1.86644685,2.72514725,-1.98407125,-0.04221243,-1.52269125,-3.42589426,-1.98408556,-1.07183456,-0.02430022,-1.15957642,0.28231478,-0.7272054,1.67562819,-0.44041592,-0.3054086,1.21173012,-0.50470442,-0.18559718,-0.68933296,-1.59847867,-0.24652244,1.61573136,-0.2259481,0.2198875,-0.00110799,-0.28321564,-0.08180094,-0.29290903,0.51363426,1.41868031,0.3163045,0.21230429,2.01886129,-0.64417607,b'3'
446,1.36020696,13.38843441,4.25295401,-0.49399149,-2.14416695,-7.17153931,2.773875,0.14259839,3.53546476,2.18136263,-0.30005574,1.29648566,-5.11567068,2.21888304,2.87095809,0.02934027,-1.99032402,-0.17617899,-1.98398614,-0.21491408,-2.47884321,0.71946418,0.68842268,2.31332541,-3.11563683,1.95217168,1.25062799,-2.54141712,-2.03713131,1.14129984,-3.38821697,-0.97707069,-0.22582431,0.42259806,-0.53015053,-1.66365039,1.45338082,-0.69852418,-1.11175549,-0.83551168,-0.52030587,1.24968505,-0.24500699,-1.21937871,-0.52682483,0.07085145,-0.74863392,0.89811969,2.1692307,-0.83373618,0.57349306,1.3324244,1.16178751,1.01722383,-1.00900555,0.97720313,0.19823527,-0.40737414,-0.82143426,-1.40632463,1.63284683,-2.65550351,0.22523427,-0.53725821,b'3'
447,5.69091511,-2.9810524,12.03687572,-4.30313301,-2.46819901,1.56605959,-1.02428007,3.53754568,-1.64788866,-4.09734201,-4.30333233,-1.82252669,-2.98667336,-2.46300054,3.60187697,0.72757554,-4.04605198,0.52060068,-6.40514183,1.11210608,2.26125431,-0.5340603,0.33296901,-1.61478186,-1.67119491,0.33361238,3.97888517,-4.16123295,-0.03486061,0.93270159,-2.52840328,1.28185391,0.19005926,-0.14342993,2.13518381,-3.93834853,1.21041417,-0.1088565,2.27091932,-2.20659447,-1.58828723,2.55767274,0.29766995,-2.66913676,0.96864069,0.18208247,-1.16084695,0.20940304,1.18695617,1.05370951,-0.52158791,0.24858898,-1.63337779,1.78981662,0.35360438,1.35712385,-1.28564405,-0.08337277,-1.15823042,-0.94254792,0.08457293,1.0315125,0.43799257,-1.05646276,b'3'
448,1.02402627,9.89336014,6.33113194,-2.85680294,1.02039421,-0.90252566,-1.30373669,3.17479944,-1.60941267,4.16068363,-5.53818226,2.56288743,-4.40016937,-1.73691344,5.6423192,-1.2373848,0.6778152,-3.25487661,-1.31324422,-0.42766333,-0.37800068,0.44813311,2.3338387,-2.41485739,-0.47167927,0.22423539,4.24003744,-5.16634893,0.62546659,1.29669797,-3.20548582,-0.90090919,-0.33148086,-2.38184428,1.53602362,-0.30989513,3.35735583,-0.76142877,1.16870391,0.87149024,0.18664217,-0.2877233,-0.72959024,0.1488207,0.11138296,1.67209566,-0.36278832,0.37406826,-0.19056621,-1.53023815,-1.13099706,-0.87378526,-0.52091336,-0.57033157,2.16671681,0.13665646,-0.84239721,2.21224213,-0.68349093,-1.36529589,-0.49091303,-1.02364135,-0.06676012,-1.86106062,b'3'
449,4.36103582,3.364182,4.12863779,-3.78665018,2.46159792,0.82835042,-0.77764988,5.2960062,-7.36758089,1.02793276,-4.56478119,-2.90083385,1.33925056,-3.5957067,-0.64082766,0.53009021,3.16161036,-1.36522496,-3.7162044,-1.09679461,3.54168463,4.43719387,1.7119149,-4.15667105,0.75556731,-1.10070395,4.88931561,-2.12249279,0.79200339,0.11844462,-1.93182313,-0.10374498,-3.32696557,-0.89506501,0.75940037,-1.76888382,2.20333409,-0.24656135,1.18307698,0.57472682,-0.73449755,-0.80004996,-2.03110886,-1.45720017,-1.16225755,1.14471722,-0.46426857,-1.04092503,0.79857987,0.1014396,-0.49107605,-0.6921885,-0.32593083,-0.99930859,-0.29746741,-0.82775468,-0.31294346,0.44794011,1.01073456,-1.10129571,-0.3966887,-1.14330351,0.92737341,1.21474063,b'3'
450,6.53533649,-0.10020995,5.20937347,-2.51815271,-1.39352965,-0.37876046,-8.62733459,5.7084198,-1.18161392,-1.85758686,-2.99761009,0.51277852,-2.6947093,-6.06129169,1.76184869,3.30575895,-0.39534831,0.85376692,-4.68899822,1.92693949,2.43861032,-2.21311259,3.43687701,-0.56655526,-0.18955863,3.41429257,3.17920065,-0.62113214,1.67498755,-1.84789109,-2.04522276,3.10023212,0.23513187,-0.03889364,1.73135006,-2.97241473,-0.42457056,-1.4775877,0.26744032,-1.84540343,-1.60537577,0.67485756,-1.3882935,-1.54497242,0.15232456,-0.98409134,-0.22720702,0.74005818,-1.99158549,-0.61512583,1.77709711,1.86091173,0.23592567,-0.3572216,-0.22413462,0.69079876,-0.53640723,-0.90496802,-1.83098745,-0.38262969,0.21263735,0.28023303,0.79460847,0.20741576,b'3'
451,-0.76559204,13.69694805,5.66077471,-4.11569691,-1.8911612,-1.46977806,-1.9859457,-3.84057689,0.04374266,1.29339862,2.11524224,3.9155674,-4.89086962,-1.97463477,8.55504608,0.5470587,-2.08648252,-1.60811758,1.56643844,-0.56247306,1.02806747,0.74855673,1.31627989,1.58283281,-0.55592459,-3.34438777,3.56198692,-2.94991922,2.6603446,0.22173774,-1.41470993,0.10538936,0.66327989,-1.99785185,1.84453785,1.12374985,0.47423601,1.29905105,1.06098008,1.65884399,-1.51875985,-2.1806798,0.13269396,1.89757872,1.5793606,-1.72087884,-0.25816381,-0.60823989,1.27388597,1.58436406,-0.77101338,-0.90719712,-0.20610547,-0.29260767,0.85119176,1.1906172,-0.28303266,1.01590216,1.21753883,1.44432724,-1.02843797,-0.12515849,-0.46906689,1.05230832,b'3'
452,3.20615768,-2.100914,5.35533857,-3.41502476,-2.2070241,3.28399706,-3.04025078,6.90404034,-5.40794039,-1.25623751,-5.30711746,-2.72797799,-1.81577277,-1.64003754,1.02118087,-1.65662813,-1.48328662,1.68168616,-7.34585762,1.28376102,-0.86142087,0.35726702,-0.01370084,-0.3140316,1.93589604,1.56844342,5.08385181,-5.23517227,-1.68173409,-0.72376204,-2.09789944,0.06551528,-0.96418548,-1.20234227,0.43500876,-0.85096908,0.54751372,-0.78341252,0.28416908,-0.88859284,0.44648373,1.22034168,0.08883765,-2.33201575,-2.83868456,1.4217782,-1.15207529,0.32472372,0.36946732,-0.18653601,-0.35319281,-0.73423505,0.03708053,0.92392462,-0.2548514,0.21327949,-0.3543551,2.07533312,0.35295975,-0.49199462,-0.09525221,0.01196867,-0.16498822,0.45266953,b'3'
453,0.58706653,9.12808037,7.66670513,-2.20676255,1.55433786,-2.86909127,3.74472547,1.95121801,2.86502051,4.16580296,-4.00516367,0.27506161,-2.0078218,0.51183897,4.7502861,-3.31380177,1.91212583,-4.63970375,-1.74651933,-0.94708025,-3.92093277,0.34170568,3.25216866,-1.53361666,-0.92735893,0.22782043,3.55853653,-3.19911432,-1.9009161,0.24247062,-5.1437254,0.31590271,2.78680062,-1.82032418,1.24391758,-3.43126249,3.28193593,-1.49638939,0.24487257,-2.01970434,0.68403721,2.26774001,-0.72550386,0.31793243,0.90662444,0.50002503,0.54401612,0.58907557,1.14437771,0.67843068,-1.81264853,0.06685668,-0.15392995,0.01690221,1.04046321,0.4293654,0.67226624,0.17581964,0.77933782,-3.42262077,-0.35065269,-1.01663208,0.13022202,-0.86907864,b'3'
454,3.54303455,9.10588646,6.31194401,-2.46049523,-1.37122965,-1.11872077,5.49563503,2.98811507,-2.17887259,6.77989006,-3.33344221,0.84258246,-5.58412313,-1.93959081,2.78914356,-1.56015277,0.31249976,-2.38526917,-1.29815948,-1.07639778,-2.61809206,1.57966053,0.95940924,-1.20724726,-0.3865369,1.51571369,2.40375042,-1.60237765,-1.90792274,0.41339076,-4.54838419,-1.2615881,-1.84141874,-2.13913369,-0.73805404,-1.41793239,2.17077708,-0.667808,1.73585808,0.57135892,0.11666608,1.24689412,-0.17188635,-2.29894757,-1.3683964,2.20272303,-0.44008994,-0.26876163,0.70115805,1.44064462,-0.16878609,-0.65852022,-0.53887343,-0.38721669,1.03629255,-0.45576802,-1.67805386,0.1488266,0.05303711,-1.86232591,1.27885103,-0.16867706,-0.76185328,-1.00092661,b'3'
455,0.64428723,1.28496838,11.69762135,-1.92658186,-0.88927358,-0.91121387,-3.66564083,1.77790022,4.96742201,-1.78906298,-4.19170189,-4.65667915,-2.41974807,0.44892046,4.8206706,-4.45829058,2.61613584,0.53828514,-1.75274944,-0.024122,-2.64765191,-2.0727911,0.22901154,0.86615491,-1.6174047,1.2855351,2.58113194,-3.6918633,-2.20410681,0.7309525,-0.15828073,-1.30991149,3.62235117,-0.52590495,1.82418931,-3.02537799,2.92555881,-0.2115218,-0.54566801,-1.89923656,0.85918331,0.67992324,0.94308758,-1.79395819,0.7149061,-0.97378546,-2.38511133,-0.89967465,-0.96028,1.13455963,-1.23719275,-1.67784595,-0.55175352,1.79859734,-1.45838284,-1.21039081,1.14051533,0.23416646,1.41164541,-0.50597835,-0.56075948,-0.39192185,0.02181762,-0.72295892,b'3'
456,7.73373938,0.30528522,6.40571642,-0.48878473,-3.69704628,-0.26916683,-3.83023262,5.25872707,1.40553761,-2.85657883,-3.77363014,-4.0959444,-0.30797887,-5.72562456,-4.02565861,-2.77712774,-0.25853026,-0.2624408,0.05610088,1.70251465,4.18644667,-3.74167633,2.60948992,-1.22788095,-2.94951153,1.68039989,2.22163296,-1.17117786,4.55909538,-0.54870486,0.00517619,1.98048687,-0.36471695,2.33410096,0.88429433,-2.58773589,-1.25731218,-0.07050174,1.44239283,-2.15521955,1.19135022,-0.10337318,0.8785826,-0.55722111,-0.11313713,-0.1109882,-1.68701684,-0.71646333,-1.02686834,1.98308623,-0.9704802,1.02888429,-1.57154059,0.49527049,0.27921784,0.03609204,-0.49335599,-1.61976242,-0.5938406,1.35882294,-0.28129235,0.60835832,-0.06033278,-0.26721048,b'3'
457,3.41493797,10.99233627,9.11160278,-1.47683799,-1.95712137,2.02955413,-0.84782648,0.05055332,-1.11596727,2.31240439,-1.91892385,0.21404576,-6.09114456,-2.27538443,6.13419342,0.26032805,1.0904355,-1.23300958,-0.28542262,0.23891306,0.14683269,0.78894997,1.99400496,0.28379273,1.36029816,-0.90811855,2.7898407,-2.95842314,1.27808642,2.65384817,-3.20641661,0.68590713,-0.68933278,0.01590109,-0.66612494,-0.41771075,1.26186538,0.17264307,0.0448252,-1.20216084,-1.00240803,-2.08308077,-0.63901401,-0.06976944,1.20462763,-2.24153018,-1.51988935,0.04457307,1.60391974,-0.72337288,-1.45402086,1.10257399,-0.11192918,0.23429346,0.77754939,1.471174,-0.69822097,0.68479705,-0.74777102,1.69047415,-0.39933625,-0.26580262,0.82356882,-0.88983762,b'3'
458,2.43532801,-1.49254084,12.62612438,-5.37548113,-1.97383296,1.50061369,-3.84395838,-0.65225661,2.12317276,-1.79077935,-4.87978077,-3.97554421,-3.75695562,-0.96128541,3.8369813,0.2520206,-2.20250559,0.04698968,-5.67076492,2.37723541,-1.95834994,-4.38208199,1.0576328,1.3094902,0.71574676,2.52731562,3.72469187,-2.83800435,0.77141976,-1.34606469,-0.48555386,0.92809486,1.79448247,-0.5231542,-0.07635498,-1.44725668,-1.55017352,-1.77114844,3.18815136,-1.68812943,-2.79258609,1.31840086,1.62826204,-1.23778772,-0.04731405,0.84390086,-0.17492644,-0.75116658,-0.37779292,0.69726348,-0.17789073,0.11543417,0.39295006,-0.12202382,0.33648539,0.6375438,0.9407562,-0.29852629,0.92066354,0.52576149,1.06277025,-1.03587151,-0.0630964,-0.76892185,b'3'
459,8.20855045,-1.62910104,7.28926134,-3.24866033,-1.04694176,1.77103865,-2.5636735,3.52188659,-6.37303495,-0.92924821,-2.68885851,-2.27000213,1.50670779,-3.39897704,-0.79541302,-1.15761614,0.52605391,2.04497623,-6.49193954,0.50377059,2.93669248,-1.20183802,2.66423965,-0.80909491,0.85657561,0.48942298,2.76093388,-4.1537385,0.38171339,1.80726469,-1.19299495,-1.82493353,0.4579742,-0.08163637,1.72509861,-3.90106416,1.34860778,0.04017413,1.19998813,-0.45150727,-0.95127696,2.00334334,1.27696264,-1.55199587,0.17746305,0.33446795,0.4144448,1.22697198,-0.13344271,0.27963102,1.00639188,-0.30400437,1.37928152,0.52323955,-0.36791581,-0.78460711,0.98188281,-0.34992921,1.408885,-1.31357026,0.49489677,-1.31161618,1.57081306,1.18823993,b'3'
460,5.16846752,2.30420542,10.6671896,-3.99038649,0.56486452,4.68758297,-1.16176558,4.10778713,-3.05251551,-0.44678777,-7.579566,-1.58785272,-0.67362189,-2.32320881,1.86761928,-0.75995517,-3.51617098,-2.54929066,-3.88273883,-0.26971078,0.05989954,1.36441851,-0.68820536,-0.42653465,0.05197138,0.31765991,3.1048255,-4.26459599,-0.3791995,-0.00652087,-1.37842023,0.87107348,-0.99794906,-1.09268951,2.16384554,-1.30119598,2.67382693,-1.12586093,2.22252798,-0.59634858,0.23657203,-0.94140476,-0.06251797,-3.01170421,-0.58129871,-0.06858092,-0.68601418,-0.26423454,1.17057109,-1.160285,-0.06336789,-1.54805326,-0.87723136,0.08285975,1.05640888,-0.28808856,-0.96894431,-0.19353028,-0.76782113,-0.74382228,0.64924645,1.18652201,0.11934167,-0.64996827,b'3'
461,0.88300002,8.14546013,6.23605347,-0.97352219,0.2010448,-0.79173303,3.48487163,3.7151854,-2.48127604,5.17539167,-5.99326706,-0.44768643,-4.61235476,-3.89264464,2.47079444,-2.00393677,1.76529503,-3.67421412,-2.67575479,-1.2236321,-2.53238034,2.1600523,2.65008211,-2.78063846,-0.38782921,0.33832842,3.14019203,-1.51014411,-1.07730627,-0.90194935,-3.2574544,1.57635546,-0.5993982,-2.33642054,-0.53507173,-0.91504014,0.92637324,-1.46102309,1.25102067,-1.02218604,0.51540673,-0.0631841,-1.26880479,-0.0718061,0.62586838,0.94436646,-0.09419839,-0.5589571,0.88157552,2.69211483,-1.43074059,0.70781863,-0.89442992,0.96447545,1.60132265,2.10516691,-1.44131231,-0.95511365,-0.57077205,0.81128716,-0.04367398,-0.87473869,-1.33423781,-0.01234167,b'3'
462,2.64589453,6.74088001,5.49812698,-3.86718369,0.70313823,1.45869231,-0.35052729,4.91665554,-5.31902456,4.00932026,-6.09665489,1.45738149,-3.14312077,-2.92830801,2.3223381,0.49531901,2.68216538,-2.52500749,-4.81990719,-0.03295684,0.45016342,2.17633963,3.94039202,-2.225106,-0.5961929,0.44014627,4.35263443,-1.94690156,1.05620289,-0.7494086,-1.09174097,-0.29834294,-1.67017388,-2.69778728,0.10907853,-1.83243692,1.61697555,-2.4053843,1.52535379,-1.6099329,-0.12257087,-0.68121791,-1.90650535,-1.17828548,0.99420321,2.01817608,1.51345646,-0.77524614,0.42619026,-0.38185665,-0.7658937,-0.16294116,-0.90053916,-1.34489322,1.3000294,-0.21768808,-1.97396088,1.81082404,-0.50937641,0.36993396,-0.56934452,-1.20915675,-0.28514558,-1.12667286,b'3'
463,-0.30207205,13.95920849,0.57103962,-2.51491332,-0.89069563,-4.57628918,-1.39541817,2.11837292,-0.80136919,2.04278541,-0.47331691,3.55584836,-5.02368879,-2.96918297,5.34091663,-2.32040548,-1.27606559,-2.60722351,-1.08079135,-2.69498396,-0.69764686,0.78460759,-0.45233336,2.15341282,-2.55735445,0.46432847,2.44798708,-3.39582348,-1.24568558,0.09272498,-2.83383656,-0.6426723,-0.0100979,-0.88384205,1.20024741,0.31300473,3.03094411,-0.35442525,0.11318099,2.45579386,0.75720143,-0.90286332,-0.41707611,-1.89054871,0.25056553,-0.4853192,-0.83916736,1.05226862,1.19023395,-0.33175021,0.93780923,-0.01192123,0.06879687,-0.25130355,-0.14811939,1.44350362,-1.33403873,1.30081987,0.72731251,-0.74089265,0.91518563,-0.26658928,-0.57042921,-0.4446995,b'3'
464,6.0999074,6.32441235,6.29478931,-1.96829224,-0.07647663,3.75656271,3.93237591,3.06689596,-5.33965158,6.98724127,-2.68026781,-0.24484611,-2.54632902,-1.80556226,3.46090555,-1.61487889,1.51917434,-0.64887989,-3.22121906,-1.23478091,-0.85570872,1.68695188,3.11651373,0.78627396,0.90266407,0.94891542,3.45415592,-2.38376307,0.18170667,-0.05460584,-3.5388813,-2.30647016,-0.61894709,-2.10487938,-0.22109079,-2.48912573,2.11873937,0.33058429,2.82709885,-0.63776588,-1.11920774,0.75611359,-0.06943776,-2.21213984,-0.6802249,1.39218557,-0.3275888,-0.02046967,1.36762834,1.35495269,-0.07463692,-0.76171803,-0.22284245,0.81154448,0.6449253,0.68541288,-0.96855807,0.4204545,0.39852065,-1.73155499,1.03798914,-0.04967523,0.84999859,-0.36395618,b'3'
465,1.41212904,7.55139637,-2.33299327,-4.06767607,0.06774271,-1.44903135,9.42785454,1.20665359,-4.64923811,4.17300892,0.17593336,4.35301208,-4.48531914,-3.62723494,7.48108482,-0.93145013,-2.35284925,3.50119138,-0.56030852,-2.42755342,3.11995816,0.25452572,-1.93762577,0.23284101,0.90257967,-3.07104325,2.7019186,-3.61100507,-1.18581486,2.01225233,-0.70280421,2.30445099,-3.40266728,-2.00024033,-1.12502456,1.85328138,3.71182084,0.67290032,0.16675091,0.01495862,-3.06749296,-0.10492052,-1.36956096,-0.67122972,-0.68416452,1.47953665,1.50529456,-0.56557941,1.12220955,-0.42702317,0.37751979,-0.62282801,-0.59396815,0.52047801,1.60195041,-0.339237,0.49094796,1.93401742,0.98213512,-0.37566286,0.56951165,0.61478692,0.44883168,-0.83555937,b'3'
466,7.31530809,-2.61721849,11.54720974,2.15110373,-5.34214401,5.54183006,-1.11753273,2.35864115,-0.14989805,0.80765259,-1.90565157,-2.22839761,4.25955105,-0.16116142,-1.05121183,0.03985667,0.73709011,2.17112207,-6.98923302,1.84018946,-0.72550356,1.19200873,0.35033268,-0.06630111,-2.91588545,2.30154753,2.29352951,-0.36127853,-1.28206253,4.11551857,-2.36656857,0.13056445,-1.2689898,1.10473835,0.79574716,-3.6607101,-0.93645787,0.10169798,-0.74638402,-2.26168108,0.80339384,1.27034116,0.61193126,-1.35189164,0.1425004,-0.24951851,-0.01206535,1.44070387,0.10332793,-0.49951631,-0.66878313,0.18448597,-0.27758908,-0.61933184,-0.76254123,-0.27021718,-1.69641304,-2.07594085,0.52106541,-1.36259747,-0.90200663,1.55799294,0.11595249,-0.26296455,b'3'
467,0.84445655,12.62463951,4.015872,-0.72129309,0.70514011,-7.03218937,-2.37704897,2.59765577,-1.25164795,2.14266872,-2.87263155,3.58503652,-3.26090956,-1.37348247,3.13341022,1.26809919,-0.21565771,-1.27124739,-3.15370321,-3.18484449,0.46844292,0.49304026,0.32409412,-0.91226614,-1.38497114,-0.94981277,4.83847904,-4.48815346,-0.38242483,1.09237182,-1.76974881,-0.23094964,1.53368735,1.01254916,-0.11942053,-0.27387074,1.14632368,0.39234698,-0.78182304,-0.22849509,-0.98145467,-0.13521202,-0.57020897,0.78718191,0.79656547,0.01925509,1.02338636,0.56722653,2.73077011,-0.16532612,0.74488544,-0.81461143,-0.52780437,0.50994533,-0.1118452,1.15190983,-0.97719955,0.89619046,-0.11417899,-0.50438654,0.39100742,-2.25056648,-0.64406061,-0.78726697,b'3'
468,5.63021612,7.15223312,7.24488831,0.11815029,-0.28870177,2.95739412,3.47282004,1.18351221,-6.08940172,4.2783165,-5.06203938,-0.13103724,-0.7098943,-2.68797994,2.47605133,1.34101605,0.6360569,-2.45212793,-4.18329811,-0.3355813,1.10836291,3.27433991,1.97042263,-0.69880247,1.6878196,-1.83203959,2.93198919,-4.15020657,-0.41113806,1.86484492,-2.77986193,-0.1080482,-0.43436074,-0.40251988,0.3073554,-2.61015224,1.91905618,0.78762072,0.04500771,0.01697576,-0.91887063,0.60425991,-0.56497687,-0.37795961,-0.06719959,0.16730207,0.71416843,1.02338111,3.39498329,1.04810667,0.61201596,-0.90346408,0.63643229,1.07424212,1.38090944,0.34260619,0.35134459,0.82804322,0.25484931,-0.36785531,1.02002251,-1.88483477,1.10374951,0.66374326,b'3'
469,0.77954972,8.0610857,6.09592819,-1.60659122,4.17391014,-2.4367969,-8.25582027,1.58476532,5.05074787,0.42095274,-2.18068123,-2.162328,-0.02642977,-1.10074389,3.76947761,1.80119061,0.67664909,-1.78217065,4.75348854,1.16940379,-3.106354,2.11033058,-2.61849284,3.15941525,-0.95330095,-0.34602126,0.63390124,-1.53973198,-2.38789368,1.11503899,-0.11207235,-2.94207883,-2.36034703,0.87077188,-0.80738831,-1.75408638,0.23810387,-2.62555909,0.08101892,-0.84549809,-0.41715372,-1.32606483,1.30581248,-1.30715191,-0.44455636,-0.27149242,-1.80975711,-1.64275336,0.39398181,-1.3773315,0.39619601,-0.10384852,1.87941694,-0.69576788,1.38328183,0.77211654,0.31245923,0.45353687,0.20703191,0.72893167,1.83257318,-1.39737749,0.68053949,-1.85753751,b'3'
470,8.26945114,-2.31650543,10.11958408,-5.52433586,-1.11032975,1.76993322,-3.28290081,2.49373865,-2.54596043,-3.11611748,-3.09365463,-1.86319757,-2.37417531,-1.97672236,0.29035044,-0.83844137,-1.81564951,-0.29031354,-6.39583302,1.89139462,1.9385705,-2.33959222,1.90229821,-1.62522399,1.02337384,2.41275263,2.85299349,-3.36833215,0.13263726,-0.414509,-1.05496228,1.41491985,0.64451998,0.58453846,1.28258693,-3.57485414,0.63935232,0.13602412,-0.12840402,-0.53213447,-1.45404565,2.75193238,2.02669001,-0.83882356,1.62137437,-0.79538351,-1.04963923,1.11997461,0.24213934,-0.12366951,-0.20932586,-1.2864939,-0.09912109,0.9221828,0.40276015,-0.95450878,0.99032676,0.1136458,0.16624355,-1.20388794,-0.59231359,0.61824077,2.66957998,0.56592697,b'3'
471,4.45965672,2.96286678,12.29574871,-3.61295819,2.6019206,-3.83766961,-3.72742128,0.25749922,5.50117826,-3.02670765,-3.1502533,-4.27019405,0.47881252,-4.13259363,1.50924134,-2.71103716,-0.96842057,-5.29435349,2.1935544,-1.93584859,1.06857836,-1.70280719,2.16766,-0.68535948,-1.28428686,1.2556448,2.56157351,-0.563748,-0.48824787,1.29911458,-3.63680649,1.34115934,2.9177413,0.39687312,1.6208117,-2.15099216,-0.00332332,0.27826738,0.93284178,-1.29684377,-1.31500649,0.54164588,0.67982203,-0.24673893,1.42935753,-0.0599279,-0.22570364,-1.08861327,-0.64563417,-0.55143207,0.93615735,1.80976152,-0.2927289,0.03292513,0.78578335,-0.64323938,1.37088954,-1.34751141,1.79006886,-0.82821667,-0.0365579,-1.08038187,0.06142712,0.05319425,b'3'
472,0.32573044,6.93121338,3.44437003,-4.77248096,4.34847736,0.2273829,-2.09716463,1.39338672,-2.95042467,2.68753552,-5.51807499,-2.48844886,-2.50617671,-2.31802583,-0.99524879,0.85631704,0.09144628,-4.76494074,0.68082607,-1.51183558,0.88244653,6.13308477,0.98108017,-5.18255901,-0.08491319,-1.46354377,4.13255882,-4.03736973,-1.15834618,0.10398835,-0.21344149,3.56706476,0.06300351,-0.62128323,0.11405921,0.11060032,0.6996665,0.49394962,-0.98926318,0.21988612,-0.36052692,-0.71632206,-1.65720344,0.72535849,-1.17623508,-0.31453633,-2.24515843,0.15015864,0.73586631,0.15192783,0.01051305,-0.56418896,0.57320976,-0.40798593,-0.84618944,0.77768052,1.05669558,0.88416034,0.80095643,0.51781404,-0.38929164,0.42797911,-0.75066829,-0.34961727,b'3'
473,1.64423525,2.3535533,8.84924793,-4.58491659,3.92665672,1.45820558,-3.91624355,0.66616684,3.28814411,-0.25426528,-4.85546303,-1.40159202,-1.43464661,-0.99754649,3.68050623,-3.76542997,-0.05261683,-2.14940453,0.58447438,3.34793854,-2.35883379,-1.05959368,-2.69908309,-1.89051783,2.92700291,-2.67217922,2.70861387,-4.14491653,0.08281994,-0.78123415,-0.62757027,1.36554861,4.5211606,-1.80020761,2.55709505,3.19419217,1.26416564,-2.32885003,1.56511855,1.2782315,-1.16805089,-3.12079215,0.19552131,-1.1917274,-0.70216882,0.27863181,-0.13679416,-1.87636018,-0.01744884,-1.73992527,1.12310147,-1.25366688,1.14433312,0.71144378,-0.43859893,-2.06936884,1.58194244,1.32342792,-1.28325212,2.09269714,-0.74023336,-1.41136098,0.99558032,-1.45338762,b'3'
474,-0.48873121,2.63587332,10.12402153,-2.25138211,1.07319343,-0.31327939,-3.70455551,2.60202408,2.69180822,-3.30918765,-5.55562973,-6.42553139,-0.16476107,-3.17075229,5.30320454,-2.66897821,2.3159883,-1.90476942,-2.57615876,0.35250759,-0.7150116,-3.98697281,0.94039834,-0.6868608,-0.94211239,-1.57573354,5.73281145,-2.34112978,2.08027792,0.53735101,-1.85956228,-0.80543709,1.63792849,-1.08298683,1.37652516,-0.49188587,1.01380157,-1.58465576,2.12017918,-3.74009299,-1.04386139,0.77137667,-2.29232359,-1.03469467,-1.65573299,-0.36254227,-0.44483435,-0.2680459,-1.86035872,0.28958446,-1.27438009,1.26862001,0.78388691,1.02177334,1.23612916,1.15491676,-0.05923533,-0.60771769,2.13043523,0.11011052,-0.08904859,-1.58948302,0.13994962,1.48857963,b'3'
475,4.3231883,11.00353146,-0.66116947,-2.26170683,-2.25825691,-1.91808867,7.59066582,1.54447973,-4.6435504,3.89952803,0.62753677,3.38791156,-5.12663078,-1.70404482,7.15240288,0.17250466,-2.9841485,2.05688095,-1.32941604,-2.69819689,2.04982519,-0.65371853,-1.35516739,1.67755795,-3.10338736,-0.69176215,1.8059839,-4.19336605,0.50143147,1.75312102,-1.3040179,-1.82477427,-2.45714927,-1.96058345,-0.71642613,-1.1571902,2.87606549,1.72180367,1.45171511,-0.01230854,-2.59815979,2.81511235,-2.37390113,-1.4731549,-0.31008887,0.29526907,1.6958915,1.00855231,2.15896893,1.34339058,0.02696012,-1.67602682,0.31678319,0.46506685,0.74209857,1.30777454,1.15321982,-0.92204559,0.01719171,-1.61270452,0.72479093,-0.35970598,0.77774608,-1.45058692,b'3'
476,4.64513302,-4.13700628,1.86201668,1.17915285,-2.50488901,1.27079809,-4.08705473,4.52822113,2.82051897,-6.29671192,-3.66412449,-2.40629601,-2.05309272,-7.19958735,1.37642217,2.13344789,-2.24006128,3.0874474,-5.12777424,3.09639263,3.95539522,-0.7120623,-2.56967306,0.17604613,0.04777312,4.28427315,5.47119522,-1.19057834,2.80751991,-1.3046906,-1.74578321,2.60402012,-0.6075865,2.21297002,-0.47439218,-2.25210238,-0.56767702,-2.00655341,3.42986107,0.24587387,0.53592777,0.87420166,0.28033024,1.02491355,0.28278184,0.07472426,-1.80768001,2.21895504,-1.87619352,0.53906262,-2.45996428,3.85768509,-0.7807765,-1.02829266,-0.09658426,2.00885844,-1.13427997,0.75714713,0.20646524,-0.50560141,0.9498449,-0.95071155,-0.02585912,-1.06563759,b'3'
477,2.60864067,6.69032478,10.25186634,-3.7202692,3.9989748,-2.38370299,1.95265114,1.38235116,2.6087904,2.26310253,-4.82919693,-1.72901797,-1.78066206,-0.5086596,0.54762483,-4.83253098,1.29128551,-5.30353165,-3.41340184,-0.8783201,-2.24807429,0.34297258,1.53596246,-2.44588017,-0.54989988,1.58806479,4.04723072,-1.57885396,-0.37102079,1.44441998,-2.75211525,0.44834161,2.72069693,0.34880096,2.19426751,-1.74098599,2.17934489,-1.60248256,-0.87286651,-1.61075544,-0.95945251,1.71942365,0.86653548,1.73283255,0.45265865,-1.04700089,0.76786351,0.41268134,1.3431499,-0.26522964,-0.05546792,-0.21291184,-1.18235707,-0.50275481,-0.51384228,-0.56005776,0.20888019,0.85114324,0.50803512,-2.02561617,1.20290828,-1.07593608,-1.31845593,-1.06290984,b'3'
478,1.55092132,6.29333973,9.91761971,-4.1008296,2.62692499,-2.0403986,4.42099619,1.93557787,0.31330633,6.11447573,-5.06040096,1.03930926,-2.51676369,1.25510836,2.48360801,-2.24748993,0.75073504,-2.49487424,-3.12562609,0.33228421,-2.3658905,2.53683829,3.36036301,-3.45226455,-0.42710915,2.06537843,4.8779397,-2.80991268,1.00908637,0.43518555,-3.71967459,-0.19649196,1.69257951,-0.26678401,1.77775884,-2.60840487,3.6774857,-3.09836745,-0.10273635,-0.76779437,0.37926328,0.57714194,-0.47334343,1.47903252,0.93690532,0.94722772,-0.47546792,-0.93144989,0.51494116,0.67252254,-0.20233558,-0.68910789,-1.93977857,-0.20719254,-0.04213369,-0.29315343,0.17238736,-1.05859709,0.44825608,-2.089396,0.88558,-0.64221543,-1.65897989,-0.22318503,b'3'
479,8.10114098,0.83019733,12.16437626,-2.72385097,1.1214987,1.06400037,-1.55361652,4.81690311,-0.26700878,-2.04922247,-5.67238045,-2.33674693,-3.49320889,-1.47881186,0.94966912,-1.40323067,-1.45260882,-1.78779304,-2.92815042,-0.43116176,1.50275517,-1.05355787,3.08970737,-0.44385123,-2.06810474,1.51446712,2.3050952,-3.18245316,-0.69967127,1.13678265,-1.98210633,-2.1281414,0.86306578,-1.00262499,1.39752162,-3.29229331,0.59453392,-1.01533031,0.32556677,-0.43423319,-0.35038155,1.31446981,1.23503911,-1.75828326,0.78081632,2.16817951,-0.82500327,0.00773835,0.06757227,1.02253377,-0.15044461,-0.13766259,-1.74376082,0.69379979,0.04471087,0.30367005,0.81415582,-0.71458739,-0.09150922,-1.26180387,1.91674709,1.74058723,0.3982476,0.10721415,b'3'
480,1.58873594,-1.65043998,4.64709854,-1.14271057,-3.55409098,1.90551782,-8.00349998,5.22212315,-1.02479315,-3.77056623,-5.14662409,-1.56965899,-1.04667902,-5.15783024,2.66625571,3.58155203,0.38396955,1.06307101,-6.65109444,2.04944038,0.1051477,-2.16586328,-0.00086004,0.27922177,-0.4065775,1.99430144,5.67682505,-1.17175937,1.11489487,0.93074632,-2.09822083,2.86007118,-1.43711472,-1.01145291,0.46855843,-0.98426044,-1.92958951,-3.4047873,1.87293959,-0.52340126,-0.57459617,-0.0491844,-1.51804054,-2.13093853,0.5169006,-0.98817855,-2.03869939,0.42994547,-0.92592895,-1.68922043,-0.38921106,2.05691242,0.63018954,-2.42112446,0.47160634,0.10633808,-1.29513168,-1.19520116,0.47773486,-0.64132661,-0.0817102,0.0858559,-0.13117355,-1.17384565,b'3'
481,5.0317111,-2.084589,8.03574467,-4.18204975,-1.79011703,1.4376955,-1.05701971,6.31486988,-3.71408892,0.20083207,-7.02787876,-3.92675042,-3.2015295,-0.72973549,-0.59331179,-1.87020159,-3.07840419,0.1186347,-4.90906906,1.07324409,-0.42618597,-0.57768792,-0.12589362,-0.14810109,-0.68151194,0.76262271,3.85130072,-2.89154434,-1.70294571,-1.15869009,-0.71292293,-0.86345637,-1.42778945,-1.31288362,0.48335791,-2.95337987,1.49706149,-2.75103188,-0.18467665,-2.45416689,-1.59090209,0.57961714,0.43212003,-2.17139721,-2.68239784,1.46159101,-0.00073622,0.11271858,-0.32515368,-0.00103813,-0.37283456,0.76538897,-0.15977001,0.1435467,-0.35612148,1.10031366,-0.51071882,0.00791901,0.62373275,1.01873791,0.89916342,-0.57646686,0.17082489,0.12476389,b'3'
482,1.30347526,7.01729774,9.51206779,1.17561102,1.05386579,1.30018878,0.47111487,0.26172602,3.47241545,-1.05595207,-7.79732323,-3.6980412,0.09641957,-4.45821571,0.74733901,-1.75212836,-0.89286882,-5.28555202,1.08164752,0.25511599,-0.23820402,2.11598897,-3.51333165,0.19552231,-1.28743148,-2.21751833,3.37514448,-4.17269659,2.09080362,0.44104826,-2.70566511,0.48789072,-0.57298839,0.61964732,0.58330011,-0.67821658,-0.93921387,-2.53521395,2.35106397,-1.89257991,-0.37672633,-0.15377076,-3.20296979,-1.67268515,-1.59630501,-1.87267268,-2.64553595,-1.96954465,-0.15961897,-0.82142311,0.19573294,1.24292624,0.44579935,-2.06249857,0.68165177,-1.04948056,-0.90896678,0.87478888,-0.32351694,0.54458785,1.13992298,-0.19575059,-0.96637344,-0.97805953,b'3'
483,2.74980021,13.33780956,3.90517449,-2.10513735,-0.89415514,-4.59284687,2.86332917,2.55249214,0.16505575,2.72566962,0.23225307,3.64810681,-6.54744339,-0.81831092,5.24806166,-0.4495852,-0.13005948,-0.83588672,-0.85572243,-2.06042981,-0.94824874,0.29072076,-0.25313058,1.49583721,-2.99923897,1.60876834,2.42679262,-2.17021513,-0.96709442,1.97918642,-2.64323044,-2.24758768,-0.66489589,-0.38421148,-1.11734176,-2.82937598,2.19329762,-0.6066317,0.67928433,-0.21742618,-1.20360661,2.05533195,-1.05785513,-1.58726215,0.91553646,0.89144003,0.87299299,1.16434324,2.86470175,0.40417695,-0.04774268,-0.29504794,-0.69866347,0.98547542,-0.52898139,2.34294701,-0.4710362,-0.56139183,0.64229232,-1.67207623,1.40493703,-0.67040557,-0.11606008,-2.09435606,b'3'
484,7.98267317,8.36906624,12.97320175,0.0486055,0.42917979,-0.14080596,2.06460238,1.61726165,1.65202355,0.60011768,-3.61771536,-0.74207807,0.71397793,-0.47433636,1.6360302,1.56076717,-0.97360396,-0.5808326,-2.31823254,-2.30572128,2.06220794,1.86404824,0.49759495,-2.84587908,-0.67881143,-0.10151574,3.28258848,-2.94111061,0.19037247,3.34842396,-4.22680616,-0.82447517,-1.46833897,1.73649955,-0.89493227,-3.69763446,2.34760499,0.26200342,-0.25150466,-2.54061127,-1.53252506,2.02200699,-1.23282504,-2.01110458,1.01797831,0.1034649,-0.59475875,1.72580707,1.95358491,-0.39980391,-0.14026491,-0.76574016,0.27131057,0.10823834,0.3509925,-0.80750608,-0.33136058,-1.60154879,0.3643105,-1.60630131,-0.10959896,0.50344127,0.82760406,-1.01622689,b'3'
485,8.0020752,2.46253204,14.23759747,-2.55418515,1.90704858,-0.24098659,-1.83162785,0.61830735,0.7821002,-0.47226635,-3.20818043,-0.01752949,-2.52090335,-4.82981253,2.44772673,0.39971864,-1.09074593,-1.59372449,-2.61444879,0.86581707,3.18164492,-0.23857349,3.44318509,-1.99129713,0.53183746,2.2133739,2.77329636,-2.61991167,1.26501513,1.15685713,-4.66068125,1.26253009,1.52353144,1.42491817,0.7746374,-3.44800878,0.75515246,1.29564166,1.27014136,-1.85914433,-2.32918787,3.03506827,1.11004949,-0.54509771,1.56383479,-0.6627394,-1.69909394,0.88605666,0.33239436,0.23744869,-0.274611,1.46570396,1.48235607,1.41727126,1.20951295,0.32522953,0.50391459,-1.52332628,-0.36576346,-0.62168241,-0.05001543,0.06310517,1.63874257,-1.2084204,b'3'
486,8.27440739,4.27340555,13.39749718,0.35288742,-1.22019231,3.00634432,-1.14338779,1.34891713,1.35066724,0.4245646,-3.64782095,-2.86294675,-1.40004277,-2.24707341,-0.76917076,0.58147562,1.1830132,-1.11041772,-3.28159809,1.30367875,1.24637151,0.18198061,2.27810049,-0.99803507,-1.23172092,1.53804016,2.73673439,-2.01310039,0.01840639,1.93781364,-1.92978132,0.0143919,-1.0504961,1.96668386,0.16346109,-4.54453182,-0.09758043,-0.8456654,0.46939719,-2.13089752,-0.92864287,0.7108289,-0.00459735,-2.71246886,-0.10485923,0.52972412,-1.8460294,0.43349862,-0.48749438,-1.02161598,0.30212751,0.20759189,0.585549,0.5513826,-1.14333153,-2.07434082,0.25438952,-2.21103001,-0.76031762,-0.2613821,0.46035081,1.30260921,0.0722788,-0.16518334,b'3'
487,4.43099737,1.8123374,13.59400749,-1.34840965,1.0581485,-1.41598701,-3.71200895,0.43968379,5.20731974,-5.15424299,-5.27288437,-5.03217316,-3.21955442,-1.34143615,4.66767406,1.39272904,-1.64396942,-1.37995875,-0.27693769,2.62904501,1.21853065,-1.92686009,1.58092093,1.31706095,-1.61557007,0.82527161,1.77061951,-1.80902195,0.83152938,2.88978767,-1.43860376,-1.15718782,0.36643571,-0.34661037,-0.51405644,-2.66332078,0.39796519,-1.14915156,0.70698905,-1.28320003,-1.42411959,1.32830775,-0.37609637,-2.14546442,0.94364911,-1.2698679,-1.59416389,-0.08182359,-0.90418184,-0.8655985,-0.03416266,2.00857091,-0.13094401,0.63044757,-1.17276525,0.43631458,1.7843914,-0.94605935,1.41900563,0.29933548,0.7988314,-1.1239835,0.52407241,0.66388023,b'3'
488,3.0259347,-0.97818732,13.11089134,-5.02477121,2.92761564,0.5588569,-3.69809675,2.61293983,1.94048452,-4.54702616,-4.88779879,-3.38484597,-2.56181693,-3.38449454,5.64587641,1.54658294,-3.63409615,-3.17845273,-2.17316914,0.30638504,-0.28902167,-0.12753201,1.85042167,-0.00962925,-1.40490723,1.38718772,4.55526781,-1.11642969,1.43425012,-1.15256524,-2.85028601,1.85755396,2.41918302,-1.65091491,1.14040911,-1.6130532,1.24655604,-1.28757834,2.7058773,-0.40543124,-1.46787047,0.02496608,-0.51816767,-1.49366164,0.00496125,0.05407357,-0.7342205,-1.48707747,-1.74107146,1.24941552,-0.35693413,0.24490941,-1.62097096,0.22596037,0.56039202,-0.35207257,0.28994083,-0.39919478,0.83833045,-0.45041126,-0.39800471,-0.6566385,0.3541503,-0.42526081,b'3'
489,-3.78584337,10.0202837,6.09595823,-3.86817837,3.03141975,-4.68816662,-0.73996735,-2.19929218,0.11867523,2.68796706,-2.73279476,-0.15480161,-3.51173973,-1.12070072,7.71266079,-0.14764977,0.57472563,-4.88512325,1.38655281,-0.88834691,-3.76877499,1.64581847,0.31361717,1.37817478,0.22888911,-0.51969153,3.02013683,-2.13766003,0.29122329,-1.33047318,-2.31918335,1.20138645,1.18207097,-3.38982296,0.50178343,0.72214651,1.12268806,-1.50979424,1.33606553,1.7999146,0.27368426,-1.59594274,-0.82485819,0.82837129,1.30335975,0.71904898,-0.05179541,-0.99620128,-0.58570623,-0.28899634,-2.39934325,0.17273772,-0.82840228,-1.12665677,0.55834377,0.46349037,0.52760839,0.64606696,0.3466866,1.94877613,-2.19353795,-1.085253,-0.10711086,0.13829243,b'3'
490,1.15350544,8.18225193,10.05376625,-2.82051229,1.8496815,2.25282383,0.04439402,-1.06106877,-3.90799284,2.64885402,-5.67671299,0.87734604,-4.43940735,-1.88992596,3.80433297,0.73816478,-0.92621434,-2.53801513,-2.83737779,0.22309566,0.21945199,2.73935652,2.24760127,-2.18683457,3.00664949,0.66564685,4.06159115,-3.43878436,2.54573679,-0.42401922,-0.28232372,3.09088993,-0.23929484,-1.473629,0.843063,0.09502044,1.00511336,-0.90484327,0.54178011,0.37481427,0.1752255,-1.04269338,-0.03572829,1.58990002,-0.62467885,1.32085145,-0.03982581,1.76715624,0.96120447,-0.71935487,0.99267876,-0.23937845,0.71358788,-0.0306859,-1.06628275,-0.39652666,-0.57265329,0.71996403,-1.51040769,1.80890524,-0.36778921,0.14116293,0.24759686,-1.74662662,b'3'
491,8.26082325,-3.73185539,8.49979782,-1.27877808,-1.52376997,3.7970767,0.65930843,5.37026691,-6.4537015,0.01152611,-4.85608435,-2.2978971,1.54506195,-1.52257001,2.41247225,1.39358938,-0.92186385,1.91527867,-3.60028553,-0.70842111,1.86951745,0.23663813,2.2123189,0.90706754,-0.99121737,-0.04622528,3.52837467,-3.25873303,-0.1902318,1.68223035,-3.79233313,-1.27242148,-0.5370214,-1.52863193,0.38046455,-2.5699122,0.1575861,-0.04194182,2.40616083,-1.26468801,-1.61544824,1.60570991,0.2353438,-2.69751287,0.49035627,1.81984532,1.47811127,1.08678997,1.81759596,1.36296737,0.39785135,-0.71433926,-0.7316668,-0.26571548,-0.20341259,1.72610927,0.23551464,0.64304018,1.31309009,-1.64346194,-0.14429,-0.67256534,0.30167675,0.16621512,b'3'
492,5.99116659,0.12480235,10.55305767,1.42730927,-5.08470631,5.77510738,-3.29611254,3.26521111,-1.80195665,-1.46105516,-4.15249538,-3.58688569,0.0511353,-1.73172927,3.55382013,3.24542618,0.07888198,-0.38114041,-4.53369999,0.74133229,-0.67347127,-0.21576709,-0.01930693,-0.78409362,-1.63214016,1.33945727,4.39931583,-1.07020092,-1.19085264,2.63958979,-2.56104708,0.65055275,-2.48709679,0.25490963,-0.97741342,-2.75656033,-1.46594,-0.98255616,1.83616829,-2.35609889,0.96451521,0.05527025,-1.78720653,-3.3859067,0.40797102,1.16067052,-1.28077984,0.84326673,0.73729163,-0.23812062,-0.98969102,0.62309575,-0.20074153,-1.37037086,-0.99386054,1.23596609,-0.89580965,-1.4021405,0.09277081,-0.08228207,1.13756442,-0.52200949,0.10223782,-0.38262045,b'3'
493,5.68957138,4.85879612,9.05605888,-3.13865709,2.10843897,2.66872787,2.01836348,4.41902733,-4.65658712,2.77248526,-5.4445076,-1.98841262,-1.58657098,-0.12791094,2.64386082,-1.43250251,-1.12119293,-0.59848708,-3.25718021,-1.94319046,0.63455522,2.3562355,0.73275983,-2.463166,1.42105472,0.244077,5.40008211,-3.81759,1.31419563,0.69460666,-2.43858814,-1.76470947,0.39921856,-1.59805894,-0.48740482,-1.60870063,3.45090985,-0.06224674,1.38144135,-1.49665248,-2.04024482,0.80939484,0.08595191,-1.15870392,0.05532026,0.99337161,0.64959466,-0.74159813,1.65177226,0.68032587,0.04571933,-1.38264942,-0.69905686,0.26940334,0.57979971,0.18214339,-0.39529395,0.23566929,-0.05817628,-0.31340426,-0.4175666,0.47428596,-0.28367537,-0.46063754,b'3'
494,2.2268362,5.86147976,8.72272778,-3.44829273,4.66682577,-1.25577831,1.95878172,4.48816204,2.38557863,2.91579103,-7.68406963,-1.2392199,0.56842399,2.21799874,0.54080606,-2.9788456,-1.61404061,-3.99417329,-1.34677863,-1.94931662,-2.82277489,2.69391847,0.29116794,-2.40915155,-1.49211955,2.08613896,4.62076807,-2.97381067,0.94143248,-1.29206228,-2.38099718,-0.47313595,1.0065099,-1.71371055,1.58955789,-2.43828964,3.76223683,-3.42773128,0.14850628,-1.83090007,-0.46351331,-0.51826781,-0.03259959,1.62406528,1.17342317,-0.14509843,1.22063804,-0.86518359,-0.4504621,-0.13995576,-1.82534623,-0.07535529,-0.90190148,-2.4239924,-0.73978776,-0.18898368,-0.81358814,0.84640241,1.91932654,-2.06845951,-0.67345387,-0.98015404,-1.38896775,-0.04514823,b'3'
495,6.8280139,-4.50759125,6.2697506,7.13434029,-1.9156667,5.68461514,-2.08761549,-2.54477477,-5.99492979,-1.35864139,-3.53566313,0.2512455,-0.03505754,-0.13868627,3.94095683,4.744174,-0.52400589,1.82700109,-2.36811399,-0.77357948,3.91562724,2.22539639,0.75169945,-1.6942879,-2.67266273,-1.52856004,1.29438651,-2.24262953,-0.54452181,2.99069071,-4.70752525,-1.00052297,-3.55056167,-2.34765768,-1.25007725,-3.19219804,1.5466783,0.94663131,0.14252639,0.87564087,-0.69147235,1.94492817,-2.40816617,-1.46274185,1.50073552,0.88013303,-1.30219913,0.4582119,1.15940022,1.12006724,0.310377,1.2921524,-0.43446231,-1.12619925,-0.36266857,-0.84322494,-0.52045012,-0.30550843,0.27826035,-1.39108527,-1.52977896,0.06686616,-1.07637429,-0.34974155,b'3'
496,4.27468157,3.63573551,10.90425396,0.02447554,-1.21135521,2.92026854,-2.37174034,2.46453524,1.53800035,0.22704899,-4.81846333,-5.39057827,-2.37830687,-1.98832285,-0.23839378,-2.83602619,3.59027267,-2.89509201,-3.27400398,1.52494574,-0.74339288,-1.62053251,1.42092049,-0.42896819,-2.38829899,1.92578208,4.47971964,-1.09685254,-0.58640909,0.94734597,-1.28295457,-0.31289268,1.3230567,1.4208796,1.29139686,-1.68800461,-1.35441267,-1.15328622,1.38613224,-2.83901095,0.46293831,-0.02721408,0.03430498,-1.97168672,-2.11298227,2.10762548,-1.2708106,-0.10199237,-0.52415079,-0.08856404,0.40527296,0.81228441,0.10836124,0.19734263,-0.33390981,-0.09883201,0.50867867,-1.49385357,-0.84600604,-0.97949815,1.7625252,-0.49682641,-0.48554331,-1.78615117,b'3'
497,5.61087561,8.58172226,10.08445358,-0.78424168,-3.48702908,4.03896952,2.85014439,2.45298433,-2.17980719,3.89354086,-2.21533298,0.74889088,-2.72420835,-1.9830519,4.52380085,-0.39781451,2.70540309,-0.50757259,-3.39119959,0.56968474,-1.12826622,1.13342762,3.28521395,-0.28951955,-0.4153145,1.47418535,2.29933214,-1.16540074,0.45386696,2.21780634,-3.51685143,-2.05804992,-2.45503759,-0.73461169,-1.7808466,-2.89613652,2.05623984,0.15466273,1.25372088,-2.19443512,0.56980288,0.75210798,-0.14889076,-2.81969237,-0.43459773,1.1938287,-0.11289005,1.24797904,1.42722821,1.49707067,-1.62914765,-0.39870739,-1.23411059,0.76334971,-0.09035796,0.14598531,-0.90959477,-0.68796736,-1.22561598,-0.74666309,0.85278934,0.36228049,0.71293819,0.38645098,b'3'
498,8.97092438,0.6676476,6.77099991,1.44735765,-0.33821207,0.10664308,-0.90211439,1.55048227,12.86875534,-2.2253809,-0.51206851,-1.71086812,-0.99305654,-5.82226944,2.84969854,1.90391541,-0.6238724,1.27496243,3.20724487,2.12402201,-0.60063213,-4.22185993,1.16395938,1.77241945,-1.11983502,1.90968847,0.18132448,2.2718699,0.64982963,-4.33474731,1.46345735,3.66738081,1.0700686,-0.30438787,2.66827226,-2.57338834,0.67065859,-3.55363059,0.89244831,-3.77788472,-0.35505474,-0.24940656,-2.72598314,3.63345146,1.17111874,-2.03589153,-1.11016667,0.4749763,-0.13335095,1.84596407,0.45392746,1.65153301,-0.4032445,0.60610271,-0.52913088,0.28503895,1.87763858,0.27773017,0.29854804,-0.47977221,0.70505452,0.02252048,0.19695008,1.57545447,b'3'
499,6.21945429,3.01219606,5.15364742,-3.9913063,1.33869731,2.30990553,-3.93359852,4.01058292,-7.26402521,-0.32288319,-4.16689634,-0.19368768,0.93177819,-2.51095438,1.36534071,-0.5148325,-0.0584501,-0.75716919,-6.77871323,1.35721159,1.96298015,-0.36022598,1.47497833,-1.59238493,1.37957156,2.1331625,3.30737114,-4.19549942,3.01484919,1.88329661,-0.93832409,-1.28132379,-1.13338923,-0.12067562,1.0923568,-1.72238386,2.21873021,-0.44085604,0.8665067,0.59238923,0.02167535,1.83208811,-1.16497564,-2.1568501,-0.89948118,1.0267086,0.6050548,1.65463507,1.43206573,-0.99974155,-0.62306672,-0.87454176,0.28739452,0.26236379,0.03714734,-0.38498044,0.08592629,-0.68630093,-0.5282799,-1.59959054,1.35225105,-0.875332,0.49215448,0.64033079,b'3'
500,8.63156986,3.52934504,7.57189131,-2.69265294,4.32290697,1.08421695,0.05291319,4.30518675,-3.60915041,0.11266154,-4.20754528,0.05865407,0.6807276,-2.28670979,2.8931489,0.56216228,-4.82073784,-0.76778722,-3.42450213,-1.2820797,2.66446829,2.62005496,1.29694736,-1.97086763,2.74821806,0.7086069,3.83657742,-4.70213747,0.69648623,0.74366415,-4.68018341,0.5316565,0.00263011,-1.64924192,0.59443736,-1.22613919,2.56680512,-0.58900243,0.03568017,0.53390777,-1.49179554,3.21557593,-0.66730392,-2.42399144,-0.48816085,0.60479248,-0.09432165,2.19628787,0.92185968,0.13909209,0.28534341,-2.15402842,0.45243859,0.16247547,0.76954293,-0.4787007,1.39380169,0.21524742,0.65690094,-1.92781782,-0.37044173,0.87967199,1.69432557,0.8069309,b'3'
501,4.9549408,-1.01599884,9.1911993,-0.88480771,-0.95138836,1.55987656,-4.78302097,3.44386315,-1.46748734,-6.51843691,-4.25600576,-3.89039063,-2.92353773,-6.33483315,1.9964664,0.30452287,-1.10365033,-0.37105417,-5.14857674,0.71177554,2.40936208,-1.10852385,2.63071632,-1.93349838,-2.02682066,0.87243247,3.43172455,-2.69583941,0.19143105,1.79275978,-2.00401592,2.9072094,0.56564933,-0.13146681,0.42329484,-1.00363505,-0.20741367,-0.99539918,2.09474134,-0.27074394,-1.0398916,0.62329125,-0.49095434,-1.45770323,1.1783216,-1.18014741,-1.80007589,0.29308438,0.06568643,0.39104068,-0.88245881,1.53592372,0.3721664,0.74907154,0.70962566,1.46205425,-0.20704007,-0.88977379,-0.74506491,-0.94016445,1.27264929,-0.91021287,1.56369913,1.33812594,b'3'
502,2.44979811,10.48255062,1.31480467,-4.08770227,0.44653773,-0.14338231,2.15169239,2.26714563,-6.14921522,3.03794599,1.04647112,3.3645854,-4.77026892,-3.98463082,4.74015093,0.82738686,2.28145576,1.12576199,-3.88757682,0.08377004,1.61369538,3.11318922,2.55516219,-2.38879299,1.03562522,-0.37572664,3.07540035,-2.93856239,0.06370115,0.88942659,-3.26443195,0.82646537,-3.18246198,-2.44870687,0.64843047,0.45417082,2.42690682,-1.16413856,0.290223,0.70521915,0.24931669,-0.62632048,-0.97722739,-1.53681839,-1.26401389,-0.14776897,0.4529421,-1.68518996,0.81934804,-0.98170823,-0.83492875,-0.63016725,-0.64171028,-0.32836306,1.27650487,-0.76804608,-0.79413819,1.36606169,-0.23091376,-2.17277956,0.06039046,0.76571399,0.03540152,0.35758597,b'3'
503,3.91791916,7.06972504,2.22296071,-1.0856148,-0.57279611,3.78193164,-0.21043158,2.36807203,-8.51120377,3.5706563,-4.65923786,0.97988033,-1.89916778,-3.6057663,4.81348419,1.54203641,2.4793036,-0.20204061,-4.4536972,-0.8926785,2.37287855,1.56687164,2.51550674,-1.92651105,0.6314075,-0.33835381,3.69572687,-4.22328711,1.51719213,1.20382416,-2.0892334,0.16743112,-0.6481331,-2.41074491,1.67832553,-0.18769309,1.61231017,-0.24396974,-0.869326,-0.85394061,-0.14996886,0.41562718,-0.44777852,0.24449216,-1.28917468,0.38216686,2.3359046,-0.75800943,2.15857077,-0.00078195,-0.85135674,-0.73476768,-0.12706232,-0.46207654,1.10446477,0.07861227,0.0263052,1.58905423,-0.17806461,-1.02465165,-1.01539111,-1.29271007,0.02904129,0.25016546,b'3'
504,3.75145769,3.53734922,9.06608868,-3.49253273,0.02648222,2.80439854,-5.44097996,4.66307926,0.34221315,-0.82993913,-6.51808167,-2.77672935,-2.75095034,-1.10015655,3.10947037,-1.48377538,0.41110754,-3.14798141,-2.87553406,0.49533057,-0.29128247,-1.57992196,-0.44351205,0.10822558,-0.75986159,-0.63152647,4.13568449,-3.74663329,-0.46651363,0.45304143,-1.8475281,-0.90777135,0.91247743,-0.85181659,3.27710319,-1.24232614,1.68097425,-0.8228119,2.19432592,-0.31027845,0.26628637,0.09456687,0.72070283,-2.99643064,-1.42966568,0.83973628,-1.94609964,0.3120923,-0.98716921,-1.44936597,-0.96015,-0.60278153,-0.09146857,0.34709144,0.96855873,0.82465744,-2.25724173,0.60461807,0.68706888,-0.75267291,1.15724921,0.02918094,0.90870917,-2.41028666,b'3'
505,0.73976648,-0.51471329,9.50519085,-4.07231951,-1.44413519,0.90987957,-6.43477058,-0.78593755,1.87822843,-2.26698089,-3.90432644,-5.12134361,-3.86548567,-0.61863691,4.05933475,-1.46859002,1.2690568,-0.77984583,-6.23486423,0.76852775,-0.94478416,-3.50920248,0.55524069,1.40634012,0.45103621,0.77578068,4.57314301,-4.51795387,-0.35207272,-2.3504715,-0.68210399,1.05945992,3.07590914,0.72710609,1.38083756,-1.29226243,-1.11878014,-1.67183042,3.60369945,-0.51965666,-1.14593744,0.65572613,0.74432099,-1.37115645,-0.32549536,0.25008082,-0.95125115,-1.15805221,-1.76291323,-0.32066882,-1.92126679,1.81172514,0.54216588,0.32425249,-1.02181411,-0.30889857,-0.23200631,0.05125733,0.96842664,0.75560749,-0.50801444,-1.60673308,0.89620352,-0.30962315,b'3'
506,5.14197779,1.36167574,9.90342808,0.94102418,0.81252158,-1.78318858,-2.95740986,0.72822458,7.11641693,-4.26147509,-3.00397062,-9.68412971,-0.23213553,-3.41955614,0.75501084,-1.40450692,-2.55220652,-1.73185849,3.0460465,1.63676453,0.53096461,-3.16292906,0.99385333,0.00732493,-3.06020927,1.40938139,1.00300241,0.43914807,2.38417602,0.60512865,0.5299381,2.08238125,-0.81747222,-0.68454355,0.54210454,-0.80771577,0.28764987,-1.92361259,1.60159993,-0.24796137,-2.42847157,0.84215248,-0.63189614,-0.22573237,1.28693175,-0.55930674,0.42484862,-0.84177279,-1.86296415,-1.43270564,-0.41825861,1.67735589,-0.90819979,0.06994212,0.65883172,-0.5102284,0.32415318,-0.92713118,0.82262474,1.23593938,-1.04158115,-0.11405209,0.52547467,1.4712851,b'3'
507,3.2774992,3.54055357,13.94362831,-4.72464657,4.74905968,-1.8546226,-3.27819395,-0.11749852,5.49930286,-3.36164451,-3.74399185,-1.59793782,-0.0578264,-1.81693697,4.50700426,0.41025436,-2.31097412,-3.95050192,0.07154417,-0.04433966,1.33968234,1.55968595,3.35053039,1.52600288,-1.00788009,1.17322195,2.81999016,-2.66202736,0.6448729,1.35583842,-4.32441092,-0.02219057,2.08087564,-0.33289009,2.23174047,-3.11098766,1.43924856,0.97162193,1.92148745,-1.02883625,-1.96170533,1.59886849,1.8905046,0.2308598,1.5876267,-0.5023672,-1.27802515,-0.04396701,-0.06837896,0.78398275,-0.44325441,1.09520042,-0.32502079,1.79550481,1.13346636,0.09209633,0.89798498,-1.58690989,0.2125448,0.48031425,0.37656134,-1.32282782,0.6754185,-1.13698804,b'3'
508,6.64736414,10.7821455,9.65609837,2.05096722,-1.90958691,1.04323339,4.37116718,1.19523811,-1.82053328,4.22775507,-2.94005537,0.04042196,-0.72262883,-0.78859341,3.27140665,3.46485353,0.45721531,0.00104392,-3.35346603,-0.59136367,0.0953577,2.37689519,1.03503573,-2.22924757,-0.54539382,-0.57412213,2.33027935,-3.49314475,0.46347189,1.79392374,-2.669415,-1.81496453,-3.76830959,0.12596667,-0.78000641,-2.15777779,2.81388879,1.13309193,-0.38474667,-2.10972095,-0.77447152,1.78543806,-1.01038349,-0.13695668,0.08426571,0.44567806,0.91320282,1.92417741,1.78343606,-0.69233924,-0.60601372,-1.21426475,-1.06113553,0.74164724,0.61442661,0.69504678,0.26285791,1.29975533,-0.37644923,-0.87787819,-0.32207757,-1.13560951,1.25144494,0.09687653,b'3'
509,6.2823925,-0.20147371,6.30338287,-0.64589119,-1.01629245,-2.6730361,-6.31309223,4.73077965,4.88682461,-4.78165531,-3.74196386,-4.61760426,-2.91380787,-5.26823425,1.04126143,-1.20066738,-0.92355174,-0.31817549,1.08272588,2.95716953,3.22451782,-5.36011648,1.37044346,-1.91032827,-1.24388838,1.23219335,3.20704508,0.01737773,3.92673016,0.18286502,-0.35715401,2.18634892,1.54514301,1.37476325,1.15528309,-2.48910522,-0.03112912,-1.6876502,1.09652519,-1.76387179,-0.02893829,1.1628536,0.46716157,0.63524824,1.37854159,-0.31703466,-1.57992303,0.6117481,-2.2037549,1.343732,-0.97201109,1.77993107,-0.5752008,-0.17353332,-0.23091775,1.21278119,0.67152524,-1.81959212,0.99121147,0.49825048,-0.04626708,-1.14309311,-0.86787832,0.93754321,b'3'
510,2.61265278,-0.98140526,12.18524265,-5.09298849,2.03132057,1.25685179,-5.9462204,1.49293709,2.72332239,-5.05548334,-3.04898739,-2.6035645,-1.68725038,-3.91332459,4.6934762,1.5872277,-0.78533113,-2.6208334,-1.79312897,0.8133328,0.58242452,-1.7239089,3.11467314,1.35789061,-2.18859792,-0.30095243,3.953794,-3.23039889,1.97582173,-0.53780913,-2.70043135,2.15030003,2.94577169,-0.94583684,2.28599596,-1.23435128,-1.22268069,-2.44145417,3.96507168,-0.41251829,-1.66547716,0.29851702,0.24825779,-0.51255196,1.33529782,0.30008182,0.30839455,-2.76773477,-1.3514483,1.30061615,-1.40438259,-0.54467618,-0.84044528,-0.47020805,0.86430728,0.58441067,-0.51336741,-0.41548038,0.49007374,-1.2353847,0.35856688,-0.39559472,-0.16976833,0.76144743,b'3'
511,3.57051945,1.31509161,9.16584015,0.77160215,-1.92918468,1.73706722,-5.43229294,3.2159481,1.63932109,-4.43583584,-6.55293179,-6.77783775,-3.20552444,-5.69791222,0.97272253,0.55383861,-0.64328361,-0.6645366,-2.70035005,0.0335567,1.82249069,-0.27751511,0.84877741,0.21638393,-2.78335047,0.93378901,3.57220173,-0.71482348,0.99241757,0.40628099,-0.24629867,1.06073809,0.5835734,-0.39030558,1.75764263,-1.02604198,-2.4074986,-1.29244423,2.77347851,-0.19486827,0.21766353,-0.53976178,-1.12763023,-1.12786126,1.52812314,-0.47799462,-3.43934584,-1.54569697,-1.42399693,0.64969504,-0.97011554,0.30543077,0.27728629,-0.18100262,-0.0388003,1.00875449,1.2814889,-0.93763185,0.14550519,0.77994776,1.4231236,-0.17416839,1.25112331,0.49607542,b'3'
512,5.93560314,1.63755798,6.98406553,2.86249852,-2.11932492,6.51561356,1.63512111,-2.41736531,-7.29476309,4.58562422,-2.02125216,-0.53066611,2.00555491,0.53788143,3.33326483,0.66269267,3.02493882,0.68343568,-5.23246574,1.01910973,0.00814052,1.92119312,1.47140074,1.89823103,-0.07650608,0.56994277,2.06412601,-4.38938904,-0.43964148,2.42198515,-3.68405581,-1.42304909,-0.11980842,0.15903354,0.68711025,-2.29969454,2.15592742,1.63250875,-0.39291251,-1.25236583,0.07801187,1.29254746,1.00774467,-0.02821068,0.56505668,1.40649605,0.23148349,-0.6178472,1.38872957,1.18832147,0.15539044,0.37754059,1.54231691,1.12295234,0.35618967,0.77757871,0.41803646,0.37936765,0.20124322,-0.84259725,-0.04301821,-1.82239866,-2.13655519,-2.47274876,b'3'
513,6.15264559,2.88511705,10.76925659,0.10588801,-1.95079958,3.63777637,0.05024552,4.94563818,-2.60352659,-0.8365525,-4.60073662,-3.69938397,0.34472901,-3.904073,-0.01208591,-0.3775053,3.18587995,-1.31934655,-3.45439219,-0.22254014,1.05230367,-0.05395418,-0.2005662,-2.13343501,-2.86271191,0.00050202,4.23927832,-0.81092274,0.56404066,2.632658,-2.68503952,-0.26918983,-0.97293663,0.33460176,0.52601987,-2.35123014,-0.67883861,1.49891317,0.96947914,-3.53371429,0.03283441,0.75418854,0.12855707,-3.29037547,-0.57463312,1.9763844,-1.06943071,0.5393424,1.4653852,1.25695622,-0.28508627,-0.66685367,-0.73867965,-0.81461334,1.96792746,0.51855481,-0.98412752,-0.10529508,-1.54442358,-1.04442811,0.65386766,0.95621806,0.4042995,-0.43608972,b'3'
514,2.20940781,1.20469332,4.23345423,-2.16882205,-2.10277104,4.63408232,-8.72882938,3.24573135,-1.66003561,-2.13358903,-3.07164288,-1.79372191,-2.1830554,-4.85317707,2.30925083,2.41531944,1.27135324,-0.60165393,-6.00788975,2.31735086,-1.60937417,-4.45750093,-1.48259985,0.72345781,1.59061134,0.70911467,4.51966763,-1.79459071,1.39839244,1.39513218,-1.90923417,0.59649444,0.07636967,-1.2649827,0.08279896,1.42987752,-0.54322672,-2.06532884,1.9937439,-0.67583585,-1.25184953,-0.77713192,-0.20794138,0.2727893,0.79498243,-1.22484982,-0.98848701,-1.5723846,-2.40958738,-2.43575668,0.8346535,2.83980227,2.64109254,-1.93661451,0.54636633,-0.23364365,-1.1804862,-1.07790184,-0.43842581,0.07851911,2.08990622,-1.59985876,0.43087804,-1.27086437,b'3'
515,7.26551962,5.56595993,13.5308876,-2.85259652,2.15457344,0.17855835,-2.27723265,1.5855267,2.5948658,-4.31144762,-2.79741812,-0.52795339,-0.22435284,-2.11626101,5.50683546,4.09503651,-4.42007399,-2.94290495,-0.26950508,-0.73958957,1.66523707,2.0912838,2.00866628,1.04745126,-0.71244967,0.848225,2.60772276,-2.59291649,0.26501513,2.20141506,-4.56947565,-0.35407853,1.07259715,-0.54364055,0.04704559,-2.04617381,0.90382862,1.94586825,3.18960714,-1.84815609,-1.84271264,1.1545732,-0.84826452,-2.09782481,0.77499074,0.46105379,-0.28009224,2.06761599,0.59245676,0.3234176,-0.13321196,0.14819413,-1.79688907,0.99436182,-0.02237767,1.55653381,-0.60067439,-0.81506252,-0.37265626,-0.52473301,-0.94577157,0.26856905,1.7360512,-1.20551097,b'3'
516,3.86137342,10.91724396,2.4932344,-3.16940093,-0.56202817,0.44842291,2.02873611,3.02184248,-5.51889372,4.45642519,-2.4090991,1.70203781,-6.4930234,-3.07579827,4.28769684,0.38588691,0.33366561,-2.75753641,-2.66174507,-2.04085279,-0.40832049,1.01842511,2.35801601,0.75403309,-1.10342574,0.36329505,2.23719883,-2.43491769,-0.32100344,0.37839305,-2.26041937,0.00221539,-0.95724547,-2.4980135,1.58333349,-1.18865061,2.8216517,-0.62605721,0.63046312,0.5810715,0.39270878,-0.70859981,-0.17471564,-0.10019799,0.49997449,0.27263373,0.21980166,-0.65940619,0.45435703,-0.21375024,-2.12714553,-0.69230533,-1.35391998,0.44372094,0.39333779,1.05799007,-0.59767485,1.45452607,-0.02815843,-0.61359537,-0.52649683,1.27982283,0.53762341,0.21606886,b'3'
517,1.80028093,10.37982464,11.2697382,-2.00125027,1.43927038,-1.72031569,0.69154763,0.59299666,1.32168198,1.13503587,-3.13943672,-0.54155993,-3.40906477,0.01538748,5.64887047,-0.6912148,1.62720013,-3.20312548,-1.65392959,0.3302381,-1.9738338,1.25774026,1.31139696,-1.82428515,0.8548274,0.42550647,4.45831108,-2.8069706,1.30450463,2.55700397,-4.71321011,-0.74170232,2.06824946,-0.02238756,-0.27803218,-1.77415812,2.94388175,-1.07400918,0.56755519,-1.44266915,-0.75786734,0.33160618,0.01622538,-0.84092212,1.00767612,0.167844,-0.52013195,1.48850632,1.13688993,-0.6143865,-0.63666183,-0.34396166,-1.34042478,0.0931083,-0.82066077,2.20628357,-0.9300549,-0.62160623,0.04925346,-0.0432241,0.16232504,-1.74968767,-0.04739904,-1.59871411,b'3'
518,2.20891619,12.02184772,1.32457078,-4.60283947,0.3532002,-1.07165074,0.72739172,2.59203792,-4.77866888,2.01052451,2.18909121,4.72677803,-6.38234091,-3.79492044,5.52999115,-0.68795109,-0.19990838,-0.97035056,-3.00745082,-0.22603846,0.50632471,1.04358697,1.70323277,0.08605719,-1.02155137,0.80327386,3.31915092,-3.55778146,1.31940436,-1.14560437,-0.14830863,1.19900775,-2.02008581,-1.60512042,-0.60540521,-0.77361822,3.3573072,-0.8019554,-0.17840874,0.62576854,-0.31201917,1.10231924,-1.08096707,-0.72417998,0.65207642,-0.70230269,0.23785773,-0.12075782,1.48881936,-0.36702538,0.14278689,-2.42265177,-0.75444436,0.78012937,-0.47232944,0.8515414,0.43075442,1.73745036,0.06781423,-0.40373719,-1.20890832,0.29564899,1.28270185,-0.31477052,b'3'
519,-1.42361403,8.74130154,11.11665344,-1.32518101,2.60365105,-6.16875935,3.58333135,-1.28747487,7.11665821,1.10965395,-2.34345865,-0.10165548,4.71191216,2.33500481,3.97478294,-2.22892141,0.09793353,-3.15365696,-2.9429841,-1.36829829,-5.17629719,0.79570794,-0.27312127,1.57869434,-3.37309837,1.16915941,2.28379917,-1.48994088,-1.40819645,2.06430387,-2.53668976,-0.33393455,2.34613943,1.64573026,0.42842346,-1.80324423,1.24908447,0.4172399,1.46866167,-2.37166572,-0.23411119,0.20580772,-1.64314795,-0.16711435,1.23848891,0.74703431,2.17850518,1.54152966,1.30613542,0.22880715,-1.27914536,-0.04720134,-2.52086329,-1.14845681,-0.78766388,0.87742007,-1.87045479,-0.18527167,-0.56832761,-2.95106936,-0.75224996,0.28681082,0.28262711,0.72610903,b'3'
520,4.7556529,10.127388,6.94320822,-0.30214581,0.26409888,2.30745363,0.05502605,4.3268404,-2.82215309,2.76856685,-4.31495428,-0.61433005,-4.31251669,-0.13988832,5.7414937,-0.09072614,1.77478004,-2.40957427,-0.28783527,-2.24295187,0.22138369,1.39289117,0.60038757,-0.14580488,-1.45620394,-0.07875273,4.45917225,-3.70554876,-0.74733591,0.47532403,-2.53620625,-3.11182952,-1.1886313,-1.49975419,-0.28492606,-1.98116934,2.2746098,1.00789917,1.17155933,0.23488748,0.00257158,-0.10787903,-0.56058419,-1.21196127,-0.48901486,1.27239418,0.82301927,1.47957504,2.37882686,-0.55898285,-1.89432406,-1.11862969,-0.87121582,-0.02248049,0.783167,1.03944457,0.26526022,1.19743156,0.01126558,-1.33858991,0.08746757,-0.2915464,0.43283904,-1.06748712,b'3'
521,-1.93099451,6.42908955,10.99501801,-5.77375984,5.42243242,-2.70520043,-2.07454681,-0.51006198,3.07186294,1.18741202,-3.91728592,-1.1292727,3.03531146,-0.7400524,4.87305021,2.03050685,-1.02112937,-4.03706646,0.6163938,0.06659341,-3.08115029,2.55454159,1.11200941,-1.73175764,-0.28324336,0.04052445,3.82427073,-4.86456871,1.06279373,-0.12651187,-3.86035109,-0.40698409,0.74478054,-2.23794937,1.45959806,-2.72852731,3.11336875,-1.7271831,0.52896166,-0.04942426,-1.82546222,-0.48249865,1.16473627,-0.26412025,1.3831073,0.85835946,0.85582834,0.04065228,0.14271408,-0.35339627,-1.24346578,-1.72273636,-0.5062263,-1.1452632,0.56822002,0.41217375,-0.81217504,-1.53803504,0.96272212,-0.45414084,-0.52238691,-0.80703789,0.31595027,-0.04639209,b'3'
522,0.60220611,12.75345707,7.96476412,-3.67461896,2.39476871,-5.84761143,-1.19168186,1.4110837,3.57071137,-0.0200772,0.69186902,3.22589445,-0.13249397,-0.75594753,4.33922577,-1.30268598,1.2364943,-2.40151381,-5.15039539,-1.18926907,-2.40916514,-0.48416525,3.13600636,-1.40417135,-0.43119445,-0.36652705,4.59140158,-2.04179239,-0.10929728,2.25323486,-4.5379262,-0.45208716,3.15464687,1.05366945,0.58973098,-1.60046375,1.92110419,-0.54213363,1.03807175,-2.8480413,-0.33035845,0.75155699,-0.62136978,-0.2526623,0.95280862,-0.14921463,-0.0138576,1.97793257,0.01725009,1.5109061,0.9296065,0.60238403,-0.42260027,0.90001506,-0.49678808,1.22088587,-0.91740775,-0.97258568,0.48617429,-2.1104722,-0.44431579,-0.78525323,-0.24296737,-1.05858827,b'3'
523,4.37124968,2.78910494,3.79236388,-2.77066922,-0.88779676,6.06836128,1.21018291,3.94715834,-8.49414825,3.62458086,-3.13833761,0.66985154,0.78473818,0.29655316,5.05676937,-0.99262524,1.87561536,0.54749656,-7.172966,1.31959939,-0.78985196,1.40025365,2.68074107,-0.67176843,2.10086679,0.67225736,4.79995823,-2.71024275,2.48032093,-0.62975651,-4.37076759,-1.02011824,-1.07874143,-1.04235673,0.08648729,-1.38876331,2.59764171,0.77399242,1.30647421,-0.27258924,0.49081779,1.66103423,-1.39038348,-1.20389855,-0.87313211,0.77078485,0.88471818,1.25913942,0.5492332,0.77264404,-1.05360711,-1.20711803,0.79425502,0.51565093,1.03540969,-0.1212526,1.95118284,0.36472094,0.70202142,-2.25841284,-0.92721158,-1.45100164,-1.01312804,-0.38829705,b'3'
524,3.04972219,3.69763517,11.30312157,-0.55360156,-1.22424865,2.71414661,-3.87803793,3.10381174,-0.41884327,-2.79942894,-5.57698154,-4.0290556,-2.22967005,-2.95609975,3.42493391,0.08714437,0.05080175,-1.59974217,-2.37728381,0.40548015,2.85803032,1.59388208,1.51017368,-3.13493824,-0.657179,-1.60178852,6.37496281,-4.02167892,-0.78911161,0.88744271,-1.31812036,2.53629684,0.73592448,0.04583949,1.36318851,-2.2309413,1.22282171,-0.99494284,1.68619871,-0.6174652,-0.72103119,-1.10894537,-1.02732849,-1.82672787,0.44011247,0.68603259,-1.57250357,0.60463345,0.28519163,0.69830406,0.64100564,-1.30931187,0.07725596,0.92084801,0.22887367,0.79588032,-0.4544971,-2.29668522,0.24212635,0.98872936,-0.8469469,-0.23268948,0.23101187,-0.46923342,b'3'
525,5.68900871,-3.42660522,6.25088263,-2.01434088,-1.74955916,2.05762815,-1.35630703,1.21217883,11.83815765,-5.48665142,-1.35002232,-7.57235146,-0.04784083,-3.01270747,0.20813847,3.41740465,-2.0698185,0.70845175,2.48545241,3.59276295,-2.21731782,-4.45938587,-2.59442925,3.28756189,-1.12055612,-0.15794221,0.98441601,2.20840096,1.62282944,-4.85423183,0.43548429,1.41080713,1.14230835,-0.03451282,-0.01247597,-3.93338656,-0.4848845,-3.52110076,1.45697594,-0.98749959,0.4521004,0.4359107,0.96867603,2.12675476,1.59571242,1.44845426,-0.37976068,0.65128303,-0.95324802,3.74986267,-2.4700489,2.25408554,-0.29192281,0.21648669,0.34894168,-0.0456425,1.53693509,-0.43218142,-0.54605156,-0.78354216,0.09769033,-1.08748007,-1.04759264,1.25173104,b'3'
526,3.78481531,1.03316164,9.75019169,-3.25219631,3.03183842,-6.8987236,-3.79405022,0.0898962,5.25112581,-3.40649176,-1.62317467,-5.36837673,1.58436751,-4.52788019,1.91266155,-3.08621073,0.15610325,-4.5249424,5.08457565,-1.70042062,1.73304391,-2.75887132,2.69489717,-0.57472777,-1.34564471,0.54213828,1.96873486,0.14470387,1.45675683,1.29735982,-3.23836851,3.30777025,2.56563663,-0.32411987,1.51503873,0.37715054,0.34783292,0.58662665,2.00264502,-0.36272079,-1.63404429,0.44322884,0.59849286,1.54164362,1.35089576,-0.20715043,0.99942398,0.02309155,-1.38239598,-1.10642719,-0.71168917,1.57091534,-0.41738462,0.69873714,2.14798903,-0.00685126,0.56834245,-0.75424051,1.21115303,0.50891137,-0.93998009,-1.42763066,0.43484652,0.34059632,b'3'
527,3.3137188,-2.20240021,3.70721841,0.56419945,-6.34867096,1.22356379,-4.86386776,3.56047416,0.71774149,-5.06073046,-6.2164402,-4.33381176,-1.17696047,-5.35314035,-0.64359236,1.83299971,-3.08267212,0.71467292,-3.11084652,3.54782009,2.1237185,-2.37807894,-1.66085374,1.33228683,-2.73097086,1.07347977,4.0408721,-3.22746277,0.1437676,0.58744228,-0.8002342,2.94205427,-0.12763953,0.71431535,0.45504254,-0.04251727,-1.83438241,-1.6876235,3.70289278,-0.19113535,-0.40079743,-0.23425578,-1.09263277,-2.16973782,-0.70639241,0.14268261,-3.53172565,0.30110478,-2.38035512,-1.13499165,-1.38098574,1.75217605,0.62641501,-0.65022087,0.06339478,2.20659947,-0.26576972,-0.30798423,0.01049095,0.47001815,1.34991431,1.22543716,0.22847545,0.23232007,b'3'
528,2.20642138,5.8618021,8.63520336,-3.68003154,0.50629449,0.79696023,-1.62275076,2.37120152,-4.0216794,4.37541389,-4.71066952,0.59696913,-3.36690378,-2.31559825,1.78458333,-1.7742691,1.89634466,-2.30408764,-1.50783765,0.75981665,0.16624282,2.46664429,2.89154744,-3.24077296,3.24075603,0.95580596,4.73736525,-4.22613335,0.7529211,-1.1797291,-0.38776648,1.83948469,-1.48070121,-1.65760279,-1.14515638,-0.97939956,1.07838655,-1.35346437,-0.72973955,-0.28891444,0.33508432,-1.2254355,-0.2791028,1.08746767,-0.44614947,0.36601079,-0.28555566,-0.96584249,2.25357628,0.02928203,0.06893416,-0.55441868,0.3755908,0.71556801,-0.05909431,-0.76186264,-0.13977337,1.59151089,0.09637105,1.59836304,-0.53036058,-1.43020749,-0.67083651,-1.99992108,b'3'
529,3.90574837,-0.31171656,14.38862991,-4.5949502,3.05194807,0.14637125,-3.95491457,-0.17830122,4.4139905,-4.46053648,-2.99512386,-3.39023232,-1.82398534,-3.76415157,6.70883274,3.2415123,-2.88270259,-2.22251582,-1.5337981,1.71416545,-0.5611794,-2.43568707,2.89227629,0.96650624,-0.72331393,0.49624974,2.41052341,-2.584095,2.52283049,1.17930472,-4.07328844,-0.52695465,3.36706018,-0.9368493,0.25902224,-2.32610774,0.41889858,-1.02507567,3.41248417,0.19937551,-3.87217855,4.12981701,-0.22065121,-1.17628682,1.31822431,0.93519092,0.22243831,0.40134907,-0.38471949,1.1444633,-0.4315021,1.64543426,-0.72504568,0.76302695,1.44061232,0.4573667,1.77202654,-0.56795233,0.5031597,-1.18583751,-0.05224,-0.45379823,0.81708968,0.71430373,b'3'
530,-0.40898484,7.36610794,11.78125191,-3.36286306,2.10818863,-1.62637782,1.68155789,-0.33589971,6.39493132,1.73176217,-3.83595419,-2.14124656,0.83486104,1.61340106,4.53577805,-4.68644619,0.4679327,-3.20000744,-1.67028701,0.00351954,-4.5617404,0.05902892,0.82816267,0.29063153,-1.38079202,3.17298436,3.350142,-1.90543365,1.65142727,1.61157358,-2.95187902,-2.16583824,3.5486958,-1.23747849,2.31825399,-1.87332523,3.87823415,-0.33835286,1.03203499,-1.07513046,-0.75851339,1.07287121,1.38470793,1.2900486,1.62556314,-0.90328693,0.42603034,0.49047756,0.77693093,0.19865984,-1.68729389,-0.2830469,-2.13417411,-1.09451628,-0.83514875,0.66936386,-1.35885286,0.0413115,-0.23380113,-2.51976323,0.03975563,-0.17747396,0.26759851,-0.6619885,b'3'
531,3.10635662,11.01961136,11.24278259,-1.10182774,-0.04126745,-1.5524385,0.59116793,0.70482814,1.78404045,2.45728183,-3.0178256,-0.05637336,-4.18103647,-1.62468648,5.98238134,0.12617564,1.97428513,-2.54699516,-1.49668729,-0.66776693,-1.27243268,-1.57031631,2.17161131,-1.74634683,-0.91351342,1.03059006,3.10003471,-1.94271851,1.18553782,4.2544589,-3.59841394,-1.20661187,-0.17009555,0.10938352,-0.83955359,-1.35068858,1.07533169,0.22783673,0.96379524,-2.54088879,-0.89162004,1.36314905,-1.50462842,-0.86845142,0.62407845,1.61639512,-0.81852162,1.43726623,1.48532367,0.35607362,-1.89896131,2.13126922,-1.35970616,0.66723001,-0.03919989,1.52318335,-0.12870955,-0.23290853,0.32921529,-0.75831747,0.89154643,-0.85862625,0.26516151,-2.36850762,b'3'
532,3.04140139,10.48116207,2.42232347,-1.50796509,-1.68835557,0.9902364,3.47148752,3.09174156,-4.69972944,4.82821703,-2.75560093,1.77028704,-6.37187815,-3.99701762,4.83611584,-0.95323753,0.97198224,-1.34071541,-1.14878428,-2.57146955,0.74289143,1.58179712,2.02985859,0.75252485,-0.25772023,-0.34412783,2.79666328,-3.91307092,-0.2986269,1.44804919,-3.34341621,-0.62281704,-1.46181786,-2.72983384,-0.16970158,-2.17448187,2.15393329,0.33328235,1.28047287,1.6075871,-0.38950199,0.31943846,-0.78659183,-0.92764562,0.36696583,0.19557935,-0.04585741,0.18953943,2.94549894,0.23900884,-1.39013588,-0.40499687,-0.09627652,-0.65267754,1.09535825,0.30758286,-0.84290695,1.29075694,-0.22068191,-1.06350553,0.83842963,1.07663226,0.34044254,-0.02984656,b'3'
533,0.36282432,9.89081001,8.87214947,-2.11450076,3.43829012,-3.59738708,-0.48575401,1.96546626,3.04341507,2.23035932,-3.90210676,0.79530191,-2.13257217,2.11258364,5.87092686,-2.51295662,1.61508369,-3.4507153,0.62705874,-1.69930112,-3.55730367,1.71250296,1.32103574,1.5345192,-2.1599884,1.96006858,1.76557219,-2.4972086,-0.61395311,3.62807751,-2.73598576,-2.498806,2.24118662,-1.13315868,-1.89728189,-1.71074498,2.52173638,-0.37300831,1.40657437,0.23137826,-1.62186742,1.50894666,-0.06456408,-0.95450652,1.50703621,1.52519226,1.36742556,0.75437582,1.59947157,1.0504669,-1.60223794,-0.38743424,-1.15616035,1.15373731,-0.38103408,1.51835608,0.24515676,0.27596429,1.03449559,-1.24982464,0.18527825,-1.65094972,0.43339229,-0.34051293,b'3'
534,1.0193435,5.23284721,11.6527338,-2.70438671,4.30247784,1.86550343,-2.00866508,3.00437546,1.08935785,-2.99467325,-5.10985422,-2.15836215,-0.97068572,3.13690567,5.17293787,0.21395826,-0.200459,-3.21819043,-2.5483644,2.143332,-1.49264348,2.45877147,0.53285915,0.88787389,-1.17096567,-1.42677808,4.0547123,-4.99158335,1.44500327,-0.37771016,-1.87747228,-0.19663715,1.85601699,0.33515435,1.09287858,-4.63800144,3.25364804,0.2351988,1.23131585,-0.18057677,-1.93505287,-0.32753634,-0.03512117,-0.64958119,0.37810743,0.43785709,0.3831327,1.59628201,2.0016396,0.7841574,0.05727415,-1.25951719,-0.76725197,0.39117235,1.16830397,0.50948572,-0.53749299,-0.80753696,0.72645289,-0.383434,-0.8341229,-1.0134747,0.63440919,-1.13170195,b'3'
535,6.67888975,1.3322525,5.18788433,-0.99032474,-2.15605593,1.15826225,-7.71628761,4.88660526,-2.69701099,-3.0572989,-3.44891834,-3.78033328,-1.51696324,-5.76782942,0.51003504,1.08834457,0.19017375,-0.05868989,-4.9927597,1.21724391,2.14876938,-2.56770158,1.15351057,-1.35075748,-0.32819277,1.52897179,3.48735762,-0.89138365,0.97204208,1.30516589,0.22115076,0.69803858,-1.1139276,0.21403742,1.18602443,-2.05331063,-0.28293109,-1.79661512,1.15999937,-1.05446434,0.61751664,0.44744653,0.14076993,-1.72108829,1.27980113,-0.6555078,-2.18124843,1.25800359,-1.93009806,-0.55491459,-0.2895782,1.68551469,0.43844676,-1.57176185,-1.23775768,0.23353189,-0.49206972,-1.62778568,-0.89189255,0.17333305,1.13285196,0.60536057,0.53461933,0.9390282,b'3'
536,0.31791317,9.76570511,4.34454298,-1.94421601,0.16050327,-2.07230449,5.38903618,0.70504791,0.55636549,5.65211248,-1.5626049,3.098423,-6.08918095,1.08329892,4.7109313,-4.07122993,-2.50063443,-2.05497742,2.44419479,-1.16812778,-1.71744227,2.87521625,1.85898125,1.62556219,1.06665695,-0.24814194,3.82757902,-4.167696,-0.97515297,-0.77795917,-2.69864035,2.91393185,1.72817564,-2.53970718,-1.3275516,-1.71871793,1.46682382,-1.21995306,-0.93455422,2.98674703,-0.85937566,-0.18662585,1.56982076,0.40634078,0.61125344,0.11719775,0.10583685,-0.28343129,1.96053433,0.30679405,0.48560369,-3.03058338,1.74163353,0.0635314,1.16172087,-1.79188025,0.25379372,0.35812753,0.61284894,-0.02089381,-0.41993794,-1.03605103,0.08095747,-0.14719474,b'3'
537,1.20160544,3.36769056,8.25432968,-1.33082199,-0.27242231,2.62306356,-6.75638199,4.21120691,-2.36642647,-3.97543979,-4.82821369,-0.01580501,-0.72900343,-5.57405901,5.01924229,2.8960166,-0.94713205,-0.26496327,-5.55274963,1.02499819,0.38231313,-2.25463986,0.245092,0.3214438,-0.65669638,-1.08690786,5.60935688,-3.65677929,2.65841889,-1.11813676,-1.34450901,1.26876616,0.06403913,-0.84922546,0.41547871,0.27565324,-0.15072584,-2.26206446,3.03970551,0.51128852,0.02545381,-1.76879156,-1.04573894,-2.75038934,-0.89649022,-0.43951267,-0.75623393,-0.4620142,0.92420119,0.33213109,0.51084274,0.67849904,1.29772401,-2.80539465,0.19289392,0.49106252,-1.67181969,-0.42106998,0.72680217,0.42909622,1.19365144,-0.85813743,0.88142133,-0.59086537,b'3'
538,7.0171628,8.07146835,5.42655182,-1.71227455,1.58283627,-0.36532319,-4.22769547,5.01971292,-0.7356391,3.19577384,-4.28647232,2.31599188,-4.07588577,-2.4392252,3.73491597,0.81851554,-0.0508498,-1.00688553,0.93605411,-1.54849029,2.03484583,-0.89139873,-0.98723793,0.30150843,-0.59105128,-1.13257861,3.36369658,-2.62878823,-1.08222437,1.51203144,-1.52725565,-0.30800223,-1.09450507,1.16409767,1.65716648,-0.76077664,3.58738256,-1.79056621,-0.54013884,-1.72105014,-1.88788748,0.17560868,1.73707974,-0.17038947,-0.57240927,-1.75134087,0.45805484,-0.52137971,1.60199094,-0.28107157,-0.69620454,-2.24219823,0.42821741,1.79880798,1.8594842,0.06819654,-1.32148123,1.76107073,1.47957706,-1.23572552,0.99336892,0.8734284,0.05284554,-0.86984134,b'3'
539,4.27237558,2.03916502,4.38378239,-1.11640537,1.83755577,6.09567738,5.0347538,0.68819737,-9.12432098,6.17668819,-4.32293701,-0.21829152,2.16713548,0.01188595,5.93127298,0.17665482,0.81861448,1.35403824,-5.12562275,0.88843369,0.06349455,2.9174211,2.69490623,-0.51842737,1.42423141,-0.22512597,3.82287979,-3.53824997,2.43329763,-0.17467195,-1.74626505,-0.41953421,0.35013652,-2.52938294,0.65492266,0.08152312,2.65705323,2.13356853,2.4687376,-0.44329327,-0.76616925,0.77774042,-1.24268913,-0.07499594,0.36423326,-0.44271725,0.49489552,0.61848783,1.54518533,0.97499382,0.75123602,-0.9468677,0.98808289,-0.01630652,0.852238,0.82023478,0.81881976,0.93727499,1.8831718,-1.71724343,-1.741359,-0.8177368,-1.63141489,-1.76211035,b'3'
540,1.66344702,7.50419426,8.87044621,-7.13355637,2.63662624,3.91972494,3.37714458,0.76454127,0.15886259,4.48165131,-2.16207457,-0.24632621,-4.50822496,0.15715028,3.493747,2.08175993,1.58544183,-0.70174086,-3.01939011,3.42266989,-2.83091831,3.24958563,4.9597621,-3.99573088,-0.76089239,4.17112684,2.6583848,-2.01377487,3.06542015,0.91687286,-3.00223064,0.46164441,-0.80184996,-0.36710244,-1.70952153,-1.42367756,2.55664754,-0.67898172,0.36592007,-2.93914342,-0.60587841,1.49543107,-0.56388891,-1.99570644,0.57984716,-1.36754227,-1.1458528,1.28631759,0.60681838,-0.09367824,-0.26467085,0.54925656,-1.53600192,0.27733588,-1.06929183,1.27195787,-1.21229959,0.55609745,-0.16989177,-1.49071717,0.32533878,0.83311635,0.94519269,-1.40649581,b'3'
541,2.18384409,5.44836712,13.58571434,-3.05343342,4.47166872,-1.40143132,-3.97703218,0.5242579,5.47700644,-2.36921787,-3.52993107,-3.22589183,0.69451308,-0.96441716,6.5592041,2.84327888,-2.07827735,-2.73826981,0.71745908,-0.50116324,-1.95102143,0.65307641,1.3118192,0.81490564,-1.70021558,-0.19328874,2.45095444,-2.03701258,-0.75885868,1.38962924,-3.63872242,-2.36838222,0.40379679,-1.24452233,1.20653594,-3.3300848,-0.08028841,-1.59595847,2.27240229,-1.17476213,-1.72933674,0.63470185,0.15395139,-2.45002341,1.40621018,2.01178122,-0.6583457,-0.46306992,1.11478305,2.32317877,-0.68786985,0.03220016,-0.54238582,-0.02304578,1.36690485,0.7713933,0.35153174,-2.24534702,1.01440144,0.32583439,1.16736865,-0.51483321,0.3346827,0.95348418,b'3'
542,3.76216888,-7.26112604,6.8051281,1.84738708,-4.91899586,2.49888754,1.03474307,0.10680568,-5.54029036,-0.0302012,-4.9652071,-0.61586118,4.5478878,2.37129474,2.48464584,0.68572283,-3.59923363,3.30832028,-5.83979988,2.314641,0.51093012,1.57986736,-2.11596489,2.26657486,-2.6846838,0.45776683,2.74137259,-5.75473213,-3.32889271,2.31016111,-4.15083838,-0.6325562,-0.16628298,-0.4568004,1.03249586,-1.27392232,2.17591786,-0.08223671,-0.39580905,0.70965457,-0.75284398,1.31592286,1.92941856,-1.67019701,-0.39525139,-0.17232251,0.54254204,1.16136825,2.14129519,-0.11009961,-0.15402476,-1.332587,0.62258029,-0.07252681,1.73127317,0.81822705,0.19810629,0.0220007,1.0783565,-1.84383225,0.69927114,-0.18677922,0.15746611,-0.57704163,b'3'
543,7.18782473,0.74006557,11.90846348,-1.22420239,-0.34220088,0.71416992,-2.66210651,3.18945026,-2.22291183,-1.66141105,-3.79704952,-1.18165994,-1.63498664,-6.45767498,0.75994658,0.71300709,0.71013427,-0.71355295,-3.3603282,0.94788599,4.12920666,0.72687513,3.54300356,-1.79646921,-0.85777622,1.10369492,3.34444714,-2.86564589,0.72045183,1.47066128,-3.98714876,0.0225122,0.46414304,0.68629181,0.71491134,-3.68923593,1.05771947,1.73686862,1.5303154,-1.41518211,-0.38828254,0.33324581,1.43676078,-1.95428193,0.68471909,0.30140609,-2.21095252,0.14161992,-0.59106719,0.88673365,-0.89194524,0.80304378,-0.31280136,0.88518304,0.2052114,0.05788922,-1.1860218,-1.30220807,-1.0118767,-1.1658448,0.7841686,0.62205118,0.79809797,-0.15226963,b'3'
544,4.66878271,-2.84865499,10.2241888,-7.63398314,1.2450906,1.8662858,-4.00997877,3.84715962,-2.00755692,-3.28172636,-2.67009878,-1.70963645,-2.956954,-2.35233068,1.44871378,-0.34589267,-2.28088164,-0.02161944,-7.45898533,1.46680212,0.69844538,-0.79498273,2.70899701,-2.77973247,-1.39277685,3.44768453,4.28774929,-1.46682942,0.91015863,0.68911707,-0.27830112,2.26699686,0.12276627,-0.071513,1.11526227,-1.39555967,-1.22375798,-2.02053356,2.0681839,-2.00390625,-0.27635866,1.00186718,0.18336049,-2.42165232,0.51779926,0.51782942,-0.67149991,-0.68152881,-2.41256189,-0.49448964,-0.49461412,0.80069774,0.29431462,0.12945104,-1.63939309,-0.26331025,-1.22361088,0.07008177,-0.38819158,-0.38497394,0.80330199,1.77358031,-0.1100021,-0.36829665,b'3'
545,2.7249136,3.39749241,1.44633722,1.23580801,0.72552049,-2.36253953,-7.24628448,3.11916876,8.45022011,-2.65348864,-3.3835578,-6.58440781,0.45038384,-5.53596735,1.90756989,3.66324282,-5.65882206,0.50631738,5.28910065,3.55633736,-0.6192522,-1.71079898,-1.1645633,0.98542833,-3.2014308,-0.3450259,0.33955902,-2.72577429,0.89223242,0.07264543,-0.74517953,-1.74804223,0.4025259,0.0413177,4.89274073,-1.84347141,-0.23567533,-2.57283068,2.19728374,0.62719321,-0.68739474,-0.86393446,2.73918796,1.11039186,0.37034369,-0.42622066,0.02754161,-2.46372151,-1.54598308,-0.00609535,0.21766941,-0.89332104,0.0571804,-0.47925949,0.50230026,-1.0280298,1.14344418,1.10268867,-0.58631748,0.44059277,0.89520961,0.05272633,0.57079113,0.77466369,b'3'
546,4.77736282,9.8781414,5.90851593,1.44838262,-2.19225073,1.93993449,5.15365458,1.81647372,-5.22750902,5.60199165,-3.57506895,-1.27715993,-2.4505825,-1.08243191,4.52820444,0.6851275,0.41049814,-0.89382869,-2.19319558,-1.72902083,0.20292601,3.83491421,0.88720465,-0.56067419,0.44694006,-1.63408101,2.04922295,-2.76574755,-0.86641359,-0.23679239,-3.27984428,-2.42605305,-2.87006545,-1.91489959,-0.05922186,-1.66884315,1.8431828,1.51449692,-0.75857723,-0.08524403,0.89013338,-0.35009265,-0.93080491,-0.75954765,0.27240521,0.93644655,1.01179934,-0.1414032,1.71260262,1.76224744,0.13388132,-0.44333339,-0.6802876,-0.22593033,0.79682463,0.23707908,-0.07365251,0.93821245,-0.78255844,-0.78913724,0.1487567,-1.83728075,0.66482639,-0.18314713,b'3'
547,5.5952034,5.49337769,9.91017437,-1.66076934,2.90816593,1.2127341,-0.26239395,2.02342081,-1.09770393,1.82583427,-5.65025711,-3.1236999,-2.43962359,1.35905778,1.29802632,-1.67778802,-3.07444572,-2.41960359,-1.81960416,-0.48095238,1.3336184,3.60413694,0.61393988,-0.61607027,0.07589334,0.30733877,5.45232773,-4.51858234,-1.38000011,0.86111498,-1.38762701,-2.02750969,1.96149266,-1.67069101,1.66649842,-1.70980251,2.33317351,-1.67475963,-0.36022174,-0.08240035,-1.22089386,-0.81449801,0.24134997,-0.73375994,0.3966459,0.23193127,0.52541047,0.10270238,0.91494149,-0.38304016,1.68813407,-1.4133451,-0.07919955,0.46276051,-0.45902938,-0.51837397,-1.07871175,0.12489104,0.25855213,-1.54557991,0.96920317,-1.4004674,-0.02970082,-0.11209942,b'3'
548,3.36736727,-2.10728312,10.44600201,-5.2767334,1.58130705,0.73108536,-3.83619595,3.65759468,-0.53561783,-3.24926639,-6.45591927,-2.24143052,-2.51089716,-4.82618999,1.29523897,-0.48977017,-2.10225582,-2.13013363,-4.54366684,2.30796766,0.55512172,-1.51327562,1.57526517,-0.36875844,-0.63634455,3.17160535,4.09141016,-1.41102958,1.2781086,-1.96402955,-2.577106,2.06676483,0.48088557,-0.86840302,1.07424676,-0.71461308,0.51404953,-1.65824723,1.68802881,-0.78209698,-0.75711948,-0.15272875,0.4671815,-2.37976217,-2.22419691,-1.01040101,-1.68532932,-1.18397069,-2.27681136,-0.43346688,-0.43592805,1.3351686,0.24524045,0.1602757,-0.22302049,-0.87904716,0.63264298,-0.26960206,0.73952633,-0.43980408,0.6649946,-0.24562716,1.0058403,-0.75221699,b'3'
549,-0.8486951,9.34687138,4.29421997,-6.58798695,1.06229341,-1.9305582,1.87301171,0.5567109,-4.44036341,2.8389616,-1.2728982,2.09923339,-6.28101778,-2.44645333,4.22943544,1.02820504,0.85761738,-1.5962441,-2.96657205,1.84512091,0.0881979,3.77019334,3.47558165,-4.78957224,0.28725284,0.77284151,3.55683899,-2.80102301,0.95954776,0.51514101,-2.49711084,2.29751587,-1.92599404,-1.61722898,0.55533314,-1.10898507,1.08200598,-1.3474462,0.51633799,-0.39016488,1.38687634,-1.8727771,-3.28647828,-1.18085277,0.79586697,1.62231994,-1.57966495,-0.89971542,0.51711947,-0.13210785,-1.10485673,0.7333039,0.31617284,0.49473494,-1.77030849,0.78130162,-1.75573874,0.10075386,-0.98795432,0.01079059,-0.96260786,0.63383597,-2.0261035,-0.52179074,b'3'
550,-0.04474914,-1.1822331,3.22999358,-3.38916516,-0.77405393,4.59876728,-6.64501953,4.26156712,-5.93103266,0.24432653,-3.3865633,1.2064271,-1.19495106,-2.22829604,5.12433958,3.27237701,-0.55550957,2.20951438,-7.28204632,2.46607685,-0.42091584,1.05888247,-1.60880482,-1.51230431,0.722543,2.11647058,6.21249294,-2.00546789,2.53166151,1.9532603,-1.13656271,2.09607744,-1.52309692,-0.50945216,-1.43850255,0.89808977,-2.33085442,-1.28825712,2.73705101,-2.14852214,1.95145392,-1.24347579,-1.69367731,-0.7979002,-1.00432408,-2.1141119,-0.39153743,-0.68856144,-0.75517839,-0.81768429,-0.41278857,2.50592756,1.88850617,-1.92248058,0.40668744,1.47966766,-3.38544607,-0.22979991,-0.67517471,0.11357832,-0.59068179,-0.17290153,-0.06455004,0.33455867,b'3'
551,2.53772545,0.40583467,6.9626112,1.67550039,-2.45624495,0.66784841,-3.06793976,7.16976643,3.03694391,-6.67841148,-6.20976734,-5.59038734,-1.77782154,-5.37263298,2.85524678,-0.41858482,-1.86930037,0.99665141,-3.21747613,0.80521083,1.08395028,-2.88237977,0.37783512,-2.13960624,-4.79567957,-0.47306603,3.94806433,-2.41042662,2.27054882,0.47725856,0.56261611,1.78105783,-1.43499672,-0.66286618,1.9113692,-1.79652965,-0.3993268,-2.28482318,1.50581872,-2.95425057,0.23292994,0.94112831,-2.41474319,-0.59454912,1.10246563,-0.91882527,-1.53832877,-0.83931756,-1.08713627,1.66578639,-2.55984139,-0.03450489,-1.32621169,-0.83787942,-0.22602886,2.61390781,-0.44025135,-0.57882649,0.49161774,1.14775288,0.14096467,1.26851463,-0.89266938,1.09772515,b'3'
552,4.80133009,-2.06698608,5.28256178,2.3897903,-4.86611271,1.3753289,-3.80749607,6.68432999,-1.2925086,-7.41287756,-3.77813244,-3.03174424,-2.26300716,-6.08395672,1.20759678,3.03584766,-2.67617369,2.18027258,-5.15236378,1.71963978,2.58010626,-0.96469778,1.86420774,-0.85082245,-4.07408285,0.44480717,3.27561045,-1.54015338,2.03949428,1.6293577,-1.04780066,3.33492517,-0.89750957,-0.7390365,-0.46469164,-1.80418313,0.79396057,-0.18737108,1.35647333,-0.57840878,1.04864931,0.51555902,-0.45246303,-0.19421466,1.139696,-0.7775389,-2.14612103,-0.35058498,-0.17878236,0.88657165,-1.3803885,1.51579142,-0.16066766,0.16593039,0.54912567,1.56923914,-0.27774596,-0.88232565,-0.89578044,0.44479835,1.27793741,-0.60338825,-0.6719498,0.02835308,b'3'
553,7.49839258,3.3810792,11.18930626,-0.25124478,-1.75522161,1.9457705,-2.84739208,4.5454092,0.22761583,-3.57952476,-4.66176987,-3.42512441,-1.20266581,-3.82678485,2.99083185,2.19377375,-0.26316154,-1.82966352,-0.63465369,-0.44613361,3.50274968,0.59384036,1.49313319,-2.02626872,-2.49517298,0.21021461,3.99825621,-1.73390412,0.37117577,2.16474724,-3.73246527,0.10293818,-0.27464747,0.08116502,0.83667618,-2.43327022,0.08315778,0.78185111,1.50891554,-2.52193069,0.6025393,0.87175822,-2.17393351,-3.05147529,0.51952797,1.03914416,-1.83128226,0.48595905,-0.07076883,-0.31803182,-0.41065681,0.10376388,-0.85411906,-1.07439971,0.14456755,1.03514957,-0.40815663,-0.36510444,-0.05786872,-1.92053199,-0.18508741,1.20907235,1.34766686,0.29973736,b'3'
554,2.238801,1.00731325,4.78762484,-4.47317934,1.23805606,4.38389874,-4.93388557,3.94121814,-5.4922452,-3.01746821,-6.84994316,0.26989746,0.13362122,-3.67217398,3.80481052,1.27394903,-1.77714443,-0.75914896,-2.36167598,3.09438038,2.19858575,2.70303464,-2.36136079,-3.00577831,2.69366026,-1.74181771,4.13556671,-3.376261,1.37572217,-0.96356249,-0.31448519,2.23062038,-2.38621235,-2.18330503,0.77005219,2.14307308,-0.69518733,-2.25331473,0.3802315,-0.60579813,1.10699964,-2.61232781,-3.91117096,-1.74379003,-1.42056358,-1.13352656,-0.90411186,0.67622292,-0.50762224,-0.05604899,-0.93654799,0.73467577,0.55230319,-1.98176098,-0.50997466,0.92854953,-0.79874086,0.77697134,-0.78236121,-0.45379144,0.37466639,1.3893342,1.13383472,1.56530976,b'3'
555,5.35533857,-0.03647399,5.42698526,0.73798585,0.37076557,2.65296507,1.55761528,2.93413544,-6.49285841,2.66214371,-4.7887373,-2.6520164,3.51143503,-3.42906356,1.71156263,-0.92574811,2.46780419,0.6305511,-5.16548252,1.68902421,3.8353672,1.0903089,1.54533684,0.92640424,1.45948279,-3.00106716,4.75993729,-5.11905527,1.35221291,1.16179645,-3.30181932,-1.27119911,0.39279974,-0.89838141,0.95203745,-2.18612528,1.77920222,1.89244962,1.55809677,-0.68459618,-1.57693672,0.78519273,-0.11992756,-4.23522854,-0.51952767,-0.18274069,0.15105683,1.64770126,1.67294359,0.56468558,0.82179922,-1.21131134,1.1308732,0.18579555,0.47070038,-0.77471048,-1.73704958,1.59820819,1.44921255,-0.93728054,0.89865297,0.31885248,0.32183278,-0.82043648,b'3'
556,1.4072336,9.77770138,6.60076237,-3.08871722,1.07463586,-1.11290431,-1.56812048,2.4961462,-1.36484194,4.29562187,-5.1179285,2.59729171,-4.72721863,-1.82099509,5.15360641,-1.24476862,0.85146189,-3.14453173,-1.57736802,-0.15179777,-0.17288743,0.35127342,2.63206387,-2.30458403,-0.40856129,0.59368187,4.00126505,-5.09530449,0.44508219,1.66555321,-3.09340286,-1.06124604,-0.0377951,-2.19189954,1.65703976,-0.48315951,3.44783044,-1.07318354,1.14010406,0.88686621,-0.06139445,-0.54860127,-0.33446378,-0.09356225,0.35143346,1.95454049,-0.62976766,0.18400764,-0.71199322,-1.63880515,-1.30118144,-0.61508512,-0.92504811,-0.33924687,1.94892645,0.05808938,-1.17013383,1.98706412,-0.84841943,-1.29282236,-0.15830654,-0.87472534,-0.20630294,-1.76325834,b'3'
557,5.57277727,-0.28734255,8.76565456,1.57798874,-4.0844183,3.85381317,-4.8993845,3.26662135,2.12091732,-3.5449934,-5.56274986,-5.30368805,-1.61780643,-4.67582035,0.91355109,3.67212152,-1.47844875,-0.68258071,-2.04840755,2.5589385,1.52618051,-0.86095816,0.22173697,1.61693096,-2.40376854,2.37355876,3.17772198,0.64488792,2.58968973,2.34013557,-2.23599958,1.87054157,-0.49913257,-0.1726622,-1.5003767,-2.13840008,-1.58709192,-0.53579968,2.29213643,-1.25299406,-2.29466701,0.35396308,-1.61187828,-1.70822489,0.87577891,-0.51904178,-1.4509964,-0.82225585,-1.84937978,-0.77514982,-0.73264378,3.10399556,0.10846281,-0.62525773,-0.97125155,0.73541558,-0.21430421,-1.80828464,-0.45501286,-0.31062984,-0.08458628,0.05518064,0.66917372,0.35130695,b'3'
558,0.69712627,0.01091766,7.0635438,0.17279509,-4.00126791,2.7624464,-4.86726665,3.62972188,-3.11122656,-0.87804312,0.79840279,3.02575397,2.71440887,-1.17555034,1.80621839,0.87399495,2.79167628,2.68315411,-11.69569683,0.36331153,-0.92674339,-2.68593836,1.31191921,-1.75933874,-2.20333076,2.00251508,6.55636311,-1.92870641,0.96672916,3.01592922,-3.90028667,1.02372169,-0.37441391,3.01471162,-1.92239213,-0.86455238,0.59750533,1.44950104,1.71508873,-4.23997974,-0.50796086,0.64528781,-0.97626066,-0.35846877,-0.27167547,-0.54112965,-0.39985871,0.96038747,0.36605084,0.39547145,0.08518951,-0.07184601,-0.90492988,-0.16633773,0.00548458,0.9674561,-0.78502512,-2.51712918,-0.12873515,-0.3278392,-1.13548231,0.99653405,0.39465034,-1.13098311,b'3'
559,-2.68544769,11.32142639,2.64460492,-2.97507,-0.47426558,-6.26814938,2.52741385,3.15189815,3.64938259,1.67109942,-1.95024204,3.8293488,-1.50252867,1.9836669,5.23886776,-1.69864082,-1.02122879,-1.89453721,0.21263599,-0.02690554,-5.37447834,2.070117,-0.48743924,3.27460861,-1.4730432,-0.39846385,2.01337051,-3.05509472,-4.20974874,0.91603017,-4.69778204,-0.62606406,1.50385392,-2.08373499,-1.93212342,-1.2981714,1.73798394,-0.26420957,0.30570018,-0.31510964,0.04043365,0.39671475,1.2217859,-2.76612258,0.12692404,0.12568057,-0.40969765,0.12268257,2.81098056,-0.56153059,-1.062994,-0.72276378,0.13195133,1.53471541,2.09486842,0.89635599,-0.04390955,-0.37939203,1.98231697,-0.62227935,0.79891175,0.09974086,1.53840125,-0.7930243,b'3'
560,5.76903391,0.87516022,10.43731308,-6.10086727,1.20551145,0.66480428,-3.58120251,5.95377541,1.12900734,-4.05704689,-5.97518444,-1.80952334,-1.56033564,-2.16803741,1.79518652,-2.40060997,-0.93542916,-2.27672672,-3.43100929,-0.86031139,1.45038307,-2.75962067,0.74683809,-0.90457189,-1.21130574,-0.3831467,3.36421299,-1.59143257,1.08137321,1.10197079,-2.25491524,-0.40701962,0.19961222,-0.51403278,2.86695147,-3.18270898,1.1377213,-1.82495046,-0.33748424,-2.76955009,-0.71286118,0.89877868,-0.13451186,-1.39558697,-0.26339829,-1.23061097,-0.71332705,1.75205457,-2.16068363,0.7949059,-1.9154222,0.6515885,-1.07433915,-0.83645964,-1.06194067,0.13097948,-1.7213273,-1.19191504,0.60275179,0.51421213,-1.63084757,2.225914,0.45623851,0.34965447,b'3'
561,2.52962828,1.38364172,7.72201586,-0.07166559,-0.59717238,-2.88998342,-2.6605258,4.56388569,6.64995527,-7.17782784,-3.35530806,-3.57953715,-0.16014493,-3.82691383,2.29518199,-3.05531216,-2.35860538,-0.25867426,5.08101368,1.06742716,2.22619963,-1.5082736,-0.70949364,-0.38297105,-3.90576601,-2.29623103,2.23212481,-3.51660657,2.21752787,1.90923035,0.34196341,2.91571093,1.59440184,0.69787681,2.42570114,-0.36967936,0.81416345,-2.62152219,0.31112218,-2.09533548,0.92331982,-0.77512991,-1.11364603,1.92215264,3.28005123,-2.39256406,-1.62038565,-3.65781236,-1.46006179,-0.51236051,0.11999622,0.00452048,-1.4661572,1.05125344,2.67226887,0.71698606,0.82678723,-1.37326109,-0.34242284,1.73079336,0.13765548,-0.62612116,0.59255171,1.86813617,b'3'
562,5.95940924,-0.7287209,8.41144848,-0.90481281,-1.07570076,2.34667206,0.94787192,5.55975246,-5.89241648,0.96274078,-4.75623035,-2.83297992,1.89101422,-2.97984743,1.46616268,-0.66171312,2.71409965,3.01320434,-4.06133842,-0.67022097,0.99876451,-0.78126234,2.81759977,-0.28965449,0.16455019,-0.85295242,3.75759792,-4.85182571,-0.09244967,2.22538424,-2.69781733,-3.11180186,0.29643404,-2.50159192,0.56593311,-2.9616611,0.33711076,0.82410836,2.34799862,-2.76092577,-0.59090662,1.34383166,0.4360078,-1.81958032,0.71987939,0.97764862,0.84074312,1.30508649,1.49489045,1.44346511,0.62514275,-0.36931485,0.54108572,0.75291789,0.04084378,1.03929973,-0.80232835,0.0624236,1.99796128,-1.15510035,-0.76652133,0.29647058,2.18809032,-1.05617893,b'3'
563,5.36764097,1.70864439,7.29342604,0.3085281,-1.33871412,3.69948483,-3.35727596,5.58448696,0.10566139,-1.61475933,-7.65806389,-4.14954853,-1.4350071,-5.46359348,1.04303145,-0.65685344,-1.09013307,-1.44856739,-0.31795573,2.30086184,0.64375889,-1.59315491,-1.26486075,-0.78027582,-0.41121927,0.27631792,2.88756371,-2.83058429,-0.0378685,2.86872244,-2.31143045,0.86194491,-1.11762559,0.21927208,0.49900296,-0.01907471,-1.38160205,-2.17858648,2.97428894,-2.47423458,0.2398293,-0.22550337,-0.01856848,-3.65879369,-1.2755636,1.25983477,-1.8895117,0.03602171,-0.3454752,-1.15628016,-0.34268665,1.43328202,0.22399306,-0.77178383,0.84871042,2.03880191,-1.05742025,-0.66012734,-1.20194626,-0.25718766,2.02414703,0.98070294,0.60991633,-0.43823561,b'3'
564,2.52771282,2.63329077,10.49050808,-4.09478474,1.22543633,0.553123,-7.01625061,1.93633771,3.21313882,-2.83059788,-3.21061039,-5.73813152,-3.36232185,-1.61936092,4.61074495,-2.41653633,0.02625251,-2.43546367,-1.42030454,-0.6003077,-1.54728985,-3.33848858,1.14346647,0.81648374,-1.09285796,0.12338075,2.8027668,-3.18998027,-0.09690475,0.78212476,-0.78207433,-1.05760407,2.05953503,-0.51988393,2.98295379,-2.24582171,-0.52457464,-0.47657961,2.30465984,-0.80999458,-0.41778463,1.35019791,1.51185024,-0.45822006,0.40370888,-0.03984705,-1.21332681,-1.8763988,-0.23615892,-0.35025591,-1.23052394,-0.62309253,-0.18622994,-0.59907115,-0.16118807,0.48604834,-0.72812438,-0.12931354,0.85689265,-0.569408,0.69314462,-0.67168009,0.42643905,-1.2798599,b'3'
565,4.30394459,8.70773411,10.75214386,-0.25546938,2.4001689,-2.68354869,2.80261159,1.70206261,0.64645624,3.79037762,-6.0876379,0.9357686,-3.66598129,-0.32759944,2.5086844,0.75809264,0.88693261,-3.06966162,-1.2530551,-1.81917179,-0.43830764,1.05501461,0.54660296,-0.39950633,-0.926202,0.18261138,3.1388092,-3.9558897,-0.34974003,1.95547354,-2.65629053,-1.30443251,-1.67669463,0.33246928,-0.56787658,-2.90986729,2.18861794,-2.74893618,-1.32799304,-0.94512069,-0.63912857,1.00438356,0.61959577,0.79787087,-0.00545382,1.01290083,-0.22383739,1.50049305,0.23192254,0.86084175,-1.15181994,-0.2717995,-1.12205076,0.24002802,0.94216734,1.11430669,-1.04286385,-1.28238797,0.4994387,-0.2712965,1.79016757,-2.08943415,-0.75658774,-0.74621761,b'3'
566,7.63582563,3.10131788,7.31165123,-0.71044624,0.19951105,3.88707495,-5.09446812,2.50095344,-4.01016474,-0.67903978,-5.43291187,-1.30363774,-2.11571503,-1.7202847,4.12471724,0.93330526,-4.51606178,-3.88509107,-0.69634897,-0.39753234,0.63601279,0.36126572,-0.83624423,0.79856396,1.20437396,-1.46383274,1.26697528,-4.80051804,-1.45699692,0.10747695,0.23580956,2.41185999,-0.60815692,-0.73140758,0.03692365,-0.12136838,-0.24860001,1.01018631,-0.18666077,3.03612995,0.45952606,0.22990367,-0.35862136,-1.21672654,0.63260621,-1.03588307,-1.88649523,1.67515326,2.89318919,0.13903171,-1.20701849,-1.27763987,0.53192949,-0.39899886,1.43526852,0.89991558,1.04946208,1.74059331,0.16513383,0.47363591,-1.07024217,0.85975689,0.66214573,1.63345945,b'3'
567,1.14112628,11.46113777,7.15446186,-1.93886757,0.48905849,-1.82578778,1.07720304,1.14848089,-1.92408419,3.32528138,-3.77813578,0.81128097,-6.37458038,-2.71644187,5.23276234,0.89027011,0.60744095,-4.20947647,-1.89355016,-1.1823585,-1.61449683,0.87954611,1.79748142,-0.85472918,-0.9504962,-0.27497846,3.63292265,-2.33613062,-0.72801208,0.30022514,-2.81066275,0.87245107,-0.09523331,-1.62242961,0.97077847,-1.06471384,1.83692765,-1.3602829,0.33364141,-0.75615156,0.16232228,-1.75240779,-0.32376111,-0.00313082,0.16275978,1.20299983,-0.82641315,-0.40940332,1.28225493,-0.64445585,-1.92014098,0.47171134,-2.10793614,-0.71600461,0.00996888,1.68972707,-0.62243652,0.91928834,-1.09610355,1.28368723,-0.15220968,-0.11028737,0.35120237,-2.37334371,b'3'
568,1.95036304,2.89050293,14.76992893,-2.14828277,4.00429058,-2.0890615,-2.01409578,-1.54100084,6.28004408,-3.45398068,-4.09606647,-4.24830532,1.08062804,-1.50934064,4.70925426,-1.62368751,-0.29485989,-2.99434233,0.78715301,0.8204391,0.14024203,-2.00190973,1.32988405,1.97178316,-1.69069481,-1.32130015,2.13856125,-3.36532927,1.21687293,3.25118065,-1.03727996,-0.8706696,1.35235584,-0.78344542,1.07322776,-1.54510796,0.59851742,-0.14661366,0.11250544,-1.17586803,-1.62283623,0.25082445,-0.21151607,-0.71381247,1.72338808,-2.07941771,-1.15420258,-1.55646873,0.11783919,-0.72817242,-0.11351459,-0.43271387,-0.15905547,0.87970114,0.98244286,0.78491008,1.30392981,-0.43015599,0.70399517,0.26388144,0.98898715,-0.5227387,0.22938561,0.72603142,b'3'
569,1.78043163,10.12259483,0.36676991,-2.30836749,-2.45478773,-6.11303139,3.42958689,-0.14956546,0.20934391,4.3310771,1.38403618,3.83101082,-6.85176182,1.26726878,3.6521163,-3.14356804,-2.40241146,0.89476955,2.4582715,-0.99840796,1.34615588,0.21375138,1.08462524,2.77762747,-0.22922736,-2.22622037,4.05545282,-3.73646951,-2.43999243,1.74984896,-2.14701319,1.37767506,2.23249888,-1.45392704,-1.38617563,-0.69723833,-0.11841488,0.18242556,-1.66924775,2.24504256,-2.75326347,-0.67999446,1.05277681,-0.25791055,0.03312004,-0.50368869,0.30314967,0.89474952,3.70157242,-1.86989844,0.16937105,-1.90235615,1.79030848,1.0849576,1.47314179,-0.08323896,1.52496481,0.60577542,0.36758006,0.32708657,0.1405019,-1.2857424,-0.1669265,-1.16780388,b'3'
570,5.59460878,-5.69210815,9.61180687,-2.75500298,-3.19850016,4.96155739,-1.5464983,3.21063113,-4.47270632,-2.67854142,-4.7729311,-0.06241441,-0.16569781,-0.03505825,4.03121614,3.7522521,-3.4680655,-0.74968141,-6.44586563,-0.47582769,1.32814682,1.60205293,0.291641,-1.56940007,-1.6261338,2.45105958,5.15511513,-1.70862222,0.33920002,0.84579146,-4.54015112,3.5287919,-0.38322246,-0.02493256,-1.35749841,-2.75649714,1.28444719,-0.2863602,1.53088629,-0.56638014,0.07880294,-0.6688211,-0.03917874,-2.4323318,-1.09254062,-0.52028888,1.1893183,-0.32055283,-0.37383103,0.33428144,-0.57947892,-0.34287375,-2.66676593,-0.41978991,0.03687316,0.91946471,-0.44716096,-0.12520386,-0.53506702,-0.47973913,-0.3690455,-0.76000845,-0.33658531,-0.16758031,b'3'
571,1.4152478,2.79913902,11.58264637,-3.40796161,1.59205782,0.82822806,-6.28807449,1.52436256,1.68376899,-3.71520185,-4.13742399,-3.46226287,-1.49181652,-1.95092905,5.88119984,0.91407359,0.5001967,-3.12367201,-1.66015458,0.78656077,0.17923383,-1.20744348,0.51130104,-0.60205483,-0.6144222,-3.01341462,5.31724596,-3.66802406,1.36448789,-0.92237878,-1.76925504,1.16627431,1.63081574,-0.42008787,1.03398681,-2.41432071,1.18005252,-2.23939252,3.1004467,0.57483959,-1.67133427,-0.92144376,-0.45700723,-1.47258878,0.54197145,-0.22166598,-0.80531108,-0.92256379,-0.22613592,1.53704393,-1.96101165,-0.42418945,0.65081167,-0.41004503,1.22418058,0.12153733,-1.19349241,-0.81806386,1.84254026,1.34321439,-0.30030984,-1.93764663,1.19872701,-0.06996619,b'3'
572,0.68718207,9.19697571,5.04533243,-6.17871618,1.90424907,0.36952895,1.85020828,3.2367866,-3.25163126,4.02412128,-2.83250427,1.61676669,-6.32339811,-1.24509346,4.31458426,0.09471607,2.37521434,-0.47194183,-2.48283434,-0.0128777,0.01530628,4.17525959,3.61895037,-2.23305321,1.2291677,2.10312533,3.38365555,-1.78327584,1.61031461,1.69667947,-3.67500019,0.73833418,-3.15795517,-1.75483823,0.28026819,-1.39737487,1.96109653,-0.79968387,-0.95441401,-0.16138548,-0.32256991,0.42487478,-1.06371403,0.41491097,0.02099383,0.23218375,-1.51016212,-0.01752758,1.41001582,-0.1749717,-1.00595236,-0.54611945,-0.4386642,1.15539527,-0.49206394,-0.31424084,0.53684258,1.30383766,-0.08549762,-0.80809355,0.78332347,0.13421559,0.99875319,-2.20339203,b'3'
573,7.82141733,-2.24322319,3.05947733,0.61803794,-0.91122323,5.69567108,-5.19102383,1.22346509,12.96097946,-2.58736777,0.47598338,-1.04259038,1.35513031,-3.47961545,1.34628224,7.74150419,0.41332889,0.27493739,0.55342317,-1.43488681,-3.40688944,-3.08726168,-2.68422818,4.30031776,-2.38467407,0.96734852,-1.26014316,3.59816313,1.06252289,-4.09542322,-1.30784738,2.84093618,0.03689836,1.28972828,1.39738727,-3.23176622,-2.45594239,-2.36714268,0.95970243,0.07930934,-0.05021322,-0.39245218,0.70707107,4.49332857,1.42021811,0.10040265,0.96111536,-1.53941607,-0.92662734,2.5591898,-3.02233529,2.98196864,-1.26280999,0.49590236,0.38916737,-0.20301759,0.30915403,-0.05214727,-0.90495658,-0.03999722,1.10246491,-1.84383726,-0.2511242,0.29270706,b'3'
574,1.03584278,2.07298088,10.65121555,-1.2683351,2.43753195,0.72268468,-4.50421524,2.8702302,0.97957993,-3.60491323,-6.08366776,-4.22814655,-4.26240158,-2.93089294,6.49072647,-0.04868412,0.92360711,-1.21001744,-2.61243176,0.53342509,-0.86243927,-1.9584837,1.08255184,0.09634137,0.32053453,-0.78378606,4.70254278,-3.36947942,0.32793713,1.42167604,-0.87803614,1.4078784,1.7459991,-1.49612236,0.2979601,-0.93606484,0.04284954,-3.13866305,0.82956278,-2.43507457,0.06464672,-0.00877067,-0.88934362,-0.25256765,0.2454052,-0.86306292,-1.12727833,0.4016459,-1.80452919,1.00943935,-1.78683805,1.80505753,0.51975584,0.19178796,0.51068556,1.53258157,-0.06112218,-0.59876513,0.89060098,1.35850656,-1.13591349,-1.43093944,0.37707806,1.71758485,b'3'
575,6.17746401,8.07955265,8.383955,-0.47939748,3.5580101,0.75770861,0.17395806,3.90729856,1.02814102,1.34530163,-6.92463589,-1.11189246,0.71929324,0.96906555,2.76220036,0.68735242,-4.81828785,-4.45559645,0.08856246,-1.67652011,0.64370859,3.43273664,-0.87004864,0.31092978,-0.78706384,0.27023268,3.72717094,-3.52718878,-0.81061697,-1.03814602,-3.55006599,-0.4215467,-0.11864123,-1.47313666,0.98687238,-2.21291661,3.20463681,-0.02577561,0.59632063,0.23221529,-0.3596859,-3.056e-05,0.27173507,-3.26530862,-0.45710146,0.46741217,0.74342233,0.89474189,1.97636247,0.36708534,0.64573258,-1.72066879,0.40979934,-0.41812325,1.05319166,-1.23927891,-1.3774929,1.11949337,0.18204904,-1.26805627,-0.5147413,0.27643436,0.51753128,-0.08845968,b'3'
576,2.8059597,4.4657836,9.96796703,-0.88486028,-0.68583453,3.55316114,-1.79802275,1.02731717,-4.15241289,1.8398819,-5.36555481,-1.15774894,-2.53286815,-2.34878993,-0.35901785,-3.90385151,0.62480545,-1.91584611,-1.95343041,-0.61553836,1.32373977,2.72644377,1.05208552,-2.16858482,2.57019997,-3.33751345,3.98650265,-5.36070728,-0.21296072,-3.34327459,0.95350027,1.54321337,0.92492473,0.19687188,1.38673782,-0.74579608,0.46498823,0.19420618,0.15672696,0.24092036,1.76414466,-2.57118249,0.3350904,1.74713683,-0.59181476,-0.13326375,-1.51381409,-0.71035218,3.03344154,1.50205719,0.47258365,-0.43240774,0.9118309,0.64842403,0.4816556,0.60736597,-1.42416477,0.84482861,-1.11006641,0.79253268,-0.34494823,-0.32575011,-0.96101874,-0.63419712,b'3'
577,5.20707273,-2.38200736,10.39596462,-6.43685293,-0.15425497,2.16243935,-3.28171873,5.12629318,-1.02030516,-5.54783773,-4.22664118,-2.05889916,-1.6044631,-2.36673212,4.5604887,1.6623044,-4.5815258,-2.79254246,-4.95191574,-0.56073022,0.02475989,-1.33123827,-0.01602295,-0.69452238,-1.64369702,0.65450495,4.79688931,-2.37055254,1.25882006,-1.86290133,-2.66382074,1.41361713,0.80367231,-1.25875831,2.22332191,-2.91851163,1.67469335,0.38238609,2.57063246,-1.33823299,-0.25278252,0.33206737,-1.21025074,-2.01156306,0.70770645,-0.55382401,-1.46142137,-0.46835876,-1.9965117,-0.54950953,-1.2595582,0.36903247,-2.06386256,-1.06026602,-0.20664185,0.46655083,-1.41445923,0.51167959,0.6179474,-1.80660594,-1.37598372,1.30681586,0.90675747,-0.26165876,b'3'
578,3.70676231,-7.14020443,5.72676086,0.43415627,-0.00816035,6.00861835,-2.26531744,-0.69475496,-9.55745697,-0.41526565,-4.7198205,2.37927151,2.25839281,0.3709653,3.65395641,1.67689252,-2.61278462,0.63763499,-4.96525192,-0.14357638,0.95424235,3.32616401,1.13149083,-2.841784,-1.40656841,1.49052465,3.46674013,-3.65995455,-0.71066809,0.79515326,-4.7231493,0.94535708,-0.62542194,-1.86579204,0.88009018,-1.66904271,0.87701344,-0.28728431,0.78657115,0.01629674,0.17691827,1.65804291,-1.13763428,-1.04873323,0.17209572,0.2214393,0.0982082,0.82395017,0.69707215,2.00190687,0.1206616,-1.44733882,-0.0675118,-0.72966862,0.34345239,0.78853881,-0.3586731,0.28711426,1.37735939,0.12380135,-1.34050131,1.24999261,-0.58042431,-0.63031614,b'3'
579,2.96357536,-0.52943349,10.63036251,-1.47694969,-0.8983227,1.80378008,-4.96333408,2.70558214,-0.07972765,-3.83470106,-6.76696205,-3.14813399,-4.38813591,-2.65101671,6.60836697,3.3093257,-1.95554781,-1.60123968,-3.44506788,0.56721544,-0.12520991,-1.90697265,0.0263769,1.2688694,-1.82056236,0.25524104,3.78242397,-3.8146174,1.05482888,-0.56470793,-1.79664528,0.47242808,0.91483694,-1.86496925,1.08781171,-2.63502717,-0.76655602,-1.68701673,2.46798515,0.1900726,-0.63865757,0.1386283,-1.78550112,-2.15876031,1.02306104,0.37211484,-2.19168687,-0.53522205,0.33654207,0.50579453,-1.76898193,1.84905338,-0.97344303,-2.00998569,0.43413815,2.01030612,-0.21390367,-0.01032192,0.56388682,0.57328331,1.09568334,-1.01765168,0.86371374,0.67149448,b'3'
580,4.03163767,0.74390769,7.47480726,-3.02298522,1.21801651,0.91534752,-6.63381767,6.9430027,1.01625109,-5.35858727,-5.05952692,-2.02174211,-3.01356459,-2.76722074,6.35255384,2.84293985,-4.36846542,-3.37853122,-2.04392004,-0.88366175,0.22076409,-0.60672623,-0.06601793,0.54902649,-2.3752389,-1.40576482,2.9476428,-3.13497996,1.02796888,0.18108892,-3.03463745,0.48246264,0.73075694,-1.83030772,1.99003303,-2.40617275,1.99677968,1.57003427,2.76625586,1.6733427,-0.6778205,1.09990728,0.79251683,-1.64103758,-0.05530989,-1.04210567,0.18017673,-0.44107628,0.81071347,-0.27312297,0.36362123,-0.25390369,-2.56868768,-1.14560199,0.30294389,0.08691949,-3.01992941,1.25588024,0.43121034,-2.89084125,-0.59912544,0.32672966,0.25331485,-1.5331651,b'3'
581,3.53253174,-1.97617233,4.14557123,2.84760499,-3.74244881,0.28699189,-5.96737862,5.14409924,4.58918428,-3.64720273,-4.81909132,-3.15295529,-1.29723048,-7.1029315,1.54684877,3.31512833,-2.2119453,1.86115718,-3.58981013,3.232687,1.00208843,-4.81599903,0.5767529,1.28021049,-4.00100946,2.91851544,3.60232687,-0.96982366,2.80735874,-1.49225593,0.23978114,2.27268648,0.30030394,0.93457937,0.93634671,-3.06442499,-0.59880185,-2.20044684,2.27393627,-2.30944014,-0.34992284,-1.005476,-0.1990993,-0.45361149,1.02240765,0.52910185,-2.44333029,-0.8530736,-1.90816808,1.93582618,-2.14687681,3.55983806,-2.30684304,-0.96251869,-1.6983068,1.71174526,0.16686273,-0.36361873,1.04625964,-0.57842815,1.13112152,-0.19411586,0.21233726,0.2793225,b'3'
582,3.05369329,4.8462801,13.1156683,-2.11126995,1.1283282,1.6790452,-1.23169756,3.50063515,1.26343536,-0.94202697,-6.69374657,-2.56727672,-2.51780891,-0.13080755,5.15456915,-2.22864914,-1.40407705,-1.35365844,-2.44507384,-1.27945185,-0.75754631,-0.00011587,0.72844422,-1.5109508,-0.36731938,1.10339928,4.10254288,-5.25950956,0.16439295,0.75193059,-2.26552534,-1.34265244,0.60033089,-0.98316187,1.31663489,-2.77767682,2.55794883,-0.68811399,0.61770737,-1.65503263,0.24787772,1.43961573,-0.34852487,-1.29541647,0.45788604,0.32739502,-1.691957,-0.08729792,2.08196235,0.66358137,-0.22331922,-1.20042205,-0.26074147,1.07115567,-0.04356343,1.23928177,0.01141691,-1.19744301,0.53719014,-0.59668714,-0.14578317,0.03297102,-0.39516464,-2.38415337,b'3'
583,0.8972584,13.64049053,8.27276611,0.70730174,-0.57361388,-3.03276515,4.09424639,-0.8366611,4.8480854,2.53774214,-3.39306211,1.52684402,-2.50652409,1.54997969,4.48603868,1.8153826,-2.16483998,-2.0254035,-2.32914591,0.1772902,-2.70374918,2.4333694,-0.13374564,0.02411866,-0.71371162,-0.29872108,3.09410286,-4.05237865,-1.72017574,0.50814211,-3.67754984,0.59060121,0.11460735,-0.18291026,-0.12878978,-0.62267268,2.69996333,-0.2922433,0.37143302,-1.01899314,0.45513296,1.02184987,-0.16950879,0.24375509,0.26878285,0.02590017,-1.05291128,1.05569613,2.41446733,-0.86856753,-0.08162661,0.19735163,0.07127047,-0.28622925,1.01130652,0.96962106,-0.81797171,1.49755561,-0.25454098,-1.4641397,-0.16183306,-0.90331268,0.73479486,-1.95695877,b'3'
584,7.37269545,-4.46284056,6.40059996,1.5282917,-5.18687391,3.72860289,-0.24483204,5.74531269,-0.85871553,-2.61188626,-4.72398615,-3.94318748,0.41370183,-4.14208937,0.42582107,-0.475878,-0.03991926,4.16447926,-3.63180399,1.21531224,1.41700351,0.55404031,-0.54233241,0.89833236,-2.46472502,2.05775762,1.47702563,0.09169865,-1.8625865,4.61185646,0.12610936,-0.83940673,-2.08281231,0.2980094,-1.34770346,-2.09886861,-1.3763907,-0.67088562,0.82639587,-3.24096251,0.1797955,2.32195401,0.62769216,-1.16453588,-0.49447572,0.54431885,0.16813958,0.68770206,-1.91625166,2.16712189,-1.22104359,-1.05411053,-1.29787207,0.79535615,-0.27154702,3.0056746,-0.16013408,-0.24110822,-0.10172763,-0.51127583,-1.44237769,0.85975307,-0.54301178,1.51622558,b'3'
585,2.62387466,2.80082273,9.81491661,-3.63120723,2.33283567,0.46100754,-3.74220181,4.18138504,0.94520378,-3.96203518,-8.07303429,-1.70973277,-2.54579496,-2.79214621,4.82340717,-1.13013482,-3.56543303,-2.60162616,-1.03989792,0.20956397,0.97264946,-1.09056544,-0.04442927,-0.93695319,-1.40252113,-0.19266814,2.71369553,-6.643363,0.87907195,0.62818229,-2.71341276,-0.81813252,0.79149657,-1.49733591,3.93119073,-0.60302949,2.01117682,-0.63370365,2.46202374,1.15471745,0.52684832,0.0933883,-0.14543405,-1.6620388,-0.11404598,-0.11378217,-2.29820299,-0.63764811,0.79387778,-1.95163667,0.18299584,-1.79624367,-0.75223804,-1.42087078,1.43172455,0.4254452,-0.40029693,0.55179012,0.71134514,-0.74652171,0.41147792,0.59094828,1.83758748,-1.39698267,b'3'
586,2.47061014,6.67354679,10.14075851,-0.19815651,2.88822746,-0.50600982,-4.81797981,1.45324945,3.1670208,-2.58530927,-2.80594635,-1.55752158,-0.24892116,-6.17828608,6.63540792,7.69548035,-0.41454482,-2.36054468,1.23104703,-1.62514973,-0.90917349,-2.28979611,1.61415613,2.88716936,-5.20121622,-1.4671061,1.641271,-1.65304947,2.30696249,-0.96949053,-4.33379269,-1.23619342,0.47597277,-0.72691077,0.97041029,-3.14529204,0.10396528,-0.65183634,1.23001647,-1.84518838,-1.93693614,-1.45548832,0.43632799,-2.20070958,0.76238096,1.58001626,1.08915639,-2.31537557,1.12573814,0.19929677,-2.8296268,1.0076642,-0.79147601,-0.78088641,1.34698617,-0.04253864,1.20021844,0.12977612,-0.25371426,-1.27405167,-0.44381541,-0.19534317,1.09191251,0.56744099,b'3'
587,4.52366877,1.17816973,3.69270158,-2.60753131,1.29334724,0.40105093,-8.22802162,7.54553604,0.65956068,-4.22927189,-3.19523668,-1.49580932,-2.24840117,-4.42377615,2.45468116,3.56881595,0.28987789,1.1379993,-4.04139519,1.98842955,1.05817437,-1.03097105,2.41873741,-2.31799984,-0.70798767,2.49364781,3.95782042,-0.67642635,2.23949385,0.32778764,-0.74547899,3.06390429,-1.28655362,-0.89416069,0.69856119,-2.33108521,-0.30121303,-3.18441939,0.25544,-3.24377489,-0.55845553,1.12637365,-2.73604012,-1.66972816,1.0483371,-0.97753173,-1.93131077,0.17212915,-2.03658319,-0.91044533,0.33280081,2.00811577,-1.08099103,-1.62579703,-1.13149571,1.00995576,-0.37067199,-2.30999851,-0.82532763,-1.25901473,0.42588067,1.12256408,-1.1800822,0.65728819,b'3'
588,3.46435881,5.70535946,12.4078064,-4.06891823,1.01771867,1.42119312,-0.31533384,3.35350966,1.09239173,1.20521712,-6.77368736,-1.36249232,-2.03061485,0.21486989,3.92726064,-2.56411028,1.56350112,-4.10891008,-3.65724826,0.29165912,-1.39298403,-1.60363817,1.78533399,-1.71715295,-0.74174798,1.38321781,3.69063234,-1.35074115,1.68684721,0.41340268,-1.67939889,-2.07494521,-0.30859149,-1.50327229,0.75268865,-1.71710861,2.97151923,-0.32213658,-0.7906822,-2.43712211,-0.56963074,1.12153053,-0.15588644,-1.6043067,0.00863528,1.54449785,0.22228551,0.46514463,0.37560552,0.50144303,-1.00664198,-0.57877684,-2.25515819,-0.45050645,-0.04062706,1.02662206,-0.88071799,-0.57233369,0.4115712,0.73260081,0.47612834,-0.41494098,-0.15395457,-1.05921733,b'3'
589,4.4466548,3.88614893,9.80807781,0.26164743,-1.88763571,3.27800274,-5.24089813,3.12368131,-0.83072424,-3.00852418,-5.22847366,-2.87975478,-2.61986256,-3.91568542,6.64625931,4.57479954,-1.9050765,-1.45234585,-1.24189842,0.27885222,1.83947384,0.03966713,0.06513959,-0.42026687,-0.27449116,-2.17013526,4.74397087,-3.19205976,0.17994547,2.47952223,-1.29752696,1.30990386,-0.7437523,-1.09802651,0.55917263,-2.87516284,-0.18155289,-0.3942588,1.38847768,-0.65067548,-0.77073061,-0.64288402,-2.32630682,-1.55330646,1.38008058,-1.41198063,-1.76171279,0.93417335,0.65966058,-0.57069445,-0.64769167,2.08455181,0.87649143,-2.3273046,0.26847082,1.4295907,-0.83153224,0.01482893,0.99456161,0.44617748,-1.7874167,0.71709031,-0.37434265,1.89294815,b'3'
590,1.54868853,11.52366734,-0.57226318,-1.47377753,-0.48876005,-1.73679733,6.59553242,1.39011049,-3.34578848,1.75307059,1.47850394,4.1753335,-7.34388638,-2.55445218,5.67324305,-1.85841537,-3.47340965,2.14767098,-0.17126752,-2.46202779,3.68400121,0.89978749,-0.02579543,2.20133829,-0.10224575,-3.29365993,2.73130369,-4.30457544,-0.41316938,2.04537439,-0.38973176,0.88060904,-0.24137087,-0.92465466,0.23228836,-0.16143999,1.13695049,1.0782783,-0.5440613,2.67891502,-2.32863379,1.22662687,1.35210371,-0.11511711,-0.58330142,0.43679696,2.28974676,0.41838861,3.20054078,-0.61077338,2.24665356,-0.74793828,0.82685745,0.77723676,-0.05913299,-0.63964838,0.46303916,-0.53421259,0.59498972,1.42557418,1.21674681,0.13105476,0.29049408,-1.34367764,b'3'
591,6.03272581,10.32633209,9.28215122,-0.2207683,0.65858197,-1.28120589,0.93501377,2.65837145,-0.49554634,3.21070528,-4.96399546,0.62848639,-2.921597,-1.21895981,2.35860515,1.53575635,0.22038531,-2.60475254,-1.5647707,-0.9700048,-0.49875212,0.33221048,-0.48130158,-1.63516688,-0.38323244,0.19789404,1.98375428,-3.04280186,-0.44784117,3.65199471,-3.18965054,-2.15141463,-1.53762686,0.96368843,-0.78235805,-1.72210252,1.57103515,0.16011435,0.00954974,-0.49086827,-1.24353373,0.68588829,-0.67409647,-2.01168466,0.30679965,2.16117525,-0.06656794,1.66403568,2.42805576,-1.17104197,-0.23847727,0.05167931,-1.51050162,0.54050088,1.08762026,0.50918496,-0.84979963,0.72898036,0.4686709,-1.01737452,1.87340093,0.24568349,1.04888034,-2.72078824,b'3'
592,5.38973999,-4.7763443,5.12920284,0.63572145,-4.01213646,3.90761757,-4.41090965,3.32821989,-7.91031694,-0.40434337,-5.14458036,-1.44213557,0.68876863,-1.82591677,2.76797891,2.8615973,0.55132651,0.66578066,-6.26295376,-0.60911274,0.80127513,-0.3966592,-0.7434088,0.31256819,-2.08406949,0.7126075,2.79146433,-2.8619256,-1.4386344,2.28847218,-2.73933411,-0.20166302,-1.10599482,-0.59991306,2.08733201,-3.36323953,1.32320189,0.20165879,0.51683748,1.28359604,1.01884007,-0.50444198,1.04665315,-1.54180419,1.42424548,0.02397083,-0.7778244,1.15798891,0.34406775,1.10171032,-1.52758121,0.19363838,-0.97385621,-0.76776052,0.2590856,1.74343204,-1.26805258,-0.40430015,1.02557397,-0.23186368,0.44598198,-1.22343564,-0.68388212,-0.65310442,b'3'
593,5.60248709,7.96315098,10.22505379,0.32453361,1.16686523,3.39520502,-2.73227739,3.25598192,-0.500103,0.02673838,-5.04783344,-0.94152761,-2.77092648,-1.68830466,5.01838255,2.90893984,-2.27262855,-2.30352473,-2.07964873,0.04132462,-1.17306948,-0.33415264,-0.05443498,1.39634466,0.01629114,-0.28534815,2.13759995,-2.59148836,-1.08583355,2.68410969,-1.45437133,1.50239897,-1.3464098,0.66914648,0.13822365,-1.08076024,0.58137846,0.40895039,0.1381675,-0.28825736,-0.66903973,-0.18025242,0.89154154,-2.03527689,-0.09498811,1.32427287,-0.90249395,2.23315644,2.20698333,-2.03450918,0.44658491,-0.96839738,0.52425182,0.92070037,1.15915978,-0.70372856,1.04191685,-0.26028377,0.331985,0.95192492,0.30337995,0.07441783,2.23180103,-1.48469603,b'3'
594,2.00298309,1.11602926,8.69450283,-4.96015406,1.94085634,2.86968803,-5.68735886,5.62381363,-0.22674465,-2.48387408,-3.54748774,2.61002684,-3.91585064,-2.25337052,7.76241016,1.23755848,-0.08049369,0.44969678,-4.46083546,1.57435703,0.39310849,-1.42682195,-1.09127295,-0.42772412,0.86304903,1.89842296,5.46654224,-4.08922672,3.69530535,0.61536908,-0.99104726,1.7276988,-1.99541092,-1.65736032,-1.08083272,-0.18368623,1.20144081,-2.3574903,2.25982761,-0.25101486,0.86782455,2.68920588,-0.48210162,-1.90217125,-0.58733451,-1.01366806,-1.99169338,-0.27238464,-3.05366206,-0.20286399,-1.31075406,-1.04669285,-0.07093358,-1.0402112,-0.41658968,1.61475372,-3.29320478,-0.54218525,1.1908443,-1.71337223,-0.06292872,1.27566314,-0.56091863,-1.49258137,b'3'
595,2.41639376,7.19493961,6.857759,-5.14735746,0.61884642,0.14295459,5.49689436,2.60008144,-3.03501844,5.58904648,-2.43181181,0.09339213,-4.62841892,-0.89910036,2.39962077,-1.23345256,2.45551991,-0.56654942,-3.56959796,-0.42461407,-0.3611837,4.22386932,3.98418522,-3.38290215,1.50069249,0.89633846,4.91917992,-1.80015707,0.0438323,-0.03312004,-4.59268475,-0.62995481,-1.31678474,-2.47647214,-0.77457082,-1.88270414,2.35870337,-1.94086313,0.20468032,-1.0604738,-0.29087609,0.73542017,-0.96575373,-1.6878525,0.21152353,0.43468726,-0.9549942,-1.9181931,-0.07030371,0.63755488,0.28308904,-0.32351321,-1.66272044,-0.13501501,-0.69622523,-0.5984078,-0.99242091,-0.79409856,1.02000237,-0.93695909,-0.2919693,-0.39644817,-1.44488966,-0.69433916,b'3'
596,6.33793736,8.50928879,11.20353603,-1.71428299,-1.09537089,1.06212354,2.85022426,1.67467141,-1.85955477,2.73973656,-4.8059659,0.07151246,-1.66811752,-1.21530759,2.78639746,1.4948957,1.71484494,-1.61597991,-3.36115408,-1.63831198,0.72801155,0.46933162,1.76855588,-2.82108903,0.34177065,0.15541878,3.0627861,-3.60186148,0.3087039,3.91565514,-3.23525238,-1.8480494,-1.77375567,-0.99463993,-1.11494279,-2.16683292,1.6792047,0.84535563,0.96614265,-2.06460404,-0.61449349,1.77757454,0.32000536,-1.21480799,0.31177521,1.33128738,0.78060496,2.21687889,1.48343086,0.24465621,-1.66221642,-0.54215682,-1.40843749,0.425771,0.62626565,1.05452979,-1.10051894,-1.20840001,-1.30941439,-0.60939413,0.7201854,-0.61030972,0.08061779,-0.5403406,b'3'
597,4.27435541,12.29499531,0.41966045,-0.35186988,-2.16694641,-2.68763137,5.22781181,2.8264637,-1.84781218,4.00937986,0.27324986,1.43729234,-5.76299858,-2.03897166,5.26164436,-0.25833368,-0.55755341,1.05024529,-0.61911523,-3.7182107,1.54233491,-0.22103471,0.91413486,1.67342997,-2.38515282,-1.74007237,2.6801796,-3.35364652,-0.84817553,2.27012587,-3.94811344,-2.28765225,-1.82366574,-1.34404063,-0.66326022,-2.06774688,1.72725797,1.23212111,0.73905098,0.25864041,-1.66010582,1.47100282,-1.15907788,-2.33140492,0.0929606,-0.27376735,-0.76645255,0.09436607,3.1458385,-0.93027139,-0.64301807,-0.9797194,0.23020387,-0.40450692,-0.30120963,0.91452372,-0.19725156,-0.01674648,0.63117844,-1.54042053,1.72421145,0.84664911,0.7786262,-1.7781173,b'3'
598,5.73425102,4.32974386,7.31730032,-3.07906532,0.72205985,1.11925077,-0.80947733,2.95926189,-7.0680089,-0.54931653,-4.86460924,-0.16108108,0.25340128,-4.13214922,1.20738506,0.47455037,1.82497382,-2.19832134,-4.88966751,-0.32278919,3.05657172,0.86748594,1.66360915,-3.75913906,0.1783458,0.04727086,4.07156706,-4.18026638,2.19485235,1.28988707,-2.54364491,-0.99297464,-0.94393265,0.08034092,-0.08105969,-2.80210066,3.49709535,0.23767221,1.19800675,0.21497762,-0.68683213,-0.81231087,-0.09271732,-1.90622568,1.09605145,0.4173761,0.42127728,0.25047064,1.42848444,-0.34118137,-2.12109733,-0.85773182,-1.93563056,-0.73656917,0.51024401,-0.69354475,-1.38832521,0.50362277,-0.00280166,-1.00590146,-0.14386359,-0.16711149,1.40219128,1.87150395,b'3'
599,3.08005476,6.77359581,3.85674524,-0.88774657,-1.35184431,-0.20288575,1.73359346,-1.52863121,-3.53119707,7.31094599,-2.0400095,3.48201323,-3.28092861,-1.5389694,-0.29147816,-3.97806406,0.98464561,-0.404531,0.20776546,0.95618939,1.21172738,4.94060946,0.78144825,-1.41917336,5.68486881,-3.53015614,1.86800158,-2.37070155,-1.33339405,-2.73223996,-1.12341058,0.64271545,-0.05297347,-3.32561731,0.7941649,1.8355583,1.01461172,-1.08866358,-2.05455065,3.79908156,1.09183288,0.72101611,0.6794374,0.76128805,-1.25947726,-0.24062708,0.19814838,-0.29104638,0.79934305,0.76759911,0.53449333,-1.08703625,1.70782709,0.55088067,-0.05589324,-1.66594672,-0.67326641,2.27207589,0.30201936,0.33135474,0.7925151,-1.02452898,-0.8227154,0.30795774,b'3'
600,-0.05719674,1.45137405,3.25502396,12.07049465,4.16910505,-2.98018146,-1.67606068,-6.3879137,-3.10386896,1.04072177,4.73456192,5.08247375,0.23647606,-0.16398045,-1.96143961,1.97760463,2.45163608,-0.37066901,1.98949504,4.09635925,0.76041508,0.17240626,-1.00599432,1.76863241,-2.11610818,0.75251895,-0.14338616,2.36645031,0.12185454,-0.99987841,0.60069728,-0.72401261,-2.33464289,3.06696868,-1.07210302,-1.58552372,0.76708961,-3.60406137,-1.37743795,-1.21244502,0.27975464,0.89392334,-0.59067571,-0.25309342,0.68889213,-1.65068221,0.60380089,1.04526794,-0.75978667,-0.40994823,-0.62082505,-0.90380371,-1.08782458,-1.67747712,0.22724086,-0.87341988,-0.04024553,-0.09917019,0.13359475,0.56851375,-0.85448378,0.08981556,-0.88645655,-0.51009285,b'4'
601,-10.19816875,0.82938576,4.5208106,8.44621086,0.05844843,-5.07902336,-0.70838833,1.59789407,0.66474819,0.86825669,7.14693403,2.33291864,0.39970994,-2.78705883,-0.38066101,-0.05459762,1.77528024,3.80839992,-5.47837067,2.99496984,0.54130721,-1.73258758,3.5113399,2.07487154,-2.35522223,-1.32809114,3.0863595,6.13747931,2.04113126,1.47743523,-1.28070319,1.80498981,-2.12802649,0.17389292,3.48687482,2.39763856,-1.23288631,-1.27232933,0.83263528,-1.12800765,0.0852555,-2.3108387,-1.44032359,1.35343742,2.33135414,2.02065611,1.99284601,0.73072171,-0.87576735,0.81162798,-0.05337216,0.15421772,1.73364615,0.23836529,0.01474124,2.67094445,1.92229939,1.50108826,-0.22681406,1.00884163,0.37528795,0.27267385,-0.90344769,-0.83159679,b'4'
602,14.22532558,5.82061672,3.54327893,2.30973196,0.87434268,3.415838,-1.67558289,1.21090031,5.67268801,-2.82607746,2.18298125,3.3187604,6.4521184,-3.20919299,-3.41853619,2.63177419,-1.54306936,1.65542531,-0.76929969,1.44112039,-0.62237829,-1.12569761,-3.62842083,-2.29831624,1.45721567,1.88293827,-0.33056703,1.0130477,1.39318442,-0.02923524,-1.7489363,2.80558157,2.32137012,2.41011167,2.06542683,0.86895752,-1.08917177,0.00058508,-1.10034907,-1.83333933,1.65120935,-1.42629671,0.07879701,0.55442971,-0.13259423,-1.75162375,-0.7503134,0.6051929,-0.86425573,-0.20809191,1.21866345,1.07443881,0.35562015,0.9704169,-0.25624937,0.9608202,1.68704593,-1.1360774,-0.69731796,-0.42309123,-1.11980057,-1.48376131,-0.8666234,1.12726164,b'4'
603,-1.51379395,0.53562427,9.04399586,12.16516399,4.03373718,-3.07556653,2.08501816,3.17914438,-0.08297348,3.56276798,1.08593273,0.79186773,2.80148172,-0.30684471,-4.069417,-0.30581212,1.13647866,-0.91732037,-0.64774311,1.02501416,-1.04323244,2.15911412,1.21451986,2.50696564,-2.0642519,-0.82467228,3.72384405,1.09528279,-1.11466932,1.52673495,-0.95250428,1.33337402,0.13786416,0.53633857,-1.44099975,0.48648888,0.68482614,0.43607855,-1.19631255,0.72833145,0.2222321,3.48826551,-0.49541891,-3.01606178,2.05346036,0.14242923,1.88668656,0.10934424,1.0763166,1.15596306,0.85760069,-1.43411922,0.29451799,-0.09770918,0.43209243,-1.76744449,0.7896632,-0.06098495,0.57383031,0.13399982,-0.95035422,-1.15955257,-0.14039707,-1.01398146,b'4'
604,-2.34535074,-2.07959747,6.89804173,14.49874496,1.63829887,-0.92748427,-4.0943284,-3.01565862,-2.64703655,4.25291491,2.5962534,4.60535479,-0.68454325,1.19296443,-2.1899128,2.22442293,-0.29497933,0.73623645,-1.62120461,0.92264795,0.93825078,0.1283825,2.43265152,0.94117618,-3.84363985,-0.77638352,-1.68749499,1.45574927,-0.20493317,0.75017679,-0.67814338,0.23555517,-0.95588994,2.37335658,-1.47921968,-2.31389499,1.61189771,-1.77647424,0.32446146,0.7184999,-1.40228355,0.85546941,0.47749311,-1.05216801,-0.18363595,-0.71386969,1.2410537,0.17872739,1.33574677,-2.51424527,0.27377188,1.28354228,-0.96728683,-0.62711215,-0.06526971,-1.71727681,1.70180333,-1.24706805,0.0515815,0.47940111,-1.33700347,-0.55801088,0.14360553,-1.14464629,b'4'
605,-3.38923502,-1.1280005,5.131989,6.92251492,3.71568584,-1.9057622,-2.08102798,-8.01273441,0.08477211,2.12827969,2.83270788,3.4778347,4.45467091,-6.96707821,-3.239851,2.23435402,0.64434719,-0.95849246,-3.01596069,2.24178219,-2.65402961,-1.83500338,2.62579966,-2.09082389,-3.35208368,3.65316725,3.9433341,2.1079886,1.96895194,-4.91134262,-1.29729402,3.03080988,1.00742877,-2.83782172,2.99239302,1.12919617,-1.21622562,-1.57457542,2.05599236,-1.54927623,-0.78701836,1.05631971,1.59418464,1.60820055,1.29026914,-0.19105458,0.33915091,-1.41588521,-0.79081273,1.53050768,-0.71690059,-0.4321146,0.72558951,1.41113305,0.50549066,-0.66356462,-0.33715653,-0.50389475,0.64719349,0.50980115,-2.10763764,-1.11185241,-0.96318543,0.3502773,b'4'
606,-2.73192477,-0.64426088,-2.28375602,8.60403728,4.21515083,-5.08674717,0.31835914,-5.72641468,-2.03927898,0.10406995,5.30376482,4.97986794,2.62345982,-0.40414369,-2.25160265,1.08187926,3.60189462,2.2883997,-3.93176937,5.69904232,3.1352663,0.34537297,7.24511528,-1.97125399,-4.5118351,0.15804911,0.68880033,2.6692028,-0.22106791,1.36874545,-1.20530188,1.84521389,-2.04057288,-1.71401668,0.30005544,-0.44443598,0.27597976,-1.91948605,-0.17323387,-0.67273211,-2.23993158,0.37846971,-1.59914565,0.49163812,2.0028038,-0.48149121,2.40127802,-0.4456141,1.30614066,0.2173413,-0.72774273,-0.91074896,0.79471231,1.74227858,-1.13529778,1.15575194,0.70293736,-0.7904591,1.48902988,-0.69866133,-0.8781687,-0.63517988,-0.62494779,-1.09949577,b'4'
607,1.48813307,3.92526865,4.99460316,11.41402817,7.45525646,3.93876028,5.65171051,-1.4971354,1.93205595,-2.75645137,-3.83709383,-2.63155675,0.75814021,2.20567203,-2.09153938,0.81596935,3.08516717,2.15225363,-0.3305952,-4.70816517,-2.17346191,0.5490787,3.72189951,-0.68506503,0.15525192,-0.97499496,2.27126932,2.31838322,0.1500833,1.89323199,-0.49003804,0.83885646,1.30979967,-2.25786018,0.9967218,-0.83362138,1.63363385,-0.53804618,0.29725444,-0.4268887,-0.91067028,-0.14952596,-0.89895004,0.47905988,1.74617493,0.76323998,1.65511203,1.67620122,1.95210505,0.98404944,-0.67367834,-0.32497853,-0.08222461,0.52621877,-0.64199752,0.11665314,-0.10290909,-1.17358053,0.62640065,-1.16914058,-0.64816523,-1.07765675,-0.27935237,-0.75044334,b'4'
608,2.37068939,-1.40479434,2.54531193,10.70940018,2.14143276,-3.63823724,-1.41199398,-7.32536793,-1.06547022,2.48834443,6.69538116,5.70908356,5.16995573,-0.39520216,-4.15446663,1.5262202,2.55362201,0.41772926,-0.74010015,3.28934336,1.53396094,-0.75131184,2.61676216,-2.07781267,-1.8046422,-0.24384606,2.28322458,2.66304708,1.19885993,-4.91103888,-0.52442777,2.8428874,1.05203867,-1.43819046,0.55399048,-0.56018078,3.32201648,-1.22330713,-0.20070231,-0.50606567,0.48096228,0.74135977,-0.50826442,-0.0771569,0.34432745,-0.26279324,0.0983834,0.47388673,0.71512061,-0.3168571,-0.72448343,0.77346659,-0.74838328,0.19054294,1.24582028,-0.34191817,-0.00457501,0.10154805,-0.9149732,0.16526973,-0.67096865,-0.44715625,-1.36982822,-1.76706719,b'4'
609,-2.30397129,0.89954948,8.80492496,11.76484299,3.55577993,-3.92609382,2.33064556,-4.87970543,1.47550917,0.86922026,5.18505383,0.43032813,-1.84837413,2.58506703,-3.49796152,0.95118785,2.34063792,-0.06807417,0.4549548,3.9536705,-0.38720882,1.66629815,0.00726566,-0.50212073,-1.73667634,-0.90001231,2.38080692,2.76946402,-2.01993608,-0.6564728,0.26273656,2.12094259,0.28083509,-1.14515829,-0.55319023,0.00842407,0.23549318,0.63144994,0.42149878,-1.55266607,0.59051001,2.89872408,1.98614419,-0.20494185,2.88805842,0.43497074,0.37900591,0.61629653,2.0827558,0.85576582,-0.32460564,-1.91522479,0.63566387,1.42386293,1.15278196,0.50515473,-1.38884783,-0.51537669,-0.21489385,0.82866013,-1.05878782,0.40465498,-0.88836932,0.5823077,b'4'
610,10.46013355,-0.68608069,2.14190698,2.2054832,-5.16199684,4.32974339,-5.9634552,2.19621229,-2.82361937,3.51301241,2.71094203,4.69394684,1.58399844,-2.87668347,-0.7762084,1.83315444,5.34528828,2.55121732,-3.51184368,-0.58847797,0.44092083,-2.669276,1.17141378,-1.80780399,-3.14321089,-1.60181987,0.92804623,2.07394743,-0.86874533,1.80106199,0.32114828,2.89302921,0.0636674,-0.19247693,0.28717798,-1.92714322,2.41358924,-0.72590631,1.38112402,1.18538225,-1.99671328,-0.10545214,2.49219203,1.71493268,0.51874268,-0.55054557,1.06731176,-1.02106023,-0.06446889,2.54469967,-2.2326076,-0.97221184,0.56271029,1.84031188,0.53114063,-0.04551649,-0.80723858,-1.03912055,1.04433775,-0.63007265,1.16472244,-0.54110903,-1.599195,-1.48148847,b'4'
611,-2.11253357,6.19535446,8.50862789,9.93165207,2.92564344,-0.61594224,5.23049259,2.50595784,2.71712184,-1.35083127,-1.2544837,0.47981429,1.26538479,1.19823182,-3.78839397,4.49830151,2.47837758,-1.94003892,0.91860867,-2.60501266,-4.77150917,0.29009956,-0.86568153,-2.07765818,-1.46266794,2.06564403,2.84094334,-0.2275362,-1.5857625,0.44012189,-2.09226894,3.88382244,0.6172356,0.32640439,3.71931815,-2.81468511,1.71933532,1.30764401,-1.3375324,-0.77739048,0.1499306,0.68305558,-1.48985422,0.54003018,1.51310718,0.82120389,2.58366799,1.39598989,1.74882269,2.79332352,-1.45466137,-0.56158185,0.39338493,1.19688845,-1.18674135,0.71078444,0.11664104,-0.9236275,1.97616315,-1.24802208,-0.74960637,0.12144703,-0.74767178,0.1447185,b'4'
612,-1.75201511,0.88593578,5.28157806,11.85673523,-0.54717839,1.33351147,-7.09120178,-5.98556805,1.3959868,1.19976258,1.40761018,4.26531792,3.13858294,-1.24005377,-2.25135136,2.14238501,-3.53433371,-2.8506608,-0.69157904,2.97427273,-2.14503622,1.82228494,1.1946944,0.56725168,-4.43080235,1.84354103,1.31217241,1.71068811,0.32728863,-1.93683517,-1.18525279,2.96127558,1.48650539,0.30300814,-1.21998549,-2.87069511,3.55147624,-0.05092674,0.62185395,-0.28774226,-1.46349168,-0.47075802,0.03745706,-1.5493778,0.8008967,-0.4991442,0.81009889,0.65277028,-0.02025914,-0.11251312,0.91074312,0.486431,0.59902143,-0.39450967,-0.78166682,-0.14089811,1.0857228,-0.6656245,-1.09260201,-0.1014623,-0.88394225,-1.36195362,-1.08062434,-2.45868182,b'4'
613,0.80388296,-1.43143415,5.48442841,13.40778255,6.26164389,-1.66920829,2.32904243,-5.01735592,1.68134689,3.22480607,4.68849802,0.38730931,2.85752964,0.14177167,-6.44658852,-2.24975681,-0.21849179,-2.62320948,0.43629664,0.46542716,2.32781982,-0.20922238,-0.24344006,-1.17685151,-2.5022254,0.31459233,0.73233354,0.64112842,-0.48446369,-3.741467,-0.09133327,1.06789255,2.22631359,0.09077114,1.13247156,-1.80955207,-0.1836586,1.72979164,-0.37855661,-0.42813152,-1.64917243,1.66584671,-0.46368274,-1.24826956,1.07018661,0.06866777,-0.23657782,-0.55030179,0.57445413,0.69857264,-1.23544109,0.29699811,-2.56240582,-1.62570143,1.23212242,0.53093302,-0.35949993,-0.49216104,0.09964907,0.44867945,-0.32466307,0.71802551,-0.717614,-0.96307838,b'4'
614,4.3339467,-2.15073872,-0.22821838,13.22318935,4.80552197,-0.19535518,-3.56608725,-4.01629639,-0.86177683,2.38200641,5.10878849,2.2689333,3.1382165,3.62285876,-2.23530769,3.36522961,-1.69340193,1.21256447,1.22878432,0.82626271,3.9475956,1.80503082,-0.55135393,0.64514661,0.06200886,0.66015893,-1.53596592,3.22024059,0.66559196,-0.49466079,-2.60766459,-0.10581207,0.53507787,-0.26491326,-0.08058846,-2.09499955,1.37867665,2.72418904,-0.30613625,-0.96434623,-1.59721887,-0.48293042,0.49517027,-1.88594723,-1.07987893,-1.50620747,2.54742002,0.08187318,1.56591988,-1.77840126,0.25485903,-1.27410722,0.62493384,1.92218816,1.38636732,-2.08529091,-0.41722822,-0.30541897,-0.98586595,-1.30559278,-1.03902543,-0.54429573,1.01357567,-1.80315435,b'4'
615,-4.25484753,3.23914289,1.87952995,7.2594533,5.27115393,-1.85467291,-0.05802512,-6.048769,-6.55087328,-1.17255616,7.24991608,7.89064026,-0.96104002,-0.00964287,1.23957205,4.23840046,6.26195049,2.67002177,0.3162666,1.5689795,2.4640007,-0.63914984,1.22267783,0.82160664,2.12176704,-0.54887611,-0.57565033,-2.34093952,0.79627442,3.04939699,2.2955246,0.2971611,-0.86541218,1.04876435,-1.57615757,-0.20257369,-0.4586854,-0.67258149,-0.28271067,-2.57366586,0.66834092,3.32303834,-0.49618006,1.98513532,-0.40385675,-1.44859743,0.60382086,-0.94970393,0.80234319,0.75072801,-1.6712209,-0.2053017,0.09071589,-0.26066613,-0.06674993,-0.16178644,1.81441259,0.4267841,1.40698504,0.10351324,0.69943571,-0.25144017,-0.61036932,-1.66232347,b'4'
616,-5.24398041,0.28535485,4.16222191,9.74121094,1.39726079,-3.37085128,-1.62147951,-2.37295222,-2.89400625,1.44910765,7.67282724,4.62265301,-2.23200583,-1.57937002,-1.2629199,-1.69449115,2.89346194,3.02274299,-2.68370366,4.49232674,0.25040263,-2.77204084,7.66852093,-0.9583118,-2.60554338,-2.1441617,2.3932519,2.45364618,0.68100095,0.81023347,0.37824965,2.7941947,-2.622751,0.45849711,0.31488413,1.45105302,0.01076126,-1.8490293,0.49132288,-0.99938124,-0.30461031,0.5168888,-0.2942082,1.54481769,1.46060264,0.97254896,1.47317243,-0.44457316,-0.64942312,-0.28757772,-0.06297295,0.24669406,0.71696937,0.78165179,1.58139944,0.11897546,0.60586166,0.52902049,-0.9629811,0.73111665,-2.08687615,0.86818153,-1.05240941,-0.93228018,b'4'
617,3.70776224,7.8067131,0.79800963,7.45260286,3.70371628,-1.68159103,3.81564426,-10.7560873,3.63706303,-1.74964762,0.31225109,-0.27705693,0.50373226,3.35671282,-2.00984144,3.28593206,1.74715805,0.42058337,-0.9982599,-1.57606792,-0.25738925,-0.79338139,4.86198616,-1.18572855,-1.06108069,-0.1535871,-1.03897202,0.26361346,-3.12620974,0.03023922,0.74288535,1.47109461,2.18965411,-0.18366295,-1.03976393,-2.77336121,2.02344441,-0.44311816,1.62090492,-0.94338328,-3.51595616,0.66891849,-2.30310631,-1.31237137,0.33225489,-0.42802382,3.41609311,0.6689508,0.07900858,-0.13551569,0.76990765,-0.26246905,-0.00642705,0.45701545,1.34307742,0.27805924,0.5651691,-0.30469716,1.11627626,-1.60079181,-0.70318627,-0.72487944,-1.01736712,0.60692084,b'4'
618,-2.02634954,3.05579519,0.28165886,8.73571396,6.14021969,-7.06408787,4.30399752,-4.4139185,0.26778221,-3.14068532,1.26412809,2.90254378,-0.4605366,0.17293227,-5.4823122,4.51388741,4.05017281,6.352314,-3.44327331,-0.20719504,-1.51355028,-0.62116808,3.6777432,-1.70860779,-0.5571506,1.94043362,0.4767794,-0.16902941,-0.42335796,-1.60944664,0.79605269,0.54545951,0.35563481,-1.4513092,-0.05159831,-3.04172325,1.18680429,1.57524395,-1.36525381,-0.58192593,-2.71783066,-0.4628613,-1.54471016,-0.48717028,1.06169021,-1.37970901,0.21145475,-0.41590238,0.10417017,-0.50950825,-0.72089094,-0.56920242,0.01930404,1.51729679,-0.49590188,-0.08253294,0.2620976,0.79036433,1.11996222,-0.44176012,0.2320271,0.77478772,-0.13794476,0.72055727,b'4'
619,-4.23256159,-3.10836601,7.8443222,13.15967274,0.28499174,1.34599781,0.79729652,2.46887493,1.77809238,7.71926498,-0.74090362,1.97144318,0.91210699,2.00775599,-3.24585152,0.19746077,-0.79505527,1.14281297,-1.12860203,1.54118156,1.77390385,2.25412083,2.42085648,2.04869318,0.92837286,-2.33208847,2.45716286,0.34494865,-0.55919218,1.70421588,-3.82197952,2.10078049,-0.31325012,1.80903578,1.21527553,-2.00821304,1.57127404,-0.97957152,1.37821794,0.50369215,-1.50127041,1.66518438,0.77886605,-1.7310164,0.80101764,1.01371062,0.44232124,0.33513856,0.76841384,-1.4671644,1.0813868,-1.31782079,2.32386112,0.46011966,-0.84700185,-2.82573867,0.29408622,0.61978883,1.49423575,-0.85069275,-0.02505842,-0.75689197,0.58649206,-1.72396088,b'4'
620,-1.8113327,1.65740013,5.66048241,11.78173256,6.02901602,-3.39086032,-2.89948034,-4.802145,-2.3800807,0.07596141,5.22145557,4.76332283,0.35832602,4.00916767,-2.25327158,3.49624443,3.02918315,0.88636279,-1.06919909,2.14064407,0.75776494,0.94362944,2.10696888,1.57037115,-1.96854174,-0.9744547,-0.48525211,0.64777446,0.68719316,-0.68203032,0.21720982,-0.14516258,-1.66231608,0.7755897,0.10629433,-2.06458211,-0.07285261,-1.30492377,-1.43106639,-0.22589362,0.5639168,1.07820261,1.61161649,-0.96391863,0.35564977,-0.34571099,0.55277884,-0.42046905,1.33965707,-2.53928351,0.01055278,-0.3991735,-0.28485918,-0.30217099,0.75640202,-1.80226088,-0.45501423,0.14828786,-0.51840389,0.59515631,0.38844091,-0.08121261,0.2185595,-0.6743952,b'4'
621,-9.75434494,2.79135752,0.87566143,9.79564667,2.58103275,-1.93635297,-4.95047188,1.43807697,-2.36403084,1.30928493,7.03167105,4.2541213,-1.00857878,2.33134365,-0.29347134,0.33565652,0.78944302,2.43438935,-2.01746345,3.64408255,-0.34251434,3.70266247,3.6959269,-2.15359378,-1.90062845,0.3809683,0.74750078,2.15580153,1.3342998,0.78416753,-2.13936758,3.10101557,-1.85282028,2.61873507,2.46426201,-0.5584147,1.05163431,-1.38800597,-0.41884363,-0.00575519,1.14954972,-0.27420783,-0.37648559,1.5112257,1.28900027,1.40596211,0.25149059,0.15884423,1.82138896,0.12500393,0.09296754,1.61978662,-0.15693283,0.85408491,-0.23726088,1.32933116,0.97120714,-0.47243649,-0.52424747,0.42938352,-0.87526685,0.14702266,0.88192451,-0.6906876,b'4'
622,-4.510499,3.56936121,3.989254,12.33922958,2.04127312,-3.91632628,-0.10083628,-1.6763885,-1.27088261,2.26996756,4.45480967,4.49206829,-1.82569194,0.23116875,-3.51012564,-0.04409599,-0.78623474,-0.22159284,-3.24360466,5.85005569,-2.23085999,1.05720305,1.40534496,0.72144103,-3.18131208,0.18115905,-0.64642036,0.79516399,-0.4412303,-0.53652948,-1.65846074,-1.22420001,-2.52469945,-0.4192937,0.11686397,-0.29421952,0.64028406,-2.68391585,-1.67398584,-3.00034404,1.92210889,2.08653259,-0.77911115,0.54099023,1.70062983,0.0854606,0.48285347,1.49421597,0.78531092,-0.50870973,0.57728159,0.5489465,1.25353765,0.31420624,-0.95358914,0.46393847,-0.71970677,0.24473168,-0.87004066,-0.29119337,-0.89841944,-0.6851542,0.15903622,-0.68846065,b'4'
623,6.55207205,-3.61721015,2.07066393,10.26061153,-2.75281191,0.96676016,-2.33761978,-3.00101686,0.12444687,8.33450317,4.53078318,2.2637887,7.19256592,3.14685154,-2.90696049,1.16303754,0.14081705,0.51844406,-0.61349487,-0.41826713,1.5117538,-1.39042544,0.89415669,-0.19593453,-2.98478031,-0.53694457,1.01447141,3.85550165,0.21687841,0.5231483,-2.48294735,2.04222965,0.05109432,-0.93403703,0.05802506,-2.72226882,4.25479412,-0.67850167,0.45153105,-1.56823659,-1.42330289,1.09134781,0.46766633,-0.0189418,0.99565744,-0.86961681,0.51271713,0.65837264,2.06931376,0.07924974,1.1513164,-0.82913458,0.46526718,1.2833358,-0.10487181,-0.299346,1.36637425,0.63665301,0.39319289,0.12425256,-0.15512206,-0.28791267,-0.14781523,-0.42953113,b'4'
624,-7.04202032,-0.63165069,6.25991106,11.58438778,-0.8369056,-1.50435257,-5.08175564,-5.07834435,0.22357512,3.34923482,5.40974379,3.77553678,2.11357069,-3.00317454,-1.59918547,3.49100661,1.02625012,1.04908895,-2.18521881,3.59586334,1.64816952,-2.18759918,2.92465806,-0.36938357,-0.80296379,-1.2457341,2.68479156,2.23485589,4.07120323,-2.35132694,-0.18321025,4.16399145,-0.23736353,0.78516746,2.83211803,0.35752356,0.51861858,-2.65135908,1.99830091,0.38994277,-1.08318532,0.51467556,0.26114827,1.15895891,1.60442102,-0.08796021,0.78413618,0.20454335,1.63431287,-0.68280864,-0.05669175,-0.38239503,-0.01839757,0.36125684,-0.43516046,0.05613941,-0.64699483,0.16470322,0.60620064,1.19573748,-1.26789391,0.41435122,-1.1731019,0.88130641,b'4'
625,-5.11299801,1.15108442,4.04422522,13.49403954,-0.96215647,1.3551662,-0.97746944,4.8061595,1.18717384,4.38033152,2.72063589,5.58491373,1.47400749,-0.58885396,-4.58128357,0.40456009,-2.70891047,0.64529669,-5.07704353,1.66434836,-0.02373986,2.35624957,2.77583933,0.23664737,-2.78043461,-1.68318439,3.38777637,1.18642569,0.78680634,-1.41026998,-2.05315495,1.81857204,1.29126024,1.67953575,2.9327395,-4.63724804,3.21254802,-0.91356117,1.45693481,-0.4935261,0.01169407,-0.44504356,-0.74885368,0.44589335,2.39307594,0.15387076,0.12703317,0.61053312,2.00759006,1.9337734,0.63004625,-0.31627744,0.94332039,0.60861999,-1.8457768,0.82585394,0.06126308,-1.00656939,0.11623788,-2.01029301,-0.73486853,0.15924931,0.22236419,0.16144268,b'4'
626,4.54578924,-3.73755312,-2.79524803,9.68936443,-3.06743097,-0.63869834,-4.18653965,-3.78587079,-0.02123785,7.9621582,2.73873115,0.55350947,5.80617905,2.88161731,1.51251364,-0.98555303,0.43133783,3.65186143,-4.97445679,-1.15298271,0.17789997,-4.01492691,1.55440259,1.18893194,-1.53676701,0.2052753,-0.2922588,0.16299593,-0.24928713,0.97212636,-1.25872052,2.09749222,-1.71674502,3.14668798,-1.74244404,-0.75995028,1.6462872,-1.55034208,-0.47042072,0.15933502,0.71997726,-0.52150583,-1.93782294,1.81623554,-0.31007457,-1.09155345,0.964046,0.64210773,0.48490983,0.6026845,1.60223186,-1.14153731,1.25114465,0.21189678,-0.39452964,-0.61310047,-1.59469604,0.14523223,-0.63947248,-0.3048743,-0.00702044,0.47363168,0.87809324,0.68383253,b'4'
627,-5.41960287,2.40619993,3.74459958,7.62002563,-1.56530452,-2.23014498,-2.23268223,-7.38688374,-3.79338884,0.33287257,8.35260487,5.48345423,-1.20449495,-2.78128839,0.72624636,0.02639556,2.36026597,2.90766168,-0.14011675,6.17457485,-1.59599447,-2.55157328,4.91916132,-0.49770689,-1.36589372,-0.5097838,1.6162771,0.89494336,3.10544395,-0.12636298,-1.1646446,2.15352154,-2.04687786,-0.71716315,1.51527762,2.1468854,-0.57467258,-2.45886946,0.95942646,-1.36058569,0.90720654,1.1548171,-1.13506532,0.72549713,0.52171099,-0.36417273,-0.62207127,-1.20499969,0.49747109,-1.30848467,-1.36835778,0.66367215,1.75982594,0.60839456,-1.08959913,-0.36857238,1.06022298,0.01026633,0.48511142,0.92818666,-2.52707243,-0.49190554,-0.57437086,-0.94428372,b'4'
628,-0.60168278,1.33055735,6.59799004,14.19164562,2.18028307,2.41973805,3.12074137,4.95263863,-0.7991147,3.03203845,0.71825361,2.96261072,2.54335332,-0.34920967,-3.03007174,3.58266068,-2.03514504,-0.96534622,1.97487426,1.16686749,-0.61773622,2.29005885,0.36041898,-1.23051882,-0.9585464,-1.1640383,5.29437065,-0.40745103,-0.29462242,0.14906281,-3.56742525,2.53191757,0.94447595,0.24558747,1.08844543,-3.44505644,2.95504975,1.92566586,-0.04437315,-0.07804403,-1.80535626,1.68647075,0.4993484,-2.55068612,-0.8745662,1.59370458,0.07431103,-0.71418428,0.9911775,0.64905727,1.07526159,-1.96291232,0.81620097,-0.06034303,1.89946055,-1.08760905,0.60465646,0.71985519,1.03820372,-0.96654958,-0.34412652,-0.12435132,1.05320024,-1.30621696,b'4'
629,1.3600744,-2.81222582,-3.54362392,2.4248662,-2.79679227,-0.13736916,-2.80772018,-1.911798,-1.99198627,6.19978523,7.92655516,5.93466425,4.07851553,2.41454363,-2.04995871,-0.23450923,5.4437294,3.80134082,-2.05811381,5.29750919,0.56438875,-1.70792508,4.50137997,-4.71808386,-4.19643545,-2.86893845,-0.70157063,1.74943829,1.28019023,1.43708146,-3.50809145,2.60334969,-0.75095344,-0.26678866,1.70417523,1.50352061,3.05861497,-3.61704612,0.0182749,-0.84526885,-0.32785255,-0.49644446,-1.42746055,1.67056215,0.57292312,1.57371104,0.85205495,-1.7220118,-0.32899213,-1.04849792,1.60053575,-0.68296134,0.59586096,0.83273208,-0.91493291,1.53154469,1.99145436,-0.24437205,1.34955335,0.35563016,0.01691918,0.18467402,0.07193601,0.36528656,b'4'
630,2.41137791,1.55593061,4.4639039,11.80022049,2.32062912,-3.20696425,0.92340064,-9.69402885,-0.81301069,0.9293226,2.92580485,1.11545992,3.55006552,-3.36115122,-2.87425566,3.40133119,0.72377801,0.5965296,1.65507674,1.26788473,-2.70260835,-1.02182651,0.43649229,-0.7253716,-2.97167587,2.69560075,1.31501698,2.53106546,0.52169442,-3.31491566,-0.00214887,2.34849024,1.33835781,-2.51354885,0.61902976,0.00979641,-1.4821862,0.41231972,0.78633255,-1.29920208,0.58952391,0.33022738,1.36778843,-0.239318,0.7996757,-0.56639218,-0.16623397,0.00751042,0.9458304,0.54193294,-0.74830717,1.26675141,-0.55339742,-0.6832304,1.90321636,0.93614972,0.07863164,-1.02377689,-0.22466502,1.99020493,0.6366356,-0.67446804,-0.44571871,-0.65453446,b'4'
631,-7.47705984,4.1569829,5.98595667,9.23219299,0.43785989,-5.46152115,1.48174047,2.01915741,-1.09183216,0.2423569,7.50232172,4.307271,-3.6540947,-0.08454639,0.08021045,-0.11436439,2.74925017,2.22004485,-1.77775693,2.87422705,-1.4642067,-0.8087191,1.26600707,2.96180534,-3.40599632,0.32041082,0.38948226,4.04869032,-1.50430679,2.59497452,0.89264035,-1.33685255,-2.10421848,-0.97550541,1.40661263,1.14556992,0.89672422,0.87617821,-2.54187632,-1.29849052,3.34447217,1.53596234,0.35417551,-1.18767047,1.5822196,0.89542699,0.41618466,-1.26451278,0.83643931,-0.51898795,0.62739801,-0.04965687,0.9450109,0.72003514,-2.67076015,-1.36069453,0.2931149,-0.08206297,-1.41428757,0.1450665,-0.68345004,-0.02936888,0.29360712,0.05106178,b'4'
632,-1.43844664,0.28500915,7.57875824,13.37163639,6.79759598,-2.29359913,-1.47400618,-2.51873398,-1.42868233,-3.32379413,4.09968185,4.73789978,0.5862909,0.61282581,-0.4698472,6.60524559,1.37547851,1.8575902,-0.69146645,0.63838696,1.71736026,3.09638619,1.92984056,0.2501533,-2.2389555,1.33618402,-1.01447988,1.25780869,3.13660479,-0.55268252,-3.28064203,1.57641125,-0.93676513,0.56019044,-0.77927625,-1.57887661,1.73322797,1.17187059,-1.96481431,-1.80793536,0.75878477,0.65576589,-0.64836591,-0.18239792,-1.58921826,-0.08552174,0.89792031,-0.96230531,0.48511124,-1.35851216,0.29303795,1.20355654,-0.25001502,0.5590089,0.64560062,-0.91932786,-0.1175468,-0.73666674,-0.87706113,0.59806359,-0.00166787,0.27096736,-0.22576612,-1.03477502,b'4'
633,7.37407255,4.45254898,-1.19500041,0.26361188,-1.49286389,-5.88473892,0.93533468,-6.66317081,-3.13824129,-2.38236666,4.66540337,2.78136754,2.71349859,-2.05504704,-2.45400667,6.21245718,3.36740708,4.0308218,-2.08547783,4.16378307,0.51320255,-1.07431388,-1.15435302,-6.08688068,-0.44805428,0.97799903,-0.58911937,1.85972691,2.9024334,-1.69403243,-0.41002262,4.36030626,1.29404569,-0.13198286,0.38115829,0.66905165,3.62498736,-0.0906716,-0.08471465,-0.87365115,-2.06849432,0.41514897,-1.4268235,2.05349612,-0.13371611,-1.70860267,0.18554518,1.13250077,1.00601768,-0.00378287,-0.21415322,1.62635183,-1.20915937,1.57400763,0.06984365,-1.60481644,-0.34451556,-0.09974942,-0.56956577,0.0527705,-1.44680142,-0.18457429,0.77112484,-0.26276004,b'4'
634,-1.84810138,3.08730841,6.36625576,12.37897301,9.04163933,0.47485739,1.12135601,-3.50190663,2.95973539,-4.42779493,3.3814559,1.04848146,1.71089303,2.26507044,-2.95860147,5.24448347,2.87442517,0.77084112,-2.55892086,-1.0690788,0.73773384,1.40614688,2.05844116,0.22762036,-2.11971521,0.27583808,-0.24970412,2.87350368,0.3486011,-1.0394268,-1.17630136,3.18928957,0.3026033,-0.92448622,1.22653389,-0.53536296,0.4231441,0.43133253,-0.11723423,-0.65226245,-0.28090388,0.27490214,1.75744319,-0.46510011,-0.29056001,0.35851866,0.42393449,1.3540976,0.0185394,2.23415565,0.66446453,-0.59328818,0.47887087,-0.35906661,0.57352817,0.37741995,0.78351998,-0.48875022,-1.72967052,1.2584511,-0.30523902,0.48551983,-0.25505239,0.00560448,b'4'
635,1.14681804,3.94435358,5.74719191,11.65919495,6.01326704,-0.72289491,4.83383226,-6.18871784,-0.9513464,0.54734278,0.05573869,-0.73289609,-0.37424362,1.93138456,-3.16098642,-0.14634061,4.03601456,2.58177114,1.4042145,-1.48137712,-3.61132431,1.17335677,3.85825849,-0.65443873,1.75371182,-0.29757014,-0.45282644,0.03433812,-0.82097149,1.0168649,0.62965214,0.12447977,1.18300068,0.4327026,-1.10010624,-1.66056907,-0.84352779,0.51091826,-0.67961109,-0.03078458,-1.21712959,-0.61872667,-0.7651242,1.39055181,2.03226733,-1.08615196,1.21465623,-0.36468101,-0.32817471,-0.80498195,-0.88568985,-0.60014808,-0.41420794,1.38216972,0.93480814,1.53780198,-1.02228355,0.22602233,0.71294934,-1.11273205,-0.44417307,-0.44776413,-0.1250512,-0.36696973,b'4'
636,-3.47219992,1.07842398,6.44679022,12.83845997,1.20157731,-1.57586813,-5.04633999,-5.19705105,0.25911379,3.66987944,2.89583278,2.96991873,3.01786494,-2.24431539,-2.94436216,1.29472756,0.05696476,2.00714493,0.58354652,2.68142223,-1.96863079,-1.03251314,0.45342433,1.54902744,-2.24495459,-0.61488742,3.10031128,1.7609086,2.18822765,-2.51181221,0.85850322,0.8584919,-1.62575495,0.57864946,1.95542228,3.11961555,-1.0111171,-3.01241088,1.08845925,-1.83987164,-0.36565733,0.0313856,0.21110031,1.18911922,1.53351831,-0.90318871,-0.262833,-0.20201421,-0.47014242,-0.0368737,-0.19283591,1.93551147,0.70210993,-0.604684,0.67443323,0.94031906,-1.60841179,0.14105245,-0.79768926,1.92935431,1.35735726,-2.20105219,-0.83402097,0.10634089,b'4'
637,5.36768627,-0.07382822,2.42186952,10.88417149,1.92083561,-2.75299621,-1.16781712,-7.99676514,-2.40216732,0.35609645,5.21690464,2.74735165,5.33519745,-1.46249962,-3.49989367,4.33300018,0.65630293,0.2107656,0.63766611,1.62223983,0.68443072,1.48624349,-0.44444808,-0.88359189,-2.33517456,2.7124126,0.26248991,2.26954865,1.01135969,-4.02083874,-1.89082348,2.13841248,0.54271835,-2.38644886,0.13276029,-0.1646696,0.47973633,0.7499311,0.05629086,-1.28820717,1.80368853,0.1480982,0.29136416,-0.03956065,0.5543837,0.14182118,0.00834569,0.47099328,0.13137159,0.51740098,0.04927664,0.60040605,-0.13463116,-0.68648362,2.07563448,-0.4712846,0.00168943,0.31567615,-2.5029099,1.34900796,0.28679478,-1.54827881,0.50861716,-1.19963574,b'4'
638,1.96388185,-1.30532455,7.37220526,12.0505991,2.44473839,0.4554649,-2.04557562,-7.12913704,-1.76584816,-0.43882263,1.16290092,0.48981547,0.38207984,-3.07710314,-2.17250872,2.09374738,0.53746319,-2.56215429,3.48594809,1.55825496,-1.40254807,2.28412294,-1.62451375,-0.78853989,-2.81719351,3.70088601,-0.37189442,2.55547857,1.42524743,-1.61299789,-3.86834621,2.75279522,1.26691163,-0.18678874,-1.16851187,-0.23998424,0.94491959,2.27637053,0.79636174,-0.43699321,0.50735378,0.88077521,1.56359553,-0.12541714,0.01556385,0.74242103,-0.35405785,0.68711364,-0.33115786,0.14551508,-0.58157665,-0.21737742,0.73956478,-0.36353326,0.28548002,-0.52293622,0.62430072,0.23457487,-0.05904388,0.51893234,-0.41748929,-1.2478137,0.96505511,-1.84638369,b'4'
639,-1.5996412,3.16512823,-1.7852304,10.91639423,3.46389627,-3.79736304,-3.51055193,-0.43324411,-1.10229397,1.71031046,2.22808218,3.66063285,1.01040208,1.50618994,-0.78669691,0.92192042,-0.73924625,4.64606571,-0.96948785,5.55367231,-0.81851947,5.15544128,2.3421917,-0.61307716,-1.98006344,-3.03401709,2.83554697,0.79885387,-0.22011995,0.68490767,-1.41118348,0.19380665,-1.19911766,1.88011122,3.32238984,-1.29235244,0.88757586,-1.82071376,0.74363369,2.58724475,-1.32248223,1.16963983,-1.16909766,-1.26543641,-0.41272044,0.28911307,1.6782881,0.43767095,1.93648243,-0.28505248,0.88906932,-0.47755063,1.75090265,2.10063744,-1.405936,-2.26880693,-0.36260319,1.03023267,-0.77002668,-0.41367584,-1.17820072,0.29140532,-0.33149821,-0.30823362,b'4'
640,6.54017782,-2.24888802,0.4624244,4.26806211,-8.21310997,2.08925533,-3.2386198,-1.53231812,-3.57133245,4.55664587,5.83441639,4.00122356,2.38240385,1.45824134,-0.40366793,0.31543529,4.06523895,2.47048187,-3.96237588,1.64933562,0.56892139,-3.85606146,2.8644371,-0.79739928,-5.05873489,-4.90948582,-1.52456796,1.75876641,0.20176268,3.60027504,-3.08029127,1.75225592,-1.82478726,1.73805285,1.5612191,-1.66444004,2.03090501,-1.53838968,1.19370878,0.43016255,-0.1614064,-1.61792755,-0.61880314,1.70057809,1.05506504,0.41787028,1.76658773,-0.85353017,-0.43797868,-0.02365196,1.03437245,0.30799288,1.05672204,2.26679826,-0.71514004,0.60154259,-0.48265529,-0.28701001,0.9188816,-0.37828606,-0.80412233,1.09166431,-0.04152167,-1.5236088,b'4'
641,8.65352058,-2.44645166,-0.2789681,9.12482929,-0.48251182,-0.76346731,-5.11241627,-2.0825789,-3.8229785,4.22031689,5.23638868,4.26998472,5.07582521,-0.24394909,-0.81384659,2.85878015,1.11604095,0.39605188,-0.23714362,0.10479665,3.14359474,-2.79307532,0.27825639,1.40617323,-3.1203351,-0.08277887,-0.14154762,0.9761101,2.46383762,1.36306322,-1.06148207,-0.1019702,-1.61677861,0.30010772,-2.73304081,-3.60662246,2.77534175,0.74353695,-0.76867044,-0.46168554,0.23434889,1.90790808,-0.88615382,0.16397201,-0.07753658,-1.73051858,0.48289758,-0.69494796,-0.64830625,-0.65749532,1.53264844,-0.23417902,1.32992721,-0.64123583,0.13334805,-1.03475642,-0.89858031,0.121741,-0.3225731,-0.02300763,-1.44376063,1.43201303,1.3884362,-0.20567685,b'4'
642,7.00974131,-1.87855053,0.18801746,10.27585411,-1.74438095,0.65621102,-3.49924421,-4.28949356,-2.38184834,6.22376776,3.72624731,3.44968605,5.23383284,0.11135378,-0.81911087,0.74402606,2.79070354,1.59403515,2.18447089,0.779814,1.41559863,-2.35112548,0.74492621,1.13618231,-4.78389931,0.14916444,1.07102334,0.7434479,1.00329638,0.71768951,-0.04951775,1.67551756,-0.34978551,-1.26386547,-1.18422461,-0.97237957,2.51181149,-1.21599174,-0.20596325,-1.12127769,-0.85207129,2.51837683,0.87176669,-0.08251372,-1.23163617,-0.31178525,0.67062002,-0.72756934,1.00160336,0.38145924,1.71086299,-2.09280467,1.18438017,0.42449158,-0.38167232,-0.81266189,-0.71513271,1.17292583,-0.92109245,-1.35128486,0.16840439,1.16472292,0.21267927,0.61700392,b'4'
643,7.63023996,-1.91964149,-0.99504632,9.85881042,-2.78829718,1.77153039,-1.96537733,-3.40528321,-0.8546381,8.20604324,2.25564265,0.58650112,6.79127264,1.46645045,-0.83828402,1.36835265,0.08630407,1.72153044,-2.53758311,0.86736107,1.28082061,-1.86648798,0.74894857,1.13936615,-2.79919672,0.28198862,1.58252633,1.56686878,-0.17337132,1.01264131,-1.69775522,3.50782919,-0.80181086,1.63394737,-1.27590132,-0.92694366,2.0472343,0.32109481,0.37252402,0.10216939,-2.32676077,-0.17779736,0.97304887,-1.03061783,-0.07508969,-0.76067942,0.92753583,-0.39987826,3.22285724,-0.74251425,2.02248621,-1.51380897,1.03859496,0.54665369,0.90837544,-0.75142199,-0.8693316,0.96994781,-1.0872761,0.21559227,0.48687303,1.71817613,0.3463366,-1.02439487,b'4'
644,-4.81270695,-2.2282207,4.88357115,15.53251839,1.45429456,1.3206594,-0.33542204,1.84497154,0.63472033,5.31205225,0.71892452,3.01860452,3.55885887,1.12765443,-3.77630901,-0.2197032,-3.03990602,2.04176545,-2.61700749,-1.00375557,0.35849938,2.88807869,1.12176633,0.72400475,-2.05750871,-2.00334096,3.09744215,-0.14300823,-0.30254507,-1.44877648,-3.24206305,2.32821274,1.26569617,1.5607996,1.08619368,-1.5629431,2.60141683,-1.15036178,2.92114925,-0.03393587,-1.34795594,1.82460201,-0.0651724,-1.47147858,-0.94157159,1.05501652,-0.45934784,0.38487434,2.79000735,0.47905195,1.38820887,-0.83199358,0.7244724,0.18795979,0.15375978,-0.2301755,0.29995465,-0.31715435,-0.37743556,-0.87751222,-0.86338079,0.50235522,-0.37733117,-1.07801759,b'4'
645,-3.18094301,-2.06931877,5.87370586,11.10678577,4.47343016,-2.81376719,-3.26501846,-5.94971371,0.69501972,2.26770687,6.72171688,4.47234201,3.14414978,-1.28188288,-3.0476594,3.21786022,-0.05113268,1.23503065,-2.04025745,4.71620655,2.54381514,2.05258703,2.72687936,-2.55141664,-1.28250229,3.40163136,1.55602777,3.30376577,2.45615482,-3.05009937,-1.72233951,3.36645842,-0.00911321,-0.04934043,1.2414155,0.225545,0.186023,-1.2719183,1.13749075,-2.66790104,0.05186486,2.52699065,-0.13937308,0.03581727,-0.86119163,-1.35302889,0.49321932,-0.12943053,-0.03017591,-0.69719225,0.58285618,2.30118823,1.15708017,-0.74346209,0.23958087,0.0605557,2.01296425,-0.11664437,-0.61939031,0.06469178,-0.45689255,-0.02864715,-1.96079373,-0.44417909,b'4'
646,-3.66651249,3.76568365,2.58127499,12.24787998,-0.78128982,-2.03244495,-4.18303394,-2.78540134,-3.38538313,2.08389378,0.82890534,5.19497299,1.03021073,-2.3811419,-2.62542295,1.08347058,-0.97024709,-0.91790831,-0.81473678,3.94934893,-2.28898883,1.87829399,0.4697732,1.01880503,-4.01114798,-0.66010064,2.73232698,0.92044377,0.36947417,-0.35446417,0.49138832,1.08277798,-1.04172432,1.49785089,2.20194149,-0.40371683,1.44694853,-2.27460718,-1.56543005,-0.87919861,1.37587476,0.93613899,-0.59437275,0.61741632,1.01891446,0.85007483,-0.70860124,0.94675612,-0.35333723,-0.48844105,1.59475362,-0.73010695,1.31967282,-0.96772146,-2.7910409,0.56417072,-1.44842005,0.384022,-1.94796777,1.18518841,-0.75469512,-0.34789678,-0.44577199,-0.86661762,b'4'
647,9.43585682,3.93722534,5.945189,1.1429162,-2.17001486,2.44296551,-5.68514633,2.71052456,5.61790943,-1.38729095,4.07691813,6.33270168,1.2869457,-7.2116971,-0.20926857,2.91489148,4.26443577,0.7885766,-4.4012661,2.90679026,0.34603977,-4.25914097,0.6812883,-2.54864788,-1.43630934,2.28893137,0.64160097,3.45801783,2.50725555,0.87001467,-0.17959917,5.5668788,0.72457081,-0.64317364,-1.90821648,2.49443913,0.20137978,2.06213522,0.29162514,-0.09141189,-0.84948456,0.67665589,1.0566684,-0.20497073,0.43266654,-0.00565401,0.77155751,-0.69365478,-0.62282288,-0.50052804,-0.18926536,0.8368094,1.79557872,0.01602185,1.53666282,1.49208927,-0.52050757,2.20214057,-0.45587611,0.28872347,0.37011051,0.20570511,-0.50340325,0.04993435,b'4'
648,-5.86505413,-1.37826717,0.09530097,1.15723836,9.74028301,-0.10695851,9.00011826,3.40059185,-1.41472197,1.6764605,6.86819458,9.00305462,-4.48235607,-1.89872622,0.09202766,-7.6590662,-0.41442704,0.77793109,1.26082039,0.37232995,1.09005558,-3.6017046,-3.10564709,1.52266169,-1.81624162,-4.96485567,-0.37897545,-2.05282354,-0.14956951,0.65791655,3.87978315,-0.44039822,1.80225384,-0.22618955,1.96704865,4.96230364,-0.61763394,1.07557881,-1.33932769,0.52071464,1.05943346,-0.36548102,-1.80102789,-0.49615067,0.89366084,-0.28561604,0.21088222,-2.61910319,0.18637833,1.21207273,0.04682837,-0.97903669,0.07022166,-1.18980646,-1.96619797,0.34086585,-0.69349098,0.72401029,-0.31231478,1.07116663,-1.2888509,-0.18737975,0.70151865,0.31541288,b'4'
649,5.36302423,5.73627663,2.38404799,9.23213768,5.20017242,2.75970936,-1.70631409,-5.23924255,-0.99845266,-4.86550331,-0.1962924,0.47688913,2.28548622,2.67473412,-1.27242708,6.15686893,-0.7303462,2.71062064,1.49176478,-4.09784794,3.04657841,2.91279316,3.78079748,1.79551172,-1.3150959,-1.42218637,0.4300065,0.85784602,-0.88596535,-1.30437183,1.31546783,1.58751678,-1.58454442,-2.08730578,0.05530268,0.70125437,2.79933858,-0.88117439,-1.38925016,0.75828004,0.61374521,-1.81290162,-0.11202858,-1.92677069,0.67638659,0.27849656,1.82283545,-0.41416812,0.67758447,0.96480906,1.60963094,0.36370885,-1.93083596,0.670367,2.00873232,-0.47958186,0.35003471,-0.3854816,-0.49118769,0.30973113,0.25170285,-0.95210046,0.04570591,1.06489575,b'4'
650,-1.31989026,4.42131567,5.75656176,10.48213959,6.98367214,-0.96366549,8.09882736,-3.0563333,3.34627581,-3.57617712,-0.98904061,-0.54034162,2.68714881,1.2753197,-1.35644579,4.80759716,3.95855498,1.12647009,0.37329841,-2.78168631,-3.17611909,1.83159685,3.21942616,0.31888795,-1.43622017,-1.84860909,2.82095194,2.8522706,-0.82021093,0.5914427,-0.66967094,2.79029655,1.78891802,-0.87641567,1.48248887,-3.08051276,-0.0548377,2.9061296,1.09246838,1.25873625,-0.96284378,-0.99947375,-0.29250425,1.75358164,-0.98531401,0.34603465,0.25445101,2.06475449,0.42516613,1.76087558,-1.48670006,0.43152303,-0.27914405,-0.82754374,1.29482424,0.2491194,-0.92767549,-0.79074401,0.34150708,0.18208075,-0.69597119,-0.40697768,1.04678655,0.42133236,b'4'
651,-5.34951878,2.79063654,6.66253185,13.15354443,6.24548101,-1.88969326,-0.13664961,-4.09157562,3.28224659,-0.2174415,5.25476027,2.11373591,0.59700084,1.1976074,0.62440038,3.2112484,2.68232036,2.37574577,-0.56930804,1.98594999,-0.59277248,1.44791567,0.12156409,2.43602896,-1.54099596,1.11128139,3.20776939,6.18840456,0.35559106,2.62078714,0.18474865,1.0691371,-0.31145924,0.02940047,1.44296992,0.8962723,-0.8021903,-1.08728671,0.40045035,-2.30968714,-1.97044361,1.57244277,1.78292513,1.34515262,0.39891541,-1.03995419,1.06609428,1.26683509,0.33751482,0.50673878,0.33447194,-1.68253613,1.35005045,0.98671073,0.57215869,1.50844693,-0.52065825,1.32136381,-1.32156968,0.48098397,1.5124383,0.02889001,-0.41630656,-0.17297587,b'4'
652,-2.07587242,-1.7160424,11.23320293,10.75072002,3.65097475,-0.20298278,-0.59733391,5.54730225,2.05561781,-3.58934331,1.61149144,-1.72124982,0.17238963,0.13109195,-4.59405518,-0.50463533,-4.76272774,-1.85231209,1.96535778,1.93044043,1.7212441,4.9081459,-1.45507836,0.12609029,-1.44441056,2.56154799,1.10123706,-0.03652275,0.06382847,1.16654336,-2.58744144,1.52347851,2.81878471,0.25535053,1.78855896,-0.90825331,0.90326357,2.2100904,-1.16509402,-0.85669899,-0.0765357,1.01609826,0.61720604,0.69810569,2.01892281,0.40104359,2.25163174,0.31174397,1.19888997,1.0791012,0.24172217,-0.14414948,0.32257152,1.31633615,0.01161194,0.71091592,1.07194567,-0.50045127,-0.34415936,-2.63241196,-0.45946038,0.31751835,1.32042205,-1.40645695,b'4'
653,6.61246443,-1.23528218,-0.97597653,10.96572685,-0.36882371,-0.6966517,-0.97146034,-5.221735,-0.41532469,6.44765091,3.8433857,3.2064898,5.68940973,0.55107242,0.54635596,-0.37052131,2.60792947,1.77766442,0.03319442,2.7080121,-0.02609123,-2.12716675,0.61651182,1.12527084,-3.98729753,-0.33747166,0.34302133,0.99313045,1.77501798,-0.48301461,-0.72405493,2.75851679,1.32594764,-0.45867902,-2.77543402,-0.68792284,1.59203601,-1.35866952,-0.32633555,0.32878596,-0.43611729,1.81894839,0.86446655,-1.53697872,-1.31733739,-0.3759231,0.33756509,-1.06200099,3.20785785,-1.07508707,1.76080012,-1.99276876,1.01097953,0.49716043,-0.4368338,-0.22558314,-0.75368738,1.035694,-0.33428174,-0.9776417,1.11507261,0.89720446,-0.1572718,0.00147945,b'4'
654,-2.20789337,-0.96045852,5.75141764,15.57508755,4.63983822,-1.88048768,-0.82667255,-3.31578279,-0.80310726,2.29139662,2.9384706,3.91716981,3.22339654,0.10837345,-3.95575523,1.86355996,0.4116416,1.29114699,-2.06133962,-0.0524137,1.9791553,1.77003217,3.05341554,1.11385393,-3.45503855,1.07721567,-0.01249415,2.03669572,0.35259557,-1.10707748,-1.02274001,1.08067417,0.54618013,-1.16417885,-1.15547442,-0.59623373,1.3112061,-1.16927338,-1.22143304,-0.95373136,0.02665687,-0.18433635,0.35998869,-1.7659483,0.9335503,-0.21742682,1.34409404,-0.35911632,0.35673028,-1.18724656,1.09227526,0.21567714,-1.00958014,0.39448094,1.21221507,1.03290725,-0.03222823,-0.83043075,-0.30174407,-0.61167639,0.25027895,-0.22858061,-0.91908938,-0.50995964,b'4'
655,1.71071231,0.36538768,-2.46339846,14.36370564,4.53190136,-1.00218272,-0.39280891,-4.68648148,-0.57807255,4.41636992,4.55945539,2.48191452,2.8030324,0.86094069,-0.17382288,1.49225247,-0.02453744,0.24196887,-4.52915192,2.53728342,1.7276547,-0.81328088,-0.74138618,-1.48931324,-2.43377781,-0.85956049,-0.41715968,1.6209445,0.22410774,2.35609818,-2.02927065,-1.16724157,0.6697101,-1.28001213,0.50748944,-1.76816094,2.2675879,0.92108488,-0.24780142,-0.35138229,-1.36142814,0.42951551,-1.7140969,-2.35912895,-0.02292907,-1.16162872,1.83484805,0.68671727,0.40509737,-2.5274744,2.88287044,-2.43348289,0.54619145,1.03570557,0.38122475,-0.58806843,-0.97311139,0.96900332,-0.14536506,-1.33093488,0.69578242,-1.30216432,-0.02243215,1.28512645,b'4'
656,9.98965359,1.53615093,3.11551428,2.94092655,-4.04088545,2.28431177,-5.552351,2.34612799,-1.02752352,1.70082378,4.19665384,6.77106762,2.30804873,-3.73189926,-3.08727074,3.66371584,4.66244888,-0.18089443,-4.83901024,1.54187918,0.67098331,-3.52164698,-1.14389813,-2.10880113,-3.2282505,-1.7190491,-0.19033319,2.932199,0.9048233,2.27253962,-0.62910593,3.57190132,-1.85102952,1.52795911,-1.06780076,-0.66157401,2.28916144,-0.38833886,-0.08349109,0.23091263,0.53122866,-0.15483861,1.94032037,0.74619192,1.42218935,-0.95185971,0.0517377,-0.42661333,-1.74880075,0.66956842,-0.24171101,0.12039518,-0.3104558,0.13614357,1.43149424,0.15998173,-0.79051638,-0.74796152,-1.08176589,1.61580598,-0.43819886,1.27800179,-1.5505079,0.66416359,b'4'
657,2.34957981,1.44464254,5.0628953,8.64645576,8.00291538,4.24197292,2.44499731,-6.87565804,4.76816034,-4.70270395,-1.06758475,-1.51824069,1.06961179,0.65887243,-3.83499956,1.66873002,1.77556586,0.99209607,3.99336982,-3.24069023,0.81333613,1.14275455,2.59605575,1.20638275,0.67988753,0.37505335,-0.2645185,-1.22871935,-2.00896931,-0.86388099,-0.89388716,1.35602808,0.19776136,-1.0131855,-1.29978156,1.28132975,1.49238181,-0.07602137,2.08269191,0.15604526,0.48870575,1.19711959,3.19318271,1.04190385,0.55504632,-1.2980839,0.46876752,-0.82693124,-1.49608374,1.27170229,-0.99620473,-0.52241158,-0.61310554,-0.5289855,2.39032626,0.89546549,-0.09415746,0.263376,-0.16004828,-2.04484987,-0.82716787,1.45603037,-0.84637809,-2.03960443,b'4'
658,3.07023954,3.99194813,2.01650167,6.82587147,0.30601847,-3.9063704,-1.22297096,-9.92270947,-3.56099939,-2.44637156,3.83159351,4.47080088,1.20148492,-6.28218699,-0.62525988,5.92064428,2.0055759,1.39748311,1.46668053,1.15146065,-0.36605811,-0.98097128,-3.53994632,0.55159569,-1.77473247,2.8581686,-0.05483341,-0.04287112,3.00755525,-1.57968593,-0.37667954,0.65650153,-1.11289132,-0.16886383,-0.9708513,-1.04265773,0.75750589,0.34003574,0.05473042,-0.55225909,-0.15144134,1.78403485,0.01086693,1.18965149,0.0658356,-1.77921295,-0.60031903,0.26772428,-2.14183164,0.80531251,-1.49984372,-0.75463855,1.4707315,-0.79743814,-1.61467338,-2.32816124,-0.53529453,0.91581261,0.1648941,1.45453084,-1.84785342,-1.34340453,0.54647589,0.82475811,b'4'
659,11.43552017,5.05734634,3.87994623,2.63077545,0.03551483,-2.41736317,2.66078615,-4.83769608,0.78096819,0.46288949,2.7834878,-4.45498943,6.85521364,-0.66808099,-3.3103137,2.55152512,0.07117081,1.91090035,0.99281788,-2.00223184,0.63532031,1.35985661,-3.69280481,-1.80231726,1.64726794,1.50625765,-0.45537958,-1.15502512,1.11541724,-0.60071743,-1.31801403,2.83973837,2.06673861,0.60744822,1.37686789,0.43941632,-1.84247565,1.82406342,1.54381382,-1.47123885,0.42673314,0.76829427,0.307105,0.9730801,-0.62718296,-1.19454634,0.08099836,0.91410041,0.33689713,-0.10409886,-1.03511608,1.57240224,-1.35393238,-0.45231307,0.692348,2.24127531,-0.24815249,-0.57290733,-0.18484858,0.92664468,0.04305331,0.52630115,-1.01865435,0.22880545,b'4'
660,-3.21787667,3.56119585,8.87521553,11.40402508,3.98301554,-3.87685752,2.02995014,-1.76069808,2.05890274,0.56922102,1.17877758,1.71825337,2.71180391,-2.53288746,-5.97610664,0.50573432,0.26027584,-0.81856656,-0.69987124,0.40945625,-4.05934858,1.32676649,0.23175269,-0.66380572,-1.32384586,3.50311375,2.94338465,0.58823729,-2.12433767,0.41169596,0.87550712,2.23306465,0.34285754,-2.22382116,1.15811121,-0.16562566,-0.2467351,1.45970058,-0.42064822,-1.44660187,1.6021893,1.20217919,-0.63600755,-1.33326173,2.37413526,-0.34891587,0.66745496,2.43187976,0.65675324,0.76365626,-0.1292267,-0.2127676,-0.39214683,2.08896494,-0.89149874,0.17013276,-0.20866942,-0.42103142,-0.96255767,-0.47394013,-0.10405299,-1.18607712,-0.75604266,-0.75760144,b'4'
661,0.24058008,-1.23620081,3.69247007,13.77772903,1.1669997,-1.02860284,-0.5417676,-3.06450152,-2.99675417,4.45709944,0.91629517,4.54929543,-1.58497667,-1.14124811,-3.7101655,2.39817333,0.67006969,-1.00526619,1.76135492,3.07670116,0.57951868,-0.27570683,4.43622828,2.65574932,-4.31568623,-1.751984,-0.54985458,0.64967513,1.06614184,-1.13349235,-1.99291456,1.09442973,-1.22126257,0.8323313,-0.51386666,-2.36355281,0.8739388,0.01550567,0.47329473,0.30377668,-1.2198689,2.35877395,0.1052755,0.24871124,-0.48502243,-1.28047621,0.88774604,-1.784477,1.03544974,-1.96000636,0.05083679,0.621261,0.07654452,-1.36304832,-0.43170053,-2.03394413,0.85246313,0.42384642,-0.16516647,0.10170043,-1.55581248,0.10946697,0.05332243,-0.73427653,b'4'
662,-3.74386168,-0.68028164,5.04249525,10.79612923,4.34998894,-1.42611957,-2.32046652,3.09317613,0.28429604,2.53810048,3.76632166,6.00290442,3.87409139,-0.36263534,-7.14808655,2.00649214,-1.52979612,1.92171764,-2.61218643,1.1941545,0.51447368,4.8792448,2.61518145,-0.40915155,-2.24115372,1.71041596,3.04460382,1.45345545,1.28688407,-1.08727705,-3.13379383,2.12726212,-0.21443923,0.98529994,1.36822987,-2.50087023,1.66036963,0.25796014,-0.92076385,-1.84224284,0.92571473,2.32567763,1.21149945,-0.028614,0.93103677,-0.13503522,-1.47825181,-0.91277528,1.08862138,-0.65639037,1.98352706,-1.15748692,1.33998966,-0.26846945,-0.88613647,-1.95171106,2.3386929,0.76802844,-0.53757375,-2.1674571,-0.85508984,-0.58630031,-0.92425835,-0.79911906,b'4'
663,4.60846615,-0.42528987,5.05973053,10.89092636,2.73738337,-1.89087772,-3.01251459,-7.30442715,0.43802786,3.91883278,7.01232529,2.76737046,3.1495657,4.45952606,-0.46172714,0.59131277,2.19473767,1.65039325,2.06499839,0.39702821,3.58312464,0.6550172,-2.19599056,-1.97238827,-1.53690434,-0.10804304,0.50671005,0.74558079,0.29493594,1.42554462,-2.27427673,0.00879526,0.79386306,0.02822536,-2.91675258,-0.54027319,2.58580661,-2.15776014,-0.51711929,-2.59537125,-2.3380096,2.1954124,-0.00026469,-0.92226297,1.10814941,0.18400952,1.20573735,-0.42781186,-0.63307774,0.56790102,2.08961487,-3.12865067,1.42139292,2.20415592,0.72603238,1.74567986,-0.01948762,0.27268696,0.9734748,0.45417786,-0.25576544,-1.62857771,-0.23416412,0.66597909,b'4'
664,-3.77651691,1.53480387,5.12968636,14.25343609,5.4906435,-3.04189324,-0.99307919,-2.31895638,1.04213572,1.9982276,2.22255516,1.93547738,2.21376491,-0.85673809,-3.60159636,0.53846133,0.22847986,-0.03234065,-2.76150751,1.36151576,-3.09585738,1.61539567,-0.66524315,1.83756876,-3.50127029,0.30815527,2.48226309,5.50299025,0.06725645,-1.91831291,-0.57601917,0.77041173,-0.47258437,-0.63995177,3.00820875,0.36158016,-0.47579479,-0.41745967,-1.22912443,-0.68617237,0.65638077,0.71564597,0.62275112,0.30971229,1.91914642,-1.17178011,-0.59155965,1.41514659,0.21617243,-0.00047171,0.43313718,0.9759348,0.98647892,-0.4378922,0.3130396,0.65927553,-0.26159692,0.07320838,-1.03244042,1.76104891,1.38324928,0.1773749,-0.72714651,0.00129024,b'4'
665,5.24629354,-1.51288474,-3.7721653,10.50286865,2.69431829,-0.86718035,-3.40852976,-3.92053533,-1.85764027,4.49718904,6.627985,2.97270608,5.92815685,1.15479493,-1.98259974,0.58211577,2.2764194,1.62322521,-1.57315981,1.52095747,1.34458613,-1.35580587,-0.29845962,-1.5403676,-0.61620772,1.3721379,0.78783762,2.39395261,2.06244707,-1.55161023,-0.39337289,2.01259565,-0.40723878,-3.01014829,-1.37815094,-1.5218004,2.01513124,0.01855385,-0.06938398,-0.25443786,0.0232693,1.34882092,-0.24602099,-1.7943716,-0.45611107,-0.64918143,0.85468328,-0.70968223,2.30106521,-0.94930875,0.52669358,-1.90986347,0.92953849,1.14273119,0.60588634,-0.89769316,-0.8536706,1.31530809,-0.8390035,0.3458637,0.38692462,1.29438639,0.61579299,0.34611461,b'4'
666,8.37927818,-0.55068493,2.63185644,10.24032784,2.79048204,-0.5483017,-1.78927135,-4.48797131,-2.10973787,2.09331632,6.12061119,3.00496292,6.68684292,2.77857471,-4.73802185,2.12664866,1.30903864,0.46684599,1.99195027,0.33575392,1.14396501,-0.21856815,-0.81392252,-0.98714852,-1.02097511,0.24679703,-0.89679956,1.17407298,1.72750163,-1.58937263,-2.96160746,-0.04435205,1.72968268,-1.366436,-0.61726058,-1.69236648,2.196522,0.65957606,-0.83234584,-1.07405972,-0.39580238,0.78580356,-1.78832448,-1.12107825,-0.00975251,-0.46795413,1.26014435,0.91214728,0.74706906,0.89422655,1.72505105,-0.55777657,1.46483064,1.10038757,0.13170505,-0.87220651,0.63388348,-0.05980884,0.27702421,-1.06008554,-0.00314668,-0.73731405,1.58791769,-1.03691638,b'4'
667,-1.83582103,2.76836061,6.33348846,13.00250435,5.46886683,-1.74270248,6.5469799,-3.4063642,-0.08397102,-1.73955917,1.92747939,0.63051271,1.978091,1.97947812,-3.86738873,5.50288105,2.18676972,0.37560296,2.3163774,-0.39881444,-0.07317595,2.76335907,2.04181576,-0.61259747,-0.37212902,-0.38262147,2.06487846,-0.12654644,-1.69229746,-0.74002993,-0.86019957,3.48758841,2.27100325,-1.04087067,1.28185105,-2.71256661,0.413728,0.47923744,1.25574267,0.78806067,-1.10900307,1.03225911,0.29284728,0.10981369,1.51985824,-0.30824524,0.8166213,0.08028913,2.23281646,1.01149559,-1.02174377,-0.21263874,-0.10614634,1.09158015,2.09664631,-0.10840881,-0.39703965,-1.51731801,0.80484277,-0.14909339,-1.336959,-0.49353415,0.49660397,-0.23477209,b'4'
668,-5.09393549,2.16131449,4.1996851,13.01908779,0.80116022,-4.47819328,0.55815887,4.98478985,-0.50407314,3.86041498,3.02901888,4.84603882,-0.80561423,-0.88342166,-2.61748457,2.9780221,-1.32407284,-0.25970531,-2.13160849,4.56238174,1.43813121,2.40610456,-0.33190605,2.10291004,-2.3635757,-2.80617547,-0.23213114,1.70966315,-0.11581373,0.44780576,-2.06828594,1.11165929,-0.54727507,1.32750916,0.38441741,0.04377824,1.94235349,-1.52937698,0.1514945,0.91810894,1.30247116,1.96669126,-0.17409116,-2.9639318,0.82926548,0.56041491,2.44160795,-1.26902628,1.98369241,-1.51975203,1.54891145,-0.46455288,0.50189722,-0.35062194,-0.04556751,-1.61642385,-0.13808084,-0.41805369,-0.87042677,-0.09374571,-0.69435441,-0.68501711,0.71111548,-1.41272676,b'4'
669,0.91856134,0.44621134,5.32305765,13.39153767,2.1844964,-1.55943537,-1.02298212,-7.1961956,-1.33417225,0.90617061,4.27422047,3.97059345,2.0722127,-2.53369379,-3.59073877,3.00599837,1.32838249,0.47051787,-0.69423032,3.07571888,-0.57734621,-0.201253,1.79195774,-0.76485801,-3.62522936,1.03943181,-0.31588709,3.57602406,2.08490372,-3.37538052,-0.89497125,2.72033834,0.70036376,0.11906278,-0.20024824,-0.45732656,1.66190457,-0.70918542,1.08432627,-1.17164373,0.42769992,-0.00133117,1.09488618,-0.16725639,1.47258174,-1.67883801,0.39848152,0.19762921,1.20419741,1.33338177,-0.69031906,0.79267013,-0.6946454,-1.40126109,1.62904406,-0.7391324,-0.23014879,-1.02103305,-2.04007888,0.86442959,0.42795026,-0.84469557,-0.37326139,-1.94596267,b'4'
670,-1.74573922,-0.27259612,4.85220051,11.90028286,1.72180808,-1.58318257,-4.13268661,-6.05237675,-3.39571905,0.80860686,7.6122694,5.75795174,1.9482621,0.64132041,-1.78341055,4.27175617,0.89357972,1.23464155,-2.83344531,4.339077,2.26783347,0.94852901,1.85027146,-2.16518545,0.21191901,-0.04224101,-1.34334302,2.52235675,2.96900511,-0.6362251,-0.72060096,3.6029067,0.19634618,2.38516665,-0.12210298,-2.47462821,2.33539653,-1.19528008,0.31530142,-0.27872002,0.03917158,1.44132912,-0.28859207,0.44066089,-0.73748231,-2.47148776,1.66805649,0.62311959,0.87869328,-1.16036737,-0.20085202,0.43863234,0.92460454,-0.84321332,0.27079076,-2.17276335,1.34006858,-0.49428046,-0.89781415,0.08638406,-2.24562359,-0.02656969,-0.64153296,-0.97738421,b'4'
671,-4.92481565,-1.7742604,10.14247131,10.84609795,1.488433,3.18101645,-1.68234682,-0.13031769,1.62427545,2.64507866,4.1520195,0.74303508,-5.7680335,-2.86862755,2.76843882,-1.47955775,0.58272934,2.94955683,4.4326601,-0.71937454,0.77267468,1.15486598,-1.78904259,2.44478703,-1.27682018,3.11632061,0.70607305,-0.41980577,-0.85463047,2.07755613,-1.49249089,1.90450382,-4.13174438,-1.14662862,2.10454631,-1.62764847,0.51876998,-1.32585239,-1.22324598,-3.18661714,1.15956235,2.65826893,-0.91462934,0.50531036,2.04779363,1.25385582,-0.23808844,2.35758471,-2.61133122,-0.18521631,0.71542311,1.39352369,0.6731137,-0.05909693,0.41474479,-1.00042486,0.51239634,-0.08601771,-0.86993551,0.87704849,-0.47821593,-1.49455309,0.41816938,0.09090452,b'4'
672,9.71221924,0.12776446,6.93090343,5.723876,-3.01646996,0.53614885,1.65106821,-0.78187823,1.26304245,4.82713223,6.14265919,3.59668255,5.85112858,1.72485578,-3.34487915,2.38528538,4.47664261,0.9120723,-3.56894565,4.00439072,-2.49193382,0.4449681,-2.22088146,-1.28146291,-2.43712997,-2.31652713,-0.00379077,3.18170738,-1.90067863,3.35915947,-2.00735235,2.23142004,1.10333347,-0.08576411,-1.67837238,-0.46603003,1.85609317,0.17314583,-0.15156829,1.09149325,-0.6385051,1.78272903,1.77974617,-0.2424278,3.14493752,-0.77486193,1.84174323,0.75543189,0.31744999,-1.7493912,1.11887145,-0.56686628,0.31907225,0.75040007,1.67080927,0.16266692,-0.53611612,-0.86693311,0.21591759,1.22380364,-1.72748792,0.74489135,-0.43707263,0.60269403,b'4'
673,-2.50534582,2.62617826,2.87757945,10.13874435,1.64918101,-5.56529713,-2.99933338,-1.91080952,-2.8549695,4.03888464,6.32980537,4.44175386,-2.90153694,2.31169534,-2.30103064,-1.19788551,1.38083744,0.47675598,-0.34559953,5.07066345,0.18030907,-1.10722208,2.90123677,2.26540232,-2.92350388,-2.33131194,-0.9149456,0.1336776,-0.47034502,-0.98773897,-0.93543637,-3.14111781,-3.5205369,1.48920548,0.21311361,0.29015207,-1.2222333,-0.91381639,-0.71107471,-0.98911053,2.15457487,1.57791626,-0.90111363,-0.06262023,2.34736252,0.75127059,-0.1942962,-1.42524362,1.47193718,-1.69797349,-0.37052393,0.79051232,0.90141177,-1.42309308,-0.2561304,0.17586082,-1.27504635,0.02722058,-0.78664351,0.24717999,-2.46666241,0.12605631,0.67133594,0.74392903,b'4'
674,7.16011095,3.54183245,2.24468851,2.79014111,-3.98266077,3.69258499,-1.72293186,2.20116305,5.53844929,2.79431772,5.04321051,7.48088646,1.92813277,-4.25281096,-2.16481018,0.41289341,5.24792957,1.96064353,-8.85886383,5.37375975,-1.16182339,-4.04344559,-0.07923314,-3.20730615,-1.05408847,0.52125758,1.49624503,2.78808403,0.74297094,1.55866301,-0.1334132,5.05376101,-0.23046125,1.63717031,-0.72269773,0.74931145,0.60534787,-0.25094694,1.19849145,-0.25925121,0.95486498,1.2541517,2.66649055,1.88158941,1.20335591,-1.0196017,1.21858323,0.94633555,2.34598994,-0.1707474,0.69970351,-0.20392144,1.60854888,1.47603667,0.38647538,2.30672312,-1.72012472,1.20470822,-0.00020278,-0.47915626,-0.6026116,1.67778897,-1.54676151,-0.82308674,b'4'
675,-6.37208366,-0.95466661,1.76875329,11.93896294,-1.52060342,-1.33499122,-4.88673592,-1.15591192,-1.48784161,1.88878894,1.38510847,3.76741123,-0.7340064,-0.85173208,0.04935455,-2.22729111,1.71507883,5.25835037,-5.49722767,0.29102898,-2.13679957,-1.00281858,4.439363,-0.27630806,-5.78928757,-0.03699577,1.24136031,1.52966261,0.24396944,0.68465018,-3.10459042,2.51860714,-1.43436944,2.08368611,1.68286085,0.29397869,1.90088058,-1.5581007,0.31262076,0.17118925,0.26334274,-1.48125684,-1.43175471,1.1774708,1.80733764,2.09885788,0.15343514,2.78187013,-0.59072387,1.76397288,-0.09129258,0.69538897,-0.30510449,1.77235949,1.09285402,0.90306377,-0.16213036,-0.52519673,-0.5242722,0.02723908,-0.80764067,-0.45186663,0.08259422,-1.05231214,b'4'
676,-1.60970879,-2.03239536,1.89478755,13.23666096,2.4479723,-1.75580049,-2.33091545,-6.34548378,0.29755926,3.57848978,4.53935528,4.95342445,3.00869131,-1.22551,-2.17212582,-0.09692788,2.33662343,2.92938375,-3.70668364,3.2172184,3.41398215,-2.54538846,6.00183058,-1.41430068,-2.60005045,-0.55943042,2.28025103,2.57402825,2.4390645,-1.47633171,-0.65874565,3.26269245,1.02312148,0.74871433,0.52573788,-0.56735063,1.65511823,-1.35505676,0.98806566,-0.06451955,-2.05178022,-0.14732857,-0.16559951,0.81805229,1.78926921,-0.98063856,1.20643926,1.29227805,1.66802263,0.15384936,-0.38562328,-0.29054832,0.57333279,-0.88072658,0.54135704,1.02615035,0.33114219,0.49207354,0.54584092,-0.47482467,-1.21399617,0.1776244,-0.59115911,-1.10760248,b'4'
677,7.35378122,1.49835491,6.54300833,6.60394239,3.04551363,0.89156711,-2.8750186,-8.29154587,0.64359426,-3.98507643,2.23908949,-2.63891292,3.30090714,3.62236118,-1.53674364,3.18887782,2.89937663,-0.0323168,5.75262737,0.60000849,-0.50201136,-0.08056515,-0.48697296,-1.89366829,-1.85953999,1.11865556,0.17557722,0.38977754,1.12896562,-0.02915215,-2.76239157,1.66864634,1.58179474,-1.02077127,1.08124149,1.04214704,-0.31135678,-1.88419628,2.43640113,-0.25967494,0.85052359,0.26744798,1.33620727,0.12646966,-0.12647414,1.93064356,-0.13541846,1.49741626,-0.24278721,1.36540473,-0.65789431,0.78493124,1.05482972,-1.47129583,0.5177176,0.67566454,0.45774198,-0.41823077,-0.56817091,1.40269697,-0.91686696,-0.85846007,0.73289502,1.09528363,b'4'
678,-4.24570942,1.78207541,-0.52502078,11.80122757,5.29876804,-5.0992136,1.42130375,-2.45111489,-4.00833082,-0.96728611,3.99538064,3.56312871,-0.13441706,0.18697101,-3.3350563,2.7790184,2.56346393,2.36023331,-3.39819169,3.20632792,-1.30305529,0.16627121,3.0603931,-0.24759555,-2.01911068,-1.36152792,1.60543478,0.32097518,-0.23065424,-0.40915978,1.4564997,0.63012147,-1.61956322,-3.2003727,-0.40462518,-0.96907282,1.68356919,-1.10424185,-1.81390178,-1.20969963,0.1050179,1.93114781,-2.02270579,1.72232103,0.73455149,0.44646156,0.59912491,-1.09362578,0.84973949,-1.74759543,-0.16885157,0.51952612,0.65984845,0.19383025,0.34486848,-0.29014751,-0.23211384,0.6218518,1.47689772,0.23581433,0.38143533,0.37614805,0.50265312,-0.68925852,b'4'
679,1.37585437,-4.02023554,-0.48643428,12.75200462,0.78431332,-0.84057617,-3.27758646,-5.22061634,3.09850264,7.33759451,2.20427704,3.8165493,4.53989363,2.65589142,-0.22126102,-2.81345081,0.85624075,2.83906341,-4.00236845,1.49517965,0.27932101,-4.4426918,2.19024086,-1.523314,-1.86957562,-0.53813332,0.61751664,0.86723864,-0.37206125,0.09146225,-1.50847733,1.01531744,-0.30228662,2.51431942,-0.33110833,0.20676549,1.15451097,0.06258065,0.03270292,0.79792833,-0.86242115,1.08608675,-0.95462835,-1.56949949,-1.98659575,0.49653041,1.04724097,0.40039492,1.87161088,-0.00885183,2.18857598,-1.57901621,2.542207,0.64116138,0.11531907,-0.29673105,-0.32660055,1.31299996,1.38204312,-0.32320124,-0.62396014,-1.90224075,-0.15496826,-0.62018198,b'4'
680,-7.9671874,0.97725582,5.81711578,12.64530087,-0.53847563,-1.51478291,-2.96635532,-1.96405435,1.02675533,1.03862894,1.36749542,4.57841682,3.07930565,-4.67487574,-1.84510899,2.71923947,-1.58412611,-0.77056122,-2.5103302,2.94292593,-0.84177148,0.67060769,2.15540075,1.24130535,-3.35670137,0.43925652,2.51289606,4.41945887,2.88327622,-2.8890419,-2.02746296,3.57402992,0.03901615,0.66308928,3.584692,-0.40988889,2.42421126,-1.8374567,0.58188128,0.27777642,0.32012665,0.21408978,-0.03534693,-0.4119485,1.7250067,0.52938247,-0.90773916,-0.347193,1.10442972,1.78249991,-0.31293648,0.66314048,1.31239343,0.17903948,-1.83669138,0.14827371,-0.99411464,0.07566178,-1.06206787,-0.26113874,0.08790879,0.10128111,0.72973073,-1.03145885,b'4'
681,12.33582211,0.21424055,-0.07932651,6.59757328,-2.86884665,4.66863966,-1.52775812,0.85079074,1.37628245,6.01916218,2.29771495,2.68011308,5.60559416,-0.9587118,-1.12174845,0.18284166,0.53607273,3.04343009,-4.44943905,2.22160482,-0.49509448,-1.95989156,0.61813319,-0.65320182,-2.47726536,-2.29250789,-0.58333617,4.48664904,-0.8999176,0.9593122,0.84562826,2.09423351,0.1722106,0.39058995,-1.01435578,-0.84603345,0.6913166,1.14517176,-0.72597444,2.1394124,-2.54553843,-2.42155957,-1.00896525,-0.16371745,-2.31452274,-0.37451199,0.98137885,1.10473859,2.24431372,1.51393831,0.82798505,-0.62002075,1.56895185,-0.44965887,-1.03811789,-1.22431469,0.40515065,-0.39558142,-1.25272727,-0.53328907,0.38520479,-0.61628777,-0.05003142,-2.87824917,b'4'
682,-5.28495979,5.7789402,3.59533787,10.25043678,4.45714903,-4.50822163,1.32936907,-0.76644337,1.62206459,-1.36737502,5.19913292,1.98881364,-0.13120925,1.08154309,-3.78438044,2.1882813,1.88783431,1.54212117,-2.67190814,4.49614573,-3.36310887,2.57799506,3.0086782,1.07065344,-3.71353531,0.02169136,2.26548862,2.69090724,-2.19043493,-0.81281966,-0.16159117,0.95819139,-1.46336257,0.1445002,4.57527542,0.1503574,0.38597584,-0.94462556,-0.07802761,-1.17393029,2.65436769,0.16133177,1.56865096,1.2377882,2.70370245,0.17783672,1.01592922,1.14454496,1.46235895,1.52638781,0.11768977,0.52618682,0.58797216,2.12607479,-1.17723632,0.21835399,-0.48992491,-0.58667892,-1.66254759,-0.61834908,-0.27121362,-0.66270691,0.49360955,-0.2508443,b'4'
683,-1.24036479,-0.58421683,6.91926718,11.45690155,4.27980232,-5.16639709,-2.13958406,-6.03442955,2.65673304,3.95373011,7.03214979,5.0138793,1.61978567,2.98955369,-2.4765501,0.25160301,2.28019309,1.68557811,-1.44275331,4.39614439,3.15276814,2.03783631,1.37942302,-1.43453479,-0.81066573,-1.90713549,1.18223298,3.10128403,1.4006145,-1.5190779,-0.85382497,2.15576363,-1.87004328,0.83142614,-2.1615448,-0.83315003,1.00686765,-1.87251091,0.25927496,-1.11406481,-1.26350141,2.12114143,-2.15642929,-0.52514738,1.49056888,-1.57933533,1.40941525,1.04135275,2.00091696,-0.14047438,1.36323321,0.12109852,0.69804251,1.45946205,1.02761734,0.45323312,-1.12158704,0.8247546,-0.35266972,-0.012784,0.20108704,0.1059764,-0.53822362,-1.2149322,b'4'
684,-8.05471897,1.9286046,8.9938736,12.10975266,3.31962824,-2.31802654,-1.35249758,-0.6608218,3.99446917,2.64150357,5.81870174,3.01046562,1.87816799,-1.87205851,0.30487609,1.52857983,0.25874782,2.12297893,-2.73335505,0.48197865,-0.03092645,3.59814763,-3.4616828,2.21706867,-1.11868954,1.09870112,3.01034784,4.23710346,1.41419959,-0.52600133,0.04943252,1.21062374,-0.70555115,0.23040247,1.13277256,-0.20877638,-0.28606677,-1.07673597,1.65071094,-3.35066938,1.19194603,2.39333534,0.81543845,-0.31782961,1.17934251,-0.38063318,0.54001951,-0.61401749,0.25108543,2.48817873,-0.51001143,-0.02805132,0.57227361,1.064816,0.00744909,1.87693048,-0.97551012,-0.13804622,-0.76834118,-0.56112611,0.11932792,0.60245627,-0.69228131,0.77973068,b'4'
685,-1.04001355,0.65955496,3.83850241,11.73781872,2.5436058,-3.73976159,-3.84272718,-6.99145794,-3.07089758,2.45786214,5.61285019,5.31688213,1.26549113,0.32671088,-1.10391569,1.54820299,1.91449714,0.00829983,-2.38236451,4.54061413,1.24363899,-0.97887319,1.91963232,0.04747248,-3.53050375,-0.30923957,-0.41345033,1.79639459,2.60706091,-0.47493017,-1.90152395,-0.19853091,-2.07288647,1.03728473,-0.26817811,-0.75015318,0.86984777,-1.50988746,0.20763433,-0.18440706,1.0363822,1.34327245,-1.26060712,0.37106794,-0.05536461,-1.44622779,-0.08098657,1.61579609,1.55821085,-2.33564544,0.82332861,-0.38154948,0.55552852,-1.6498673,0.34958476,-1.68023181,0.57987976,0.98870206,-0.27918044,0.11151123,-0.70132887,-0.50582534,0.58974528,-1.34419942,b'4'
686,1.32834518,2.75185633,6.09116364,10.3820982,3.32849216,-3.29821849,2.35594225,-10.37205219,-1.39652634,-3.60632038,4.66240788,2.30090141,2.65487361,-1.74875903,-1.79243994,6.40379047,1.34634376,3.75451398,0.31889915,-0.46141958,0.0702203,1.85815835,0.26815087,-0.26188755,1.3422091,3.25609446,0.44572997,0.63798285,1.27367043,-0.78152007,-1.22164977,3.1811533,1.51360774,-0.90830082,-0.80698764,0.81159449,-1.02079225,2.79281116,0.22785759,-1.45923901,0.27563167,2.92656422,-0.46254048,-0.12472921,-0.51595175,-0.61533874,1.65285039,-0.25931525,-1.15370464,1.56187642,-0.41795194,0.45802796,2.05299783,0.5983001,0.50182831,-0.4800812,0.88833225,-0.14354594,0.04714495,-0.03442705,0.66741371,-1.56664753,-1.22782898,0.41175282,b'4'
687,8.69956875,1.62546444,3.18506336,5.53096008,-3.89279222,1.93946314,-1.5638442,2.03304958,4.24306393,2.73950577,4.86268139,7.23243332,5.40732622,-2.77455115,-4.53479958,2.48710608,2.04231644,0.6328733,-6.8814497,4.63883781,-0.60587466,-2.11805511,-1.41755533,-2.03705597,-3.22002697,0.36547825,0.03029582,5.22962475,0.46252918,1.18588746,-2.70202589,3.67675018,0.24620964,1.30898678,-0.21401274,0.85694456,1.08140755,1.20580232,0.42595756,1.07066929,1.49674559,-0.24400179,2.59557891,0.20159626,1.14019394,-1.89522123,0.17001209,0.43258595,2.79866958,-0.31489,1.51740885,-0.99002635,2.27734137,0.0665226,1.63564277,-0.39581075,-0.88384724,-0.08007164,-2.24226213,0.47256446,-0.99568719,0.25619274,-0.00813419,-0.62008739,b'4'
688,-2.1845696,0.42134547,6.4814992,14.5009861,3.99894762,0.11716366,4.15843439,4.64092255,1.09110308,6.00374651,2.63157725,-0.8784821,-0.69318938,0.3069081,-1.25440359,2.80324745,0.34990978,-0.70917559,-1.00747085,1.25771308,-0.13288854,0.48141456,0.71320558,0.89268136,-0.39580801,-3.22971439,2.04269171,1.47542548,-0.04469967,-0.01821434,-2.83652878,3.02408886,0.24287696,-0.7062965,0.66937625,-2.55757999,4.25168514,0.14808112,0.44739783,-0.49843583,-1.87445998,1.31161213,-1.91865265,-2.11522913,0.94961178,0.56155252,0.8380146,0.54458046,1.31891966,0.35323477,0.64159626,-0.78369999,0.09816718,0.01963556,0.8858676,-1.44684172,1.16337895,1.2468127,1.05693126,-1.5540998,1.14195645,0.34088516,0.164065,-1.52542615,b'4'
689,4.08044863,-3.6012547,-3.04781175,3.95582175,0.78055501,-3.63319993,-5.12807178,-0.04827654,-3.78923082,4.92287254,8.20522499,5.69985771,5.04353142,1.01173747,-3.29216337,2.76575708,2.54106021,-0.18277675,-1.0234853,2.43220901,2.09468007,0.18969589,1.94345319,-4.19592571,-3.70233536,-0.58415216,1.68555009,5.22679806,1.5962472,-0.14713007,-2.09575987,2.12427902,-0.01143089,-1.24561167,0.59739989,-2.3012991,4.98971272,-0.31879669,0.3115238,-0.18307915,-0.58090031,0.49948961,-0.49038744,1.7413075,0.96403396,-0.56358355,0.67343998,-1.97982812,1.53237486,-0.83845258,-0.29893762,-0.21460223,0.17010832,0.23499584,-0.50614291,0.18516421,1.55571985,-0.29047614,0.4809019,0.24939275,-1.10888493,-0.71383834,-0.72830051,-0.62470645,b'4'
690,-6.00524902,1.57735777,1.02030361,10.92431927,4.53583097,-3.74527621,-1.17339373,-2.59597492,-1.93052769,-1.2027781,6.83870268,3.69807887,-0.56234217,-1.40796864,-0.36942196,-0.27688861,2.82521987,2.23878813,-3.49537158,4.09356594,-1.64546824,-0.96326548,3.78981662,-0.97707725,-2.75293589,-1.09744298,1.35387671,6.08928299,0.74570441,1.54461825,-0.11067545,3.07718754,-2.01235962,-0.12486619,2.17825341,0.83199,-1.47072625,0.00229251,-0.85473597,0.56036472,0.87398648,-0.5531491,0.24739154,2.40356612,0.9846946,-0.07600477,0.91245586,0.52273023,0.60267705,-0.48534435,0.83468795,-0.283867,1.09122741,0.05801666,1.98326635,0.74987781,0.83386266,0.42793059,-1.17230725,1.12864888,-0.52356154,1.93422842,0.31919384,-2.25277424,b'4'
691,-7.58864832,-1.07154369,5.58506918,12.05779839,4.61425114,-4.34476566,-2.67630816,-0.56290436,1.72241044,1.95677209,4.16292286,4.37642193,2.98699522,-2.45253801,-1.00922966,2.42780828,0.3513186,2.20944476,-5.32605362,1.26518822,1.60433471,2.53783989,1.61781251,-0.81485534,-2.64526749,-0.63394499,3.12645006,7.0118432,2.75982356,-1.98772728,-1.68917763,2.34030104,-1.85318303,-1.09145737,2.33369207,-0.40040675,1.96871066,-1.13474488,0.93009418,-0.70097929,0.07182753,0.29556599,-1.03636289,0.66962123,0.26889861,-0.89133704,-0.57277691,0.16003609,0.63450891,1.50429952,-1.08813453,1.04985642,0.45919418,-1.25019002,0.51331127,-0.39138928,-0.06036711,0.25720096,-1.01751471,0.61837304,0.11457254,1.25097108,-0.74542832,-0.88363516,b'4'
692,-1.36648417,3.45016813,4.16209459,10.55638981,4.92249298,-0.38759112,-4.48685837,-5.05049229,-0.2987628,1.7782805,4.8874898,1.61801863,-3.06892109,7.0646739,-1.47526741,3.32697773,2.79388785,-1.85114133,2.19296145,1.12589669,1.0319947,1.03827918,0.90684485,1.75879908,-2.60406876,-2.41059446,-1.41273081,-0.34143186,-1.40619946,-0.55687028,-0.64376104,-1.50171924,-0.38841033,0.28589958,0.56956375,-1.61448681,1.04989338,-0.50665039,-0.1917026,-0.67511445,-0.10647285,0.04824783,1.22791696,-0.18518262,-1.08326948,1.50795841,2.05191278,-0.42935967,0.93302101,-1.24700928,0.48796314,-1.09543645,-1.27742672,-1.50456166,0.35690194,-1.48502004,0.79447269,1.35254705,-0.8002044,0.93451989,-1.25460017,0.2236411,-1.00577676,-1.00327003,b'4'
693,3.98478127,-0.97607017,3.54490566,12.19087887,2.50905609,-2.99692988,-3.9386301,-5.99284363,-1.81985807,2.34232974,4.36234093,1.44123387,4.12428427,-0.80364227,-1.91452408,2.00545001,0.53718185,-1.0290761,2.72875071,1.813941,-0.42173529,-0.32120794,-0.35948816,-0.06737494,-3.46704721,3.15463138,0.85164142,2.34223533,0.91794801,-3.10824966,-2.21701527,0.30887866,-0.0741524,-1.08591247,0.16471153,0.60016584,0.31439877,-0.13862652,-0.56251967,-1.48859417,1.21870041,1.02360034,0.04741423,-0.56283206,-1.11512959,0.02074087,-0.22132821,0.2692802,-1.00716615,-0.40738344,1.37539184,1.24739099,0.33874893,-1.40759778,1.91747355,1.68930554,0.38710785,-0.03240438,-1.42749119,2.739748,-0.0576646,-1.11170256,-0.67272472,0.40140393,b'4'
694,0.94727218,-0.32563853,1.45729876,11.07324123,-2.69458103,0.0967263,-5.68751812,-6.93645096,-1.32601213,4.10288239,3.93036413,2.80643606,3.18090105,1.17426908,-0.33173656,-1.01051736,3.25059009,3.48591542,-3.87134719,2.79764414,-1.6079551,-2.01958632,1.98721135,-1.13944495,-4.56764746,0.89767033,-0.44527939,2.3869853,2.0064075,-1.6999768,-0.85623062,2.25682449,-0.18488275,2.58132911,0.544613,1.5021764,0.70465326,-2.20299721,0.95853651,-0.51815778,1.64916587,-0.71028495,-0.33615124,1.46722698,1.27888429,0.25025389,0.91929102,0.54988086,1.39315057,1.36925113,-0.69217509,0.82897055,-0.66597319,0.0457027,0.91280484,0.95980108,-1.42016983,-1.00091422,-1.85708165,0.7490561,0.56372786,-1.03022277,0.74208331,0.16095109,b'4'
695,-2.09807372,3.80888367,-0.50298852,7.67533064,1.61150968,1.22509837,-3.79253817,-4.89020348,-9.48436356,0.66333258,6.50005865,3.80795407,-1.34197474,-3.6132102,0.94097733,0.10631716,3.14422822,3.02320504,-1.264238,1.67299938,-0.43317592,-0.00883663,3.01243663,-1.25211859,1.12526917,0.5205701,1.03176475,1.80407333,0.73374343,1.25013268,-0.85379565,2.23237705,-0.03059903,0.24546027,1.55037332,2.48904395,2.22348857,0.65945607,0.91915172,-0.29830119,0.15456104,0.62836981,-0.08090617,-0.25762054,0.20573789,-0.61348778,1.18789554,1.3747772,-0.8735168,0.59573328,0.52643096,-1.06277966,0.69240367,-1.14144444,1.01394832,-1.798751,2.69730639,0.39707911,-1.99055696,0.35978746,-1.08753347,0.23707914,-0.24514449,-1.37587249,b'4'
696,-6.93255758,0.79853344,2.57213116,13.36148167,2.13330889,-1.71122217,-3.34787321,-4.42359829,-1.20250416,1.57879663,5.88842964,3.49623847,0.15675032,-3.06038952,0.15778923,0.72825515,1.76192355,1.88149214,-3.59348369,2.71153498,-0.64588988,0.08203506,0.31180328,1.2251606,-2.88402748,1.04293895,1.50184393,5.12622881,1.52978396,0.22443628,-0.3559798,1.18453503,-1.45607889,0.27248383,0.98187947,0.50915247,0.62943673,-2.8397758,3.16489911,-0.32961413,1.53929591,1.01881254,-0.26391894,1.45534539,-0.24867749,-0.33912152,0.60580647,1.1736511,0.85250324,-0.86527169,0.64269239,-0.98303866,1.66030884,0.22756958,0.39970523,0.48795938,-0.30868483,0.57733548,-0.80844247,-0.37871689,1.73590934,1.55419493,0.17121828,-1.06216967,b'4'
697,-1.5052011,-1.31524134,-2.4053781,9.97002983,0.78584659,-2.92730927,-3.4393611,-5.74555588,-2.97561693,3.07986069,6.14037037,3.61370301,1.67026305,1.06404173,-0.83313799,-2.30648375,3.16759181,2.99271846,-4.92067146,3.74723434,0.70107222,-1.48178124,5.3910923,-1.80738854,-3.25460863,-0.61711341,0.78347075,2.49000502,0.61117196,-1.17582011,-0.95550001,1.77120876,-1.82124746,-0.25921208,-0.01122481,-0.17681053,1.32218957,-2.41156101,0.49405622,-0.14894259,0.11878824,0.21049619,-0.45571586,1.71268606,2.16048193,1.1978538,2.35718775,-0.82304597,1.2705574,-0.63845485,-0.49136257,0.16697726,0.62228882,1.42015648,0.84424233,2.44320941,0.01968479,0.28771216,1.25592875,-0.16063589,-1.11638606,-0.18348894,-1.00279307,-0.8739416,b'4'
698,-0.95524967,1.99690914,8.5205946,13.25097847,7.00044155,-0.64403903,6.04010582,-2.84733248,0.64496613,-0.97424364,0.11174417,0.06183124,2.2488184,0.00196691,-4.69355011,2.38091278,1.10211229,2.46847057,0.55040276,-4.79360867,0.20679805,1.24798942,2.76592231,-1.80561042,0.79241192,1.21397769,0.27895522,-0.56553245,-0.76515579,1.23159063,-1.43270457,2.27248859,2.12059116,0.30081213,-0.15147626,-2.42275119,1.69713807,0.75774109,0.18088686,0.428137,-2.73173666,-1.64238179,-1.22515619,-0.27175236,2.60118246,0.17787027,0.94009918,0.11257434,1.27117324,1.43190348,-0.17222588,-0.47533536,-0.58590603,0.6859498,0.79850656,0.25394917,0.20637202,-1.22636068,0.71674103,-1.21723771,-0.25976542,1.09263515,-0.43193758,-0.03773893,b'4'
699,-4.35688782,1.99765491,3.52481937,10.10798168,1.91357863,-3.36449409,-6.3542347,-2.93117261,-3.61149645,1.72542596,7.60618305,4.89466667,-2.58995938,1.90273643,-1.17993259,0.69498372,-0.12287772,-0.3776269,-1.08238697,5.60717869,0.18336786,0.40079877,0.91551363,-1.38560104,-1.62138236,-1.33320868,-1.12234879,1.18048835,0.9855845,0.83427167,-1.25641119,0.08051229,-2.80453873,2.81624126,1.53877831,-2.06835151,-0.09459591,-0.4558391,-0.39196551,-0.52970302,0.95821333,-0.23274885,-2.08528543,0.64895374,-0.18672299,-0.16510829,0.06143801,0.49765611,1.68048978,-1.93999553,0.95101434,0.09320772,1.87190175,0.07868576,-0.91016918,-0.82392538,0.85845947,0.78561246,-1.36507499,-0.82827228,-0.96123177,0.56622249,0.61177444,-1.86632836,b'4'
700,-2.50279856,3.76543999,7.49928665,13.14288712,4.69862843,-3.13123488,3.18270588,-2.5639317,1.32094932,1.53793967,5.44676065,0.78716254,-2.89646196,2.93264842,-2.9431653,2.56537676,1.6299324,-0.51676762,-1.54294205,1.85326958,0.20939966,-0.39378864,2.50723243,1.39168596,-1.6736536,-1.37847245,1.71179163,3.04946709,-1.67805958,-1.10190606,-0.21241271,1.56180525,0.54035139,1.0746628,0.8405211,0.57019919,0.8636837,-1.91172838,-1.1987201,-0.40591601,-0.30880189,1.6571064,0.71380639,0.05751371,2.71882868,-0.5528605,1.1955601,1.19289529,0.63476503,-1.0288136,1.63163853,-1.94610476,-0.62493491,1.57530916,0.47392976,0.48161113,0.90921605,-0.60046917,0.14815891,0.34571612,-0.39475828,-1.26598942,-0.5854764,-0.3812857,b'4'
701,8.58361244,2.10780382,6.28962803,3.42092371,-4.35501528,6.21936131,-2.13842058,2.1630702,6.58911514,4.98315954,1.97055209,6.05768967,0.02303576,-3.2219255,0.94154382,0.27730536,3.90872121,2.84188342,-3.50153756,3.76357603,-1.03758287,-4.0044179,-2.30141902,0.78741169,-1.47498894,1.75006688,-0.39967224,2.15610409,0.87938714,4.34693432,0.50810075,3.78368139,-3.38260269,2.18001938,-3.44589305,1.24707007,-2.30517817,-0.00595456,-0.28465486,-2.38100052,0.33943415,1.8538152,2.48628402,0.0747336,-3.02553511,-2.09429502,1.18587112,0.64129078,0.97424322,-0.81829762,0.15992078,0.47994977,2.19484949,0.7131477,-0.26482958,1.47364426,-0.96630931,1.38344681,-0.7132746,0.46872687,-0.70169955,-0.07392377,-0.22711879,-0.17217702,b'4'
702,-4.76795721,1.99921608,1.14771378,5.76638985,5.70886087,0.52468568,11.06429672,4.87815237,-0.66552877,-5.85145569,6.83126068,8.03422642,-1.09711528,-2.07254219,1.81217051,-5.22812891,3.83127475,2.42712784,0.03052637,-1.22721326,-0.98998177,-6.13941193,-2.62547922,1.66249371,-1.04289818,-5.29827499,1.62329638,-3.36703968,-1.14085102,2.04434967,0.92062223,-1.81210613,-0.92964202,1.24969637,0.79477376,1.12526786,0.15639663,2.57697201,-0.76920593,0.90781939,0.34051836,2.19686842,-1.74278188,-0.55968726,-0.60338533,0.18921131,0.61790282,-1.39852929,0.70877349,-1.34531498,0.29311395,-0.55984974,0.97844791,0.97406423,-1.29735899,1.55300474,0.53125572,0.33073443,0.36933523,-0.70773518,-1.15813041,-0.24935657,1.12890124,-0.98991668,b'4'
703,1.68002784,8.91439438,-1.55363917,11.26172352,4.34942245,0.17093766,5.78034878,-4.26106167,-1.21291876,-1.60218227,-2.33600569,0.67316198,-1.04686403,0.12096903,0.67934847,2.86649132,0.53977346,2.60999227,-2.2358315,-4.17797279,-0.30485433,-0.63567084,3.39458323,-0.52554989,-0.6857354,-2.23066854,0.55490613,2.55159473,0.26979375,1.96542203,0.93746424,0.79380608,-0.40117812,-0.71034306,-0.80709887,1.34605277,0.03440881,0.27684563,-1.25779068,0.25392967,-0.26244348,0.86130536,-3.6505959,-1.39181733,-1.19574797,-0.27327788,2.78077483,-0.02742815,2.85602713,0.23461705,1.33817291,-0.79119754,-2.08850598,0.7087478,0.12205356,-0.19584125,-0.81644201,-1.48763371,-0.29819822,-0.21420693,0.22518606,-0.18238124,0.36269379,-0.92161572,b'4'
704,-2.64968157,0.17574883,7.50791979,12.6405611,2.17949152,0.07685554,5.31177425,4.30307722,1.14624524,5.52333212,2.18473673,0.33396363,0.92898649,-0.75343299,-5.53712177,0.75376523,0.3567884,-2.04850769,-0.56386328,2.47665644,-0.0316495,3.01365685,-0.03221199,1.1062789,-0.58613741,-2.55678892,2.5900526,1.13166881,-1.34270906,0.81341338,-1.78499711,2.72305965,2.29513121,-1.41490722,2.16279602,-2.14459491,1.64245915,-0.10490185,0.68732381,-0.21456459,-0.96489364,3.55766654,0.36696279,0.11894183,2.47928476,0.63919002,0.63884872,0.74675775,0.66246647,0.72576165,0.5806511,-1.75053525,0.51752532,-0.48571897,0.55547243,-2.43597889,1.57129312,0.06450319,0.65873188,-1.20398426,-0.82587296,0.3435865,0.35922825,-1.56241143,b'4'
705,-0.80124307,4.82795811,2.91362786,11.01782703,4.13618803,-3.34319806,0.17510867,-8.47391415,-1.93548298,-0.97966707,7.13826609,2.02829432,-2.07967424,2.65052819,-0.57198668,3.76614785,4.33875179,1.68033552,-1.13519025,3.24341774,0.01755221,-1.06836367,1.46299303,-0.6530931,-2.12943745,1.29277754,-1.0606693,1.58419704,-0.25392818,0.81230187,-0.63839161,-0.63585591,-0.43899679,-0.45601374,0.46184868,0.52871364,-0.4268434,-0.90357953,0.00493658,-2.38412046,-0.06913972,1.97823513,-0.59107929,-0.13919762,-0.3894906,-0.05871864,2.44931126,-0.43617034,0.08510804,-0.73476082,-0.69368225,-1.22887111,0.65460694,-0.36449289,-1.10376954,0.11547965,-0.22396779,-0.50064063,-0.23541775,0.08520985,-0.48462564,-0.06538752,-1.81451821,-0.79774344,b'4'
706,7.21525335,1.86214447,2.46771121,7.47382164,3.10185289,-2.26092792,-1.11572552,-5.22925568,-0.35888052,0.6257813,0.56682563,-4.43873978,5.77346897,-1.39633834,0.23677468,0.41886222,1.34919477,1.35309625,5.82779217,1.40337586,-4.54106903,-1.01167107,-3.59149551,-1.13494122,0.09943002,2.84015632,-0.48828521,0.11069345,1.82447886,0.09936309,-0.85801542,0.9586103,1.82341623,-1.40803838,0.55453217,1.05469155,-4.95738125,-3.02869439,1.03715456,-0.91803282,2.83917499,0.14533448,0.28897786,1.96385288,-1.49863994,0.27241549,-1.02728164,1.84642434,0.47890538,0.13166642,-1.2907995,1.93170106,-0.49179125,-1.36439228,1.46001995,2.31862712,0.11418843,-0.78512907,0.07314652,1.65380657,0.88288087,-0.83182871,-0.09521478,0.05869493,b'4'
707,2.79039717,-5.67236233,1.43155837,12.98216248,3.77637196,-0.43081498,-1.59849262,-4.09481144,2.37186885,7.09884834,-1.7643528,3.77484894,3.14940214,0.02016941,0.58427238,-1.65152526,-0.53215408,-0.80192816,-2.12533855,0.69550729,0.55208009,-2.48359108,0.44435698,1.1333375,-4.19742775,-0.04430234,-1.15383208,1.86796689,-2.29991007,1.33819497,-2.66761351,-0.13713551,-3.05240893,0.43723422,-2.16011119,-1.45102096,-0.06130981,-0.54556638,-1.91176116,0.29581326,-0.6519587,0.44228917,1.59287882,-2.53564525,-2.00993538,-0.52680504,0.14968684,-1.88415217,-0.0526374,-1.4594456,1.36872029,0.29496849,1.70730436,-0.43791068,-0.11728662,-0.95259988,0.30192137,1.0118916,1.11595726,1.74922359,-1.17073429,-0.2655037,0.66843033,-0.03105686,b'4'
708,2.80649853,-1.0841496,6.25807285,12.11397934,3.92459345,-3.67915511,1.54198956,-7.59440804,-2.20919704,0.46140587,1.26442218,5.06407452,1.27992272,-3.29102612,-2.54000807,3.93225455,0.67862773,0.09316266,2.226161,0.88078427,0.62328547,-1.18438768,3.2379148,2.39804697,-2.29815173,1.00519323,0.01178509,-0.50327891,-0.07981348,-1.59861588,-0.37862861,0.73238635,-0.96489882,-0.30212992,-3.32622981,-1.25152075,-0.69751513,0.80350244,-1.46545947,-2.83764052,0.93923306,1.22241676,-0.00231863,-0.41547614,-1.60731542,-1.44290102,0.56050843,0.02513576,-2.5393157,-0.17047888,-0.41436911,2.16027856,-0.21600509,-1.2037909,0.56455612,-0.50974965,-0.67172575,-0.89324844,-0.68448669,1.17726958,-1.07051623,-1.03321934,-1.45332527,-0.95887327,b'4'
709,-5.72936201,0.48090148,1.18832064,12.84604836,0.2189362,-1.2774632,-1.08895445,1.53674138,-3.64587355,3.11689091,5.03871632,4.22143173,-2.04333019,-0.73003554,-2.5880456,-0.59299088,1.30177379,2.06733489,-2.49164867,3.57456493,-0.03922884,-1.85020971,5.91435242,1.5370636,-1.20846272,-2.6618402,0.11614853,0.80796838,0.86705899,0.56862271,-1.39466178,1.63152075,-1.07873297,0.81857491,0.38433564,-0.26556864,0.03786659,-2.6069839,1.59959018,0.33175415,1.1121552,1.68526375,-0.0827259,0.17332759,0.56515795,1.38332403,1.66934204,-0.65393615,0.79219365,-1.6663332,2.22630239,-0.96803725,2.29493237,1.07184064,0.54497731,-1.86473441,0.50498223,0.39441073,-0.09777763,-0.66434288,-1.62583983,-0.26949024,0.18000513,-1.25911474,b'4'
710,-7.4665451,1.50259495,5.01011848,13.46773624,3.41252899,-2.10742235,-0.28097677,0.387061,0.44953346,1.67714334,4.31809473,3.62048888,2.25643229,-0.77259767,-0.87785482,0.52441835,1.42707062,1.90939927,-5.42316151,2.37311602,-2.38166785,0.97083998,3.01764202,0.27190542,-2.33399773,-0.10998595,2.39238167,6.37032175,0.2611084,-0.95809466,0.72167289,1.87156439,-2.42701221,0.65633494,3.20957947,0.43888712,1.12087154,-1.05423737,-1.29305375,0.69444358,1.59487271,-1.02790463,-0.73304969,1.30322802,0.65334427,0.40925401,-0.17741553,0.29516053,0.42462343,0.32323253,0.6797694,0.91117316,-0.06985807,-0.54484296,-0.44056648,0.97325015,-0.79743624,0.1220212,-1.95047235,1.15909064,0.9397704,0.84624308,0.14230448,-0.43556979,b'4'
711,-3.48224735,3.71512222,3.62030101,13.63513565,3.96212435,-1.45958734,1.4542408,-5.22026348,-3.17990923,-0.92620826,5.20878887,3.81148791,0.85777628,-1.76981628,-1.47219706,3.05308723,3.61978602,2.43932605,-3.15805602,2.08377886,-1.16366458,0.92537332,1.73765266,-1.29729092,-0.79550159,1.8019594,0.51410842,1.71823573,0.47109175,0.16840219,1.56390643,2.3533082,0.39836895,-0.91349536,-0.56312668,-0.03389236,2.37241197,-2.03369808,-0.77720845,-1.16381395,0.57779253,2.49362373,0.03550661,0.2141697,0.63509619,0.5101822,2.09438705,1.0104897,-0.25010765,1.21768236,-0.13367061,-0.72884583,-0.02957082,0.59446579,0.60537666,0.12769318,-0.58317399,-0.1011544,-0.43807381,0.48943973,1.7273643,0.53333271,-0.48675132,-1.28763652,b'4'
712,-1.69679487,6.65799999,-0.42080277,13.75828648,4.95567131,-2.29688573,6.07967186,-2.41569257,-3.05062342,-1.1948154,-0.30492616,1.68865037,0.94927943,-0.4936333,0.18366051,3.35532093,1.87825871,4.07291031,-0.83614087,-2.737082,-2.71805906,-1.04783702,2.44437718,-1.60509706,0.15133244,-1.23145747,0.0542247,-0.03416395,0.96514964,0.60250902,1.21302402,0.79283357,0.36153114,-0.97706598,-0.73306668,-0.39954814,0.38929582,0.59352565,-0.95499837,-0.28449467,-0.22986966,1.40090752,-2.97487307,-1.19571018,-0.52399409,0.62453133,2.57033658,-1.0923562,2.71975541,0.3259486,0.48453933,-1.5100925,0.20315742,-0.22709596,-0.41248065,0.17892855,-2.27329588,-0.41116023,-0.79926658,-0.11645979,-0.00338118,-0.2924256,1.04488897,-1.69454169,b'4'
713,-4.37114859,4.42917013,1.76122308,7.71394062,5.19004154,1.06592059,8.8137188,4.72090149,-2.73577309,-2.92231584,4.26265717,5.77935696,-4.01690531,-1.47334337,4.17631388,-3.90431452,0.91136122,1.44609046,-0.35426486,-1.8395412,-0.14714096,-5.59041452,1.19950449,2.47603416,-3.18067026,-4.13145447,0.64911091,-1.85566926,-0.04741526,0.14802295,0.05603993,-2.08246493,-2.80763292,0.37774754,2.16489911,3.24343419,0.42547107,2.77998877,-1.25320661,3.77324462,-0.97410965,1.4060806,-0.32777596,-3.91708446,-0.56706297,1.7166189,1.23968518,-2.16958976,2.43219352,-1.6500957,0.49196845,-0.95537901,0.86100745,0.40093797,-1.24884033,1.48554468,-1.01696897,1.75942314,0.14749515,0.46680331,0.32476079,-0.18553621,1.7622143,0.21418574,b'4'
714,-3.28843236,1.85035515,2.84844708,13.79302311,0.70868516,-1.08410287,-2.18495274,3.24772215,-1.50822639,5.17046928,2.67235804,4.83189964,0.86834228,1.16144288,-0.49928188,1.44694924,-1.76009333,3.6484406,-2.27760744,2.70859146,0.65915352,1.62322021,1.81297636,1.90300322,-0.9853636,-3.03778672,4.13266373,-1.25540185,0.42265821,1.99446476,-2.08731127,0.11851764,-0.16616951,2.80950999,0.00688666,-0.00347516,1.54060006,-0.22753352,-0.15118372,1.63604856,-1.30693221,-0.10246284,-1.1059463,-0.92555726,0.23889029,1.21970165,1.38045025,0.18684602,1.79057813,-1.58631921,3.63762021,-1.55372739,2.3550384,-1.17402267,-1.33479333,-1.32602763,-0.7822473,0.41648042,0.11850101,0.10792017,-0.94925606,-0.62978566,0.71884632,-0.56942576,b'4'
715,3.07712507,0.26420498,5.035676,10.13796997,6.60376978,-1.66055346,1.57070613,-9.08016968,2.49798727,-1.2019521,2.47871494,-1.11364007,6.77979946,-2.86828637,-2.64523792,-0.58344007,0.03312719,-0.84999681,1.40883708,1.47044349,-2.17333174,-0.09622395,-1.12813985,-0.04674602,-3.12421846,2.54028273,2.43975878,2.7747426,1.61234832,-1.63739944,-1.39697015,0.53406382,2.0931654,0.70066845,2.61085057,-1.5676204,-3.92214036,2.00645185,0.78044969,-1.29405975,-1.89069438,0.1780746,0.11494057,0.54615736,-0.03720009,-1.5514251,-0.00191721,-0.38494897,0.69709706,0.24079239,-2.02345061,2.35309148,-0.83066392,0.01474059,0.70695567,1.04094541,-0.42436671,-1.28570056,1.44765592,1.66308558,-1.18898273,-0.85161209,-0.8483206,0.76052928,b'4'
716,-4.90745354,3.17426252,1.61758518,6.69709587,3.79101896,-5.53822136,1.95166266,-2.47950459,-2.98367453,-3.03617859,6.15262842,1.82258153,-4.32868242,0.56634331,-4.40048218,5.79612064,4.05779362,3.65779901,-1.15066564,4.614748,-2.10920215,-2.459095,3.63194776,-0.25054097,-2.76451778,-1.09028661,-1.07296133,-0.64625818,-0.32650375,2.06202793,0.07903302,-0.62036157,-2.75336766,1.51793027,-1.2539196,-0.5397073,-0.41175461,1.66389322,-0.53307974,-2.7348063,1.23973727,0.99309778,-0.48706055,0.75577998,1.41860569,-1.34454763,-1.32296038,-0.02076507,0.40540743,-0.71943617,0.28593618,0.06596208,0.30000377,-0.2039597,0.68573141,-1.15578973,1.35634172,-0.04427375,-1.1447196,-0.19438088,0.18309431,-0.62548447,1.32486284,-0.71372533,b'4'
717,-5.05073118,2.84385204,6.70142889,14.10857964,3.0360465,-2.84105182,-1.53006363,-2.07732606,0.25349236,2.52344728,6.95228624,1.61075997,-2.14473557,0.43479687,-1.27242804,1.76115906,1.37003469,1.66456699,-2.78233194,3.50131607,-1.61408997,0.09170014,1.54530096,0.31817722,-2.39008212,0.49031681,0.91269088,4.46227598,-0.00640535,0.4902916,0.13539839,0.58247066,-0.11901586,0.94361955,1.5468595,0.41090634,0.35184574,-0.74056679,0.85259962,-1.22945595,-0.0189029,-0.06030582,0.26777086,0.94042069,2.31832719,-0.77041835,1.83972311,0.43562531,0.10076201,-0.72068208,0.91510212,0.3527379,-0.65361118,0.17955756,0.81180638,0.93948567,-0.97834587,-0.92128611,-2.90101314,0.90243518,0.92243356,-0.058642,-1.13023114,-0.24902427,b'4'
718,-4.86354446,2.20135164,2.09892344,16.8248291,4.75048971,0.0419724,3.89430976,5.09111261,0.11192465,2.19540262,4.54064226,1.26704478,-0.3233614,1.80526185,2.60993719,1.60911727,-0.23374522,1.67798519,-2.03899527,0.54193425,-0.84053385,-2.64433956,2.11749625,-1.42297554,-1.7355634,-3.09623599,0.9309181,3.21688271,1.08646488,-0.26763123,-1.16570461,0.98033357,-0.17862432,0.26629692,0.04243505,-1.78794968,2.02397418,0.88069099,-0.44906127,-0.12326968,-1.33415735,0.08506988,-2.51192641,-0.64528716,0.32310289,0.42068565,1.71623433,0.55154562,2.0173738,-0.0237416,2.8791039,-2.4388926,0.26579547,-0.01192713,1.01083231,0.38473034,-1.08592367,-0.70808375,0.06056041,-1.0619669,0.94013101,-0.43648586,-0.0757727,-0.06425411,b'4'
719,-6.68194962,0.8413229,10.48241425,13.12993431,2.14243317,-3.27481198,0.13395047,0.91411823,1.37166452,1.96550322,4.80242062,4.10428238,4.9164772,-0.21303007,-1.32959461,3.30509853,1.08825946,2.35450006,-4.4578619,1.0963378,1.75712883,1.271891,2.61166859,1.03625035,-1.4615612,-0.23783934,4.06761932,3.18024731,1.9969871,0.11308545,-1.8568486,3.14619303,-0.08487578,2.72661471,0.79993862,0.36255145,2.03576541,-1.73591518,0.85933059,-1.40871644,-0.72584558,1.71586132,-1.14624178,-1.27368784,0.81408584,-0.32675862,0.62353081,1.43971205,0.70767778,0.75066495,1.55005145,0.33887941,1.00689852,-0.017465,0.90378278,-0.14337701,-0.63883281,0.03568644,0.23327529,0.05078542,-0.2668578,-0.74565715,-0.77610642,-0.03021092,b'4'
720,-5.06341696,1.6819396,-1.94507265,9.52772522,0.43444395,-1.19609761,-1.13797808,-3.7757628,-4.67511702,-0.3761808,7.70687675,3.25446796,-1.2705183,-1.60250497,-2.21511602,-3.24430847,3.20461154,3.38494945,-1.98584855,3.54473114,-0.08069007,-0.47530705,4.93165255,-0.13709259,-3.95348835,2.36578941,-1.9352802,2.06083918,0.5051105,-0.49680859,-0.83320725,1.33235788,-2.79412746,-1.30515051,0.61086178,0.92830086,0.0249505,-2.59021258,1.17990315,-0.87673867,1.77580667,0.30582857,0.87347746,-0.084899,1.22821426,0.75999808,1.41868258,0.13611913,1.98657393,0.25619662,-1.61403692,-0.40936232,1.23110521,1.16603732,0.81268144,-0.12222767,1.35015094,1.0724715,0.3953414,-0.38201952,-1.35076797,0.08442003,-0.43354741,-2.26321244,b'4'
721,8.48901749,0.78872871,3.68381834,7.47787523,-0.44649941,-0.23070085,-4.2384305,-2.01071429,-3.15662146,3.58992624,6.76648998,6.09648705,4.54992199,3.22745132,-1.90616179,2.4138248,3.653126,1.99960017,0.86624753,0.24634361,-0.54367346,-2.17700434,-2.26261687,-0.00231171,-3.14125824,-0.48893544,-0.65720904,1.09345484,0.72880554,2.63772058,-1.02656019,-2.43544745,-0.43514985,-1.6401732,-0.32213902,-0.89612496,2.30347896,-0.02758783,-2.89346409,-0.67166412,-0.48129553,1.81995916,0.12745312,-0.87454379,0.50215423,-0.26406574,1.58108211,-0.82357097,0.08489913,-1.34296274,1.54445958,-1.26565659,1.14264429,-0.36087275,-1.04517889,-0.37819308,0.3351593,0.53462487,0.83636099,0.19672132,0.3342213,-0.5799768,0.04241729,-0.21718585,b'4'
722,-0.10015213,-3.93997741,5.52501917,11.31511879,1.70685709,-2.93407416,-4.9928484,-5.76729774,1.52638865,3.2904439,5.048594,4.31951427,4.69824553,-1.0739274,-3.6383009,1.61333966,0.44808412,0.04338372,0.5375306,2.22155714,3.08904386,1.63096452,1.3331207,-1.02818191,-1.98241448,2.05448937,1.19619823,3.07048845,2.42337656,-5.72966385,-3.02558947,2.27693844,-1.23974025,-1.54614043,1.20725787,0.74065435,0.77707338,-1.37074995,1.68274677,-1.46527743,2.11925864,0.01802225,-0.38546783,0.5976907,-1.46898305,0.7697894,-0.84703982,0.03212953,0.30334282,-0.19436997,-0.39652467,2.34655666,0.94421196,0.72088635,0.85446036,0.26998019,0.35376382,0.71860266,-1.70833182,1.24270904,0.57468486,-1.70860767,-0.57287073,-1.90249634,b'4'
723,-4.48912144,0.26589465,2.0020442,11.3043375,4.29038286,-4.51200771,-3.82417297,-3.00923705,-0.42456865,3.79935646,8.54045105,4.67868519,-1.55834723,3.0426929,-1.01241875,0.03099847,3.16909623,2.1592164,-2.14900684,3.53089237,3.69599366,1.06657612,2.44364214,-0.11666727,-0.47032571,-1.4943037,-0.44110981,1.53784037,0.41142821,-0.2789759,1.12316585,-0.65908265,-1.97993505,0.1127044,-1.87957931,-1.22464097,0.84395599,-3.02056718,0.72034508,-1.76012111,-0.03059065,1.908059,-0.89048898,1.33907104,0.66227841,-0.78720981,1.32879639,-0.61516786,0.67147797,-2.15572548,0.14426583,-1.18228495,0.47757077,1.83760548,0.20367211,0.64044511,-1.88805294,1.42869484,0.76280135,-1.06486964,-2.03774977,1.37292814,-1.3647579,0.93885207,b'4'
724,-1.50537682,-5.35958004,11.13690948,13.36341381,4.39656258,0.11859035,0.20598531,-1.84108949,-0.16916084,-1.89552879,2.39750004,-2.63275981,0.5798794,1.5841043,-3.4035058,-0.93579173,-1.66478479,3.79629207,-0.69952804,2.09186792,0.58289963,0.51026237,2.02325344,-1.78294826,-0.90067542,0.48349357,3.11797428,-0.50095725,-1.79726267,1.93188226,1.13058805,-0.02358389,1.38025737,-1.33570147,-1.01216054,-0.82811403,1.93357015,-0.56218952,1.02809608,-0.08295426,-2.02472711,1.07120383,-0.13919951,-1.20040011,2.40780759,0.04634571,0.8512131,0.87874866,0.02966425,0.02490664,0.58158684,0.65699089,-0.268713,0.81509757,1.67086148,-0.23667091,-0.50337577,-1.65324855,-0.45578018,-1.08247149,0.59634119,0.63579005,-0.83320022,-0.39678958,b'4'
725,-5.65878344,-2.94432545,13.51429653,12.06885052,2.17329788,-2.5175128,-1.0571022,-0.73049879,3.98852682,1.95888209,2.59496856,1.63756943,3.95920134,-3.15513396,-2.33008289,0.39877033,-2.48417854,-0.10866743,-2.23481274,-1.13262331,2.53305674,3.32179356,0.82615876,1.9970541,-2.55409479,0.6342001,1.41890299,3.86450529,1.40789604,-1.14877105,-2.31740141,2.73536158,0.46112937,1.2465924,0.90941966,1.09735036,0.86916184,2.17184448,1.19053853,-2.0812397,0.13716924,0.14343986,0.12319222,-1.05134046,0.17992604,0.89266562,0.45877087,0.09290338,-0.86189592,0.9021486,-0.13731514,0.7545678,-1.45090604,0.48636872,-0.21777385,1.26079512,-0.16028929,-0.89681208,-1.09233844,0.82534385,-0.53536004,0.00409195,0.35144269,-0.09608365,b'4'
726,-2.73380136,-0.49233413,5.65174246,11.30304718,2.49436474,0.26004803,-2.2965498,-7.92119217,3.89877367,1.16327202,2.21359658,1.9305855,5.5983386,-5.31496811,-3.34915018,0.38401914,-2.40276027,-3.29408383,-1.51967549,1.83761406,-3.5105567,-0.43784028,0.52706873,2.20355225,-4.27524519,1.74346817,2.63871479,3.98830366,1.22994065,-4.75575304,-0.69122612,1.90913391,2.0190444,-0.00981277,0.51408911,-1.54197061,-0.9789257,1.24644625,1.12106586,-0.4022446,-0.31364453,-0.11097457,-0.05437244,-0.04734623,2.47889948,0.15808997,-1.08243704,-1.9297235,1.48864365,-0.33599436,-0.58962208,0.53284794,-0.23064876,0.37976849,0.42099679,0.01062572,0.77700555,-0.15665297,-1.22757924,0.7942003,-0.62824446,-0.30899817,-0.68216515,0.27673948,b'4'
727,-0.89588988,0.4542582,3.50009298,14.31255722,3.71852112,-3.87088227,3.87004256,-3.19434571,0.32355213,3.71540737,2.8248105,2.40897274,-0.94557738,-0.31749499,-3.8565197,0.73674548,-0.22654688,0.62704873,0.11314538,3.6571579,-0.63965237,-1.96087575,3.95651126,1.41664743,-3.0370636,-1.42386091,1.82185948,2.51361918,-1.87914658,-0.66933161,1.43540597,1.04211903,0.2370332,-1.38413572,-0.62786067,-1.0326432,0.39941525,0.18908322,-1.49694264,-0.81095958,-3.06140971,2.15018106,-0.10974492,-1.22439504,2.43259192,-0.62542361,0.76858425,0.26402497,2.59412074,-0.66637576,1.35332644,-1.30154288,0.92903352,0.99880534,0.01268774,-0.59781766,0.17560863,0.7383408,0.08078897,0.47504342,-0.07483958,-0.63229692,0.896981,-1.10951853,b'4'
728,-0.4189781,-2.02595973,6.27166891,14.15974808,1.09703934,-0.7618773,-1.09433508,-6.08850384,-0.42570925,3.98799181,3.04143691,2.67935705,1.54445338,-1.57430553,-3.06999969,2.38050818,0.91759801,0.15146565,2.22386289,1.51043415,2.16105485,-1.0486517,4.00470066,0.42857909,-3.44610929,2.01673102,0.43348271,2.33580303,0.01503181,-2.514781,-0.08246171,2.99483204,0.35623199,-1.5199399,1.15025771,0.67941427,0.40337014,-0.62090725,0.47457242,-2.09763336,0.17728555,1.57564437,1.52077258,0.27547514,-1.0208956,-0.26834866,0.33140981,-0.34529281,1.51972508,-0.70270568,0.08535554,-0.11775446,0.11113167,-0.79088044,2.08065844,0.66566706,0.84138727,1.13346899,-2.03806639,-0.01965368,-0.36163661,-0.61070609,-0.70915967,-1.67788637,b'4'
729,0.0358088,1.99021626,-0.84177238,11.82051086,0.3526541,-4.02242756,-2.88870001,-4.40200806,-3.37135935,2.13542938,4.11665392,4.50681877,1.51378047,-0.80600613,-4.41703796,1.74537253,0.80651116,-0.02452415,-1.57965112,5.62565708,-0.36560166,0.15123653,0.83018279,-1.9775722,-4.41733122,0.95066708,1.10475791,0.76659524,0.17402959,-1.07991946,-1.40598476,0.47190213,-0.67810988,-0.32250589,1.32464004,-1.20626581,1.62092233,-1.60347342,0.58884978,0.43249327,-0.52525198,3.20486379,-0.1030146,0.31122798,0.56290984,0.24907225,1.03491127,1.47299349,1.6907804,-0.89419365,1.12645042,-1.25027549,1.76543725,-0.61555338,-0.01121718,-1.13798404,-0.15458632,0.59961849,-0.83196497,-0.02445829,-1.87669909,-0.84860253,0.02244043,-0.78336346,b'4'
730,-1.35755813,3.21203804,2.91338253,9.17197323,4.68800879,-4.8141861,-1.09140682,-8.2498827,-1.59299803,0.14242846,6.73509979,2.83605623,0.9157418,2.51655054,-2.23127317,3.57433176,4.52657509,2.17899966,-0.17330964,4.9211607,-1.65008759,0.87698889,2.90073562,-1.73000932,-2.58441448,0.19578153,1.32021809,1.82572818,-0.333323,-0.32551628,0.81169653,0.82877636,-1.67269838,0.2138139,0.15926892,0.28124642,-2.0280652,-1.13394952,-0.76895702,-2.16127205,0.61309016,1.84683025,-0.15432237,0.66959876,-0.84071183,0.35225952,0.82195055,-0.49830842,1.32142162,-0.90563631,0.51744729,0.28391433,-0.10134935,-0.08180439,0.48285329,-0.58797866,-0.50069976,-0.46420979,-0.39924744,1.11108363,0.3192597,-0.1643261,-0.48869962,-0.92676103,b'4'
731,0.33094156,-0.0912559,4.00305939,14.72711849,5.83603382,-2.6965785,3.77654052,-4.71192074,-0.31589508,2.18217802,1.46996105,3.03423691,1.67868316,-1.31432283,-4.91548252,1.70326114,0.65556073,-0.33580184,-0.03522462,0.75892043,-0.10227562,-0.40919369,2.99627757,0.85873795,-2.25445938,1.29871714,0.01704565,1.50682235,-1.03962851,-0.5957188,-0.36797631,0.84491181,1.48924053,-2.93514729,-2.0022831,-1.71030033,-0.64827394,1.48378623,-1.63023126,-0.30985546,-2.1867981,1.48397326,-0.93684036,-1.83940732,0.55938256,-1.34884286,1.19346607,1.06758106,0.68621892,0.32390428,0.33653694,-0.5949924,0.351825,0.37625825,0.2115199,-1.07182539,0.67863631,-0.52923185,0.22442514,-0.38780546,-0.53187805,-0.08795407,0.28474534,-2.6045208,b'4'
732,6.65740442,-1.08860469,-1.58371067,12.01928806,1.38724434,-1.92012501,-0.43963575,-4.63676262,0.18253803,6.29907274,4.80056286,2.34142137,6.5684247,1.00743997,-1.32854319,1.03497481,1.098315,-0.42389083,-0.31996402,2.4304285,1.51134682,-2.34129786,-0.44063661,-0.5232687,-3.76944017,-0.04424924,0.07517737,1.72685552,2.13447571,-0.29765588,-1.97961771,2.44474125,2.09012461,-1.44247127,-1.49111271,-1.10790312,1.75833631,-0.05316406,-0.98315918,-0.32563016,-0.28241467,0.82304436,-0.12703788,-1.09099889,0.16625977,-1.0268116,1.00041056,-0.23479772,3.61721087,-0.39274544,2.37768269,-1.23895144,-0.59740257,0.41183609,1.17901516,-1.49389744,-0.2367394,0.01633179,-0.67929471,-0.53823203,0.53849941,-0.65163362,0.50448549,-0.20258656,b'4'
733,2.15129519,2.68073177,4.81319666,9.14131737,6.04697704,2.13291454,1.44777989,-0.14116538,-1.29554653,3.84123468,-2.94835901,2.14953995,-5.50954628,-1.40578568,-0.39624071,1.8226285,1.44131565,-0.60304749,0.24458796,-1.18800104,2.49929762,-4.02003336,3.01221228,2.92438507,-0.57875955,-1.48920393,3.60744619,-1.77659738,-1.08038092,1.48653018,-1.2158457,-1.40754569,-3.41294742,-1.60308862,1.25019324,1.55396378,-0.47302866,2.59924221,-1.13326728,0.23473698,-3.12235498,0.350456,-0.0774948,-3.81586981,0.36880815,2.12470412,-1.01519692,-1.03337979,3.08647966,-2.62479734,-0.04997189,0.03286403,-0.38738132,1.6281513,-0.58090919,-2.06600523,-0.61781907,2.43770671,0.08450252,-1.08775651,2.54199433,-0.63318968,-0.45578939,-0.96308911,b'4'
734,-2.12027574,-0.23617363,4.50855064,13.69262123,-0.52144581,-1.31404567,-2.0277071,-1.22576308,0.19196224,3.38241625,2.65071416,5.02490807,-1.81895161,-0.49500534,-3.85030603,0.75877285,-4.90373898,-1.55838156,-0.69689018,4.109797,0.21555236,1.94741702,1.68479359,-0.82669854,-5.06216955,-0.32560146,0.16583681,1.31085753,0.31671047,0.11850995,-3.38650274,1.95131493,-0.46601552,0.1928913,0.21750981,-3.49083996,2.61978078,-1.11334157,0.50760508,-0.85114849,-1.19368267,1.62308717,1.3011595,-0.85864609,0.45990157,-0.12453692,1.24733138,0.41339993,2.06951857,-0.70839632,1.19989359,0.52419883,1.65173399,1.08372891,-0.840496,0.81951904,0.49309349,0.91147411,-0.94617188,-1.14875269,0.23667912,0.93959421,-0.51233727,-1.10961044,b'4'
735,-0.9110781,-2.83215117,6.23740053,8.96477413,3.71214485,-2.06240201,-7.11286163,-5.41589737,0.84379005,1.19810748,4.0536437,4.39787531,4.22147083,-2.07940054,-3.26395607,1.67953503,-0.5554949,-0.27184558,0.28573465,3.77100372,-1.39745903,0.98312217,1.00062394,-1.95518947,-2.47844124,3.84235907,1.28933799,3.84342194,2.73096704,-4.77881479,-1.64819992,3.62352657,-2.13418317,-0.0900436,-0.65629518,0.21352282,-0.30119014,-0.80925232,-0.52667987,-2.24538851,0.45680702,-0.57595891,-0.7915895,0.14191289,-0.41369832,-1.04564738,-1.26101458,-1.4403522,-0.54002881,0.65050542,-1.7188201,2.55384898,0.85816693,0.18294215,0.0309574,-0.27247778,0.03248501,-1.06038988,-0.12050763,1.13385284,-0.92544967,-0.56698197,0.10231477,-0.22354701,b'4'
736,-1.82305515,4.75268602,3.1323576,13.26091194,2.31088924,-2.05839705,0.48556066,-0.80615985,-0.88507271,3.7646594,2.79375601,3.53561783,-3.65035105,2.46119976,-2.28828621,0.34882653,-1.62190902,0.7840395,0.64422864,3.09808016,-1.94589901,2.26500463,1.40190911,0.51425123,-1.81842208,-1.77163529,2.84741688,0.88480961,-0.71962929,2.00444269,-3.03317022,-1.31801343,1.31428003,0.7326861,-0.0866065,-1.64507401,0.4138515,-0.82756299,-1.46049392,-1.49156237,-2.02070332,2.15922666,-0.3411808,-0.66551751,2.27782369,1.79614139,0.98847663,-0.93322206,1.50023079,-1.2340579,2.46151114,-2.00380301,1.97674584,0.2381742,-1.41542697,0.40361142,0.04547,0.68505746,-1.12764823,0.50175476,0.39155954,-0.92081708,0.71336186,-1.98133469,b'4'
737,0.90652072,1.82248831,5.56737947,12.41722298,5.71915293,-0.33943617,3.67739654,-5.59265423,-0.42566395,-2.56030798,-0.11403155,0.73059797,1.72340298,-0.90757239,-5.53866291,3.00022483,0.45071435,-0.77274501,1.11533678,-1.0413698,-1.09632802,3.57475471,-0.87471318,-1.72961795,-1.71682537,2.91723228,-0.59509742,-0.41074634,-0.26625443,-0.86962765,-3.50745535,2.97279024,2.94282508,0.04791474,1.85001433,-2.02067876,0.69334674,1.81129074,0.3508532,-0.48169211,0.41714907,1.53665161,0.27554134,0.23989229,1.80853641,0.12237102,1.18740344,0.84539533,1.08400559,1.76647675,-2.17945313,1.19978547,-1.07846045,1.10240281,-0.1425516,-0.12218791,1.44574332,-1.63626015,-0.28082761,-1.49679661,-1.24054861,-1.20247817,-0.34910303,-1.81582725,b'4'
738,9.40794277,1.3001523,7.44478273,4.52290392,-6.05998421,2.61980104,-4.04903364,0.9649936,2.19054151,4.24404192,4.52425528,5.4068718,5.24940252,-0.40993401,-2.90419579,3.24260759,3.13698936,3.73928761,-6.4411726,3.27520609,-0.76938367,-1.3587265,0.31821191,-1.07086432,-3.24427462,-0.21956439,0.26952684,2.3242023,1.49616575,2.21520615,-1.18644488,3.86188793,-0.99683094,2.5088768,-1.11835313,-0.30415234,1.20798111,-0.67561275,0.05555797,-0.27995792,-1.04557323,-0.06431593,1.89651513,0.59349376,0.93558037,-1.96214831,1.66435575,2.07217908,1.39150476,0.0458895,0.95354623,0.78473377,1.3032794,0.966398,-0.62541872,0.01207149,-1.20107746,-0.69314593,-0.9278025,0.31347954,-0.92284155,-0.36338741,-0.11060178,-0.05223452,b'4'
739,8.40821743,1.30443287,3.37730598,8.57323837,4.0624156,1.63296497,-2.45867062,-5.47747135,-1.20381403,-0.82528639,5.05711174,1.0696733,2.76055789,5.80741978,-4.57219601,4.46206951,1.75979376,0.70402765,2.78154016,-1.94896722,3.731884,0.2813217,-0.2079747,-0.33117723,-0.21092358,-0.91403931,-2.53175879,1.27972794,0.63312268,-0.93105716,-3.04755259,0.57168627,0.05522452,-1.71750402,-0.52848685,-0.02495494,0.780756,-1.08940458,0.45245337,-1.58293331,-0.6341542,0.51178497,-0.91415703,-1.37949181,1.0986532,1.46879935,1.3359524,1.58273184,1.16118813,1.21120954,1.38312495,-0.82269013,0.99439073,0.79874718,-0.99952716,-0.44678569,1.47982693,-0.85510814,0.60501498,-0.34606892,-0.89525735,-0.88880259,0.9903965,0.17481454,b'4'
740,-5.15156603,3.43246603,-3.44401979,8.23951912,4.04663038,-1.14230156,0.49697304,-5.41271019,0.29968548,-1.0101428,7.71202374,1.63895726,0.23573518,1.60545111,-2.29352283,0.75895238,2.75899911,3.9722569,-0.26622686,5.50638628,-1.630656,0.16762888,6.50616455,0.20268011,-3.04503345,0.77409035,-1.09350419,1.25108147,-1.17999983,-0.59607917,-0.76447141,0.64849734,-2.37640977,-1.18543839,0.09218854,1.80733454,0.39842057,-1.71228909,1.29300702,-0.08992419,1.98454952,1.08240199,3.67535424,-1.02189839,-1.02387846,-0.17608654,1.75623822,0.6084286,1.53202248,-0.36948574,-0.26002407,-0.49854231,0.58749449,-0.40768492,1.40556359,0.14483768,-0.26802158,0.04325108,-1.66133237,-0.84510696,-0.44051254,0.64890045,-0.76745045,-3.00200176,b'4'
741,-0.35960579,-1.28971004,7.75503778,12.3938055,3.44266224,-2.74907565,-4.84926987,-3.73088765,1.46902394,2.93311381,5.46622944,2.66091156,0.93003857,3.4551549,-3.85315847,1.7198875,1.08621502,0.76174378,2.70906186,1.20887351,0.92018878,2.02512527,-0.95724988,-0.2970295,-2.23103571,0.8655811,0.35444266,3.11941814,-0.42087603,-2.75308228,-1.69030941,1.42241192,-0.53119534,-0.3068853,0.17210889,-0.28015038,-0.54051769,-0.88686568,1.05927539,-1.03050113,0.98374343,-0.24059276,2.07750702,-1.06119752,0.96047598,0.35478529,-0.20158146,-0.39957023,1.54211593,-0.97522837,-1.05909669,0.89601058,-0.20477509,0.83272386,2.45221663,1.66533399,-0.97349024,-0.4778493,-1.6492455,1.547665,-0.35186529,-0.31705201,0.25522518,-0.63226509,b'4'
742,4.25915146,-2.42618036,0.22420639,10.18235683,4.94051123,-0.42743731,-1.31623602,-5.61108017,4.09296513,4.57026386,3.20216775,0.68157005,4.40473652,6.20444441,1.47214103,-2.34456635,2.50640893,-0.05342776,0.90581942,1.01894712,1.5743866,-0.44670993,-2.75705886,-0.36392307,-0.13118872,0.41624317,0.39883178,3.58825779,-2.33494234,3.1558156,-2.66617298,-0.18406367,-0.16771415,1.39300799,-1.3204298,-0.90857124,1.65438867,0.94984317,-0.50969422,0.12097526,-0.32283258,2.12349033,0.53022218,-1.38990664,0.01589918,0.43928921,1.08864176,0.16231585,2.16570711,-0.35827693,1.34141445,-3.97829151,3.17943716,1.59017038,1.81302667,-0.41062182,-0.54350615,0.62060159,1.30426693,-0.54662794,-0.58509684,-0.62231433,-0.54313654,1.15634489,b'4'
743,12.30498028,6.24649811,3.09927535,2.87751937,0.52747691,-2.80711007,1.02515221,-3.1467979,1.60167432,2.21557093,2.0201447,-1.78606534,6.77877998,-3.22120833,-3.52201891,2.41687012,-1.46447647,1.98633027,0.07262257,-2.08591676,2.539891,1.07760584,-3.55310869,-2.0305891,2.08913994,0.87082666,-0.30962527,-0.09822792,2.1225853,-2.85540247,-1.28676045,2.48775864,0.97861582,1.67670584,0.99089968,-0.79629481,-0.17515612,0.81855059,0.51306593,-1.42673826,1.42176986,0.05107464,-0.17089342,0.41921878,-0.32667804,-1.723665,-1.28772008,0.86514878,-0.48487476,2.16387796,-0.39863038,2.56868315,-0.42615342,-1.10360408,0.43647423,0.17098629,0.72825217,-0.79958725,-1.34053445,0.99243581,-0.49617207,-0.01387674,-0.97320533,-0.80264544,b'4'
744,-5.40188599,-0.98639154,6.60640526,10.44782162,8.20500469,-4.06031132,-1.72715282,-0.38765264,4.34075832,2.76197863,6.4343338,4.42478657,0.29241014,-0.81608659,-1.07574129,2.92565227,1.70948434,4.76912785,-0.257925,1.05926561,4.90967941,4.29443264,1.72275877,-0.61495066,-0.69325137,1.91164005,1.38440406,3.37844181,0.98858619,1.41205919,1.62111914,1.95680571,-2.85102105,0.53127885,-2.20264149,-1.75161302,1.40767527,-0.04155129,-1.22525823,-3.26351905,-0.27975017,2.96197891,1.05316472,-0.15118238,0.30426645,-1.77517927,1.34214818,-0.55874038,-1.61886287,0.8021543,1.77455628,0.52644563,0.99553919,0.28078842,0.09602004,1.74703383,-0.27233291,0.89433515,-1.44362521,-0.04940283,1.37389112,0.13163489,-0.79747999,0.97646075,b'4'
745,-1.73578036,-5.02772236,5.90442514,11.6614027,3.58557367,-3.44386411,-2.97464705,-2.69818306,2.40482855,2.35292268,1.1666081,6.05893278,3.34657216,1.0815556,-3.75552177,-0.14661002,0.90215135,4.2496357,-4.51258087,0.32368803,1.23087931,2.1907618,4.94429207,1.74690628,-2.1572361,1.81720924,1.74048102,2.35667586,0.95455337,-4.28028679,-2.85535431,1.30553102,-2.16475987,1.00722539,-1.56751013,-1.27179778,2.03742766,1.11544681,-2.26936293,0.07247716,-1.17322326,-0.3923319,0.02861874,0.55117738,0.6161592,-0.00148645,0.06127331,-0.12573791,-0.48710313,-0.58252686,-0.98595047,0.6653313,0.44037628,1.40743017,-0.43658942,-1.5044806,0.17366314,0.30873156,0.73337191,0.21728492,-1.60260236,-0.26107553,-1.58456171,-1.51497197,b'4'
746,8.1278944,2.01633787,-3.62445402,7.94892025,-0.99403507,-0.21160614,-1.35959816,-1.23097491,-2.79463625,4.64931059,7.99464273,1.56259346,4.86308098,1.60668981,-2.19168711,1.9376111,2.18624806,1.01928711,-4.18632889,2.96847391,-0.7917757,-1.9798975,-0.74856794,-1.41762519,-0.23875698,-1.50362289,0.07451242,2.27562881,2.04214931,0.64676094,-1.94926989,1.80881739,-0.35277128,-1.28930092,-1.17694783,-1.35108912,2.35053611,-0.53484112,0.33822203,-0.33574408,0.30692637,1.90578592,-1.1531893,0.90058935,0.83085781,-0.26793444,1.32598877,0.21381497,1.96380043,-1.12710547,3.26781988,-1.21378732,2.13674974,0.88184309,0.72538793,-1.07636309,-1.59729862,0.99628079,-0.26358289,0.45302022,1.2622298,1.51281571,0.02872199,-2.15890622,b'4'
747,0.19690716,2.82266665,4.46216583,13.17792988,6.89374399,-2.68892217,5.1849227,-4.35420513,0.15287495,-2.02041078,1.52412915,1.93487024,0.69315267,0.17254931,-4.42592716,4.34132338,2.05928445,1.2015965,-0.05205369,0.18934011,-1.54492283,3.06970167,2.18814778,0.26179004,-2.4447484,0.50791931,0.93301845,1.7073648,-0.97688818,-2.20332003,-1.25508177,1.99246788,1.71706247,-0.36277801,1.33313727,-2.94685292,1.05304432,1.45697999,-0.38881934,-0.33781925,-0.89276218,0.59444362,0.10185672,0.09423201,1.03377569,-0.01894748,1.28843045,-0.94047999,1.53084707,1.18215632,-1.02222526,0.46411145,-1.083565,2.53174114,0.81072199,-0.97866225,0.1850512,-0.34588677,0.25542247,-1.22331953,-0.59338635,-0.9753623,-0.5035637,-1.33697665,b'4'
748,-4.46017075,2.1240263,4.47380114,13.97996616,0.01039791,-1.13149571,1.11387944,-1.57907391,-0.50606251,3.65954542,2.93110013,3.76141214,-1.45079112,-1.09132349,-2.93697453,-0.14656305,1.38173556,1.75447226,-3.47998214,3.30460072,-3.33025742,-0.7527656,5.18432474,1.25334501,-4.55258989,-0.02204084,1.09127402,1.95528507,-0.744277,0.26260459,-0.04894125,1.98198128,-0.99491906,0.09727585,1.11623609,0.55286866,1.20060968,-0.50080544,-0.20628214,-0.77010322,1.57540298,2.54609179,1.08153272,1.55115497,1.43482041,-0.00879045,1.53508627,0.62921023,1.53912425,0.2083931,1.01609254,-0.92194104,0.48109448,0.86369669,-0.41211742,1.13153243,0.3117342,0.28033671,-1.39920473,-0.30774689,-0.87361699,-1.18200159,-0.69685519,0.86741769,b'4'
749,7.91437292,-0.57771468,1.41531396,6.14911461,-3.22378635,-0.12731898,-6.43197536,-1.80212045,-4.02561903,4.55769396,6.2383585,5.02942085,5.74001122,1.3041271,-1.58535433,2.6137352,3.58818984,1.56507468,-4.53277969,0.55678678,2.19737554,-2.1943419,0.29666397,-0.83024573,-3.15555906,-1.79394233,-0.07639974,1.38241005,2.09377599,1.90408576,-1.10276377,0.71923375,-1.69976425,0.756042,-1.47781014,-1.39165032,2.63876462,-1.05444622,-0.24945903,0.70654619,0.15896571,0.7879582,-0.70480508,0.79093903,1.0865401,-0.29859447,0.87726331,0.09937644,1.37244749,-1.58180356,0.94366282,0.37215859,0.99317622,0.01171064,-0.24210662,-1.35809314,-0.4084568,0.76253438,0.44530612,0.95842326,-1.41257012,1.11330104,0.48405051,-1.57846594,b'4'
750,-6.6067996,1.15405798,-0.75204998,13.17508602,-3.14613199,1.33544421,-2.49389648,3.35573268,-1.40727949,4.82257414,3.58829117,5.11587048,-1.5307157,0.45870963,-0.95767164,-1.95688462,-2.52122426,4.57890606,-2.0603323,1.24526119,1.25605166,0.2952739,3.78527212,0.41704154,-2.55616951,-1.95008779,2.99324083,-0.84581411,1.68692183,2.59413385,-4.31121254,0.89429903,-0.17723353,1.83744264,1.81288195,-1.17699242,0.70870161,-0.17233783,1.48830593,0.49726427,-0.83862489,-1.59868026,-1.35298884,-1.32723236,-0.09111214,2.9172802,0.073955,1.14521968,0.8727966,0.15341717,1.06954825,-1.43278337,1.17571247,0.04306424,0.22768563,0.82105529,-0.48396492,0.41844332,-0.42121163,-0.70289063,-1.34832394,-1.13150287,0.49636805,-1.04972887,b'4'
751,4.37756109,-2.24340534,5.489223,12.19833565,1.3940357,0.61192852,0.44351578,-8.5475378,-0.36948204,3.30457592,2.20515633,1.31206346,4.70848846,-1.56700468,-3.12232494,1.20513225,1.64015698,0.36608076,2.58230901,1.3635335,0.37684536,-0.74719256,3.89983916,-0.99297774,-2.88023758,1.75126958,1.39483035,1.7948513,0.31615019,-3.22482014,-0.99455464,2.86961317,1.1912719,-1.55523086,1.02937734,-0.23988071,0.55229378,-0.22939569,1.42481053,-1.87111342,0.09234798,0.34272468,0.96149701,0.00335677,-0.29774725,0.6730544,-0.2797066,-0.41129661,1.31821966,1.03335297,-1.63889706,0.90171266,-0.14175129,0.02977204,2.19062042,0.85346055,1.1033994,0.52985281,-0.61140823,1.04200041,0.51885349,-1.0503068,0.09102684,-0.16091934,b'4'
752,0.84174025,-2.92945957,6.74059296,13.39274979,3.23377371,0.8392247,-2.5531044,-6.27931976,-0.95100546,2.53555202,4.65128374,0.13621259,5.16131401,0.76736623,-5.01001644,-2.20494318,-1.82120144,0.91046476,-0.28276849,0.25392914,1.05947077,-0.23641199,0.89137948,-1.48826015,-2.51364136,1.0196172,1.07477653,-0.75144804,-0.33528328,-1.59143937,-0.31084502,1.29768181,1.45088112,-0.32484442,0.55495739,0.6585654,0.27041459,-0.98685211,1.7581563,-1.65632904,1.13761902,1.33335793,1.36191475,0.15403946,0.12084234,0.79479712,-0.11969544,0.79395509,0.89281076,-0.15446186,0.14915338,-0.06569469,-0.30949235,-2.19242644,1.37550414,0.78450227,1.44381881,-1.4628799,0.5570249,0.47807944,-0.23145142,-0.44815317,-0.55413514,-0.27110982,b'4'
753,6.20966768,-0.71792793,1.084705,9.48046494,1.24805987,-2.94149661,-0.90156937,-4.55134487,-1.98071814,4.59953117,6.44499397,4.48724508,7.23951101,3.55483341,-3.10306883,1.24949908,2.77327418,-0.36676812,-0.76479661,2.67060709,-0.75916904,-1.54822564,0.41297182,0.40547752,-1.79060256,-1.13012016,0.50363511,1.89373708,1.19415545,-1.35282469,-1.33652389,0.09914136,-0.81857872,-0.55176932,-1.31104279,-2.55014062,2.77079511,-2.54428768,-2.3177104,-0.95275557,0.3672365,1.92124569,-1.69207609,-0.64746642,0.93462437,-0.87171906,-0.05504195,-0.4600637,0.28138587,-1.16225529,0.19634706,-0.29443926,0.26923776,-0.25299621,-0.35503405,-0.37564242,0.01959515,0.26238912,1.26977324,0.59929144,-0.36314714,-0.01929885,-0.31590408,-0.09283071,b'4'
754,2.11769199,2.71995878,8.40676785,8.46971321,2.32611465,3.49964213,2.95120716,-0.43237638,-3.82624578,-2.58755708,-2.82327414,1.8296771,-2.23865581,-1.61788821,-0.63945866,5.70935154,3.51659179,1.03299165,-0.39197764,-4.03255653,4.54133558,-2.04954433,4.98889399,-0.78933644,-0.71207297,-1.65163505,3.39731216,0.8760227,1.06518531,5.32842064,-1.73377264,0.38458753,-2.85912251,-1.07787633,-0.75300944,-0.56473935,1.50662303,2.20445013,-1.41214216,-1.04081154,-1.62472069,1.18435645,-1.72801244,-1.33115828,3.69503593,-0.27947748,0.49724847,-0.55113697,2.73604655,-0.52930743,0.81857175,0.84877932,-1.52462769,0.41317093,1.79041505,-1.51396644,-0.87180161,-0.7729308,2.16539788,-2.66774082,-0.65411049,0.01675773,-0.45801964,0.18736973,b'4'
755,-0.16149104,-0.12590194,6.49171209,13.35971928,4.38963985,-1.19372821,1.09167862,-5.97600651,-0.8075099,0.52531224,1.79888248,3.22869468,1.442312,-3.31663465,-4.33983135,2.05048585,0.71476293,-2.16145873,1.72705507,0.94532919,-1.65263295,0.56993294,-0.73455822,1.8335228,-2.60501337,1.77183795,0.02270827,2.93770313,-0.30372572,-3.60322905,0.35995531,3.18965435,-0.28810209,1.10919964,-0.31064415,-1.21595299,-0.24006128,0.50771606,-1.33203351,-1.99847722,2.17068195,-0.1537974,1.13679671,1.24726105,0.42634279,-2.50010371,-0.41455472,-0.2175138,-0.81663889,1.46190917,-0.59583312,0.11824858,-0.94200182,-0.59858763,2.16346693,0.26741111,0.02714229,-0.1270995,-0.93488526,0.61290884,-1.11515331,1.07025957,-0.12796026,-1.28137028,b'4'
756,8.49403381,-3.61311579,5.01942682,11.44684982,3.6735096,-0.8376863,-2.60652828,-5.61850166,1.30154705,2.71572566,3.60739136,-0.26366019,3.96142912,1.62167811,-0.25764513,0.90031505,-0.39530015,1.44728732,2.17497802,0.46328235,-0.24345841,-1.20312953,-0.31345293,-2.07115626,-3.2695837,0.57497436,1.37196124,0.26811421,-1.43877697,-2.91729259,-2.14901018,2.41782236,0.84505343,1.8462919,-0.14422488,-2.64871955,3.66333461,-0.14989311,-1.6597122,-0.0752148,-2.0510087,0.391716,-0.53606528,0.78750139,-0.30119574,-0.61221129,-1.01683044,-0.50352311,-0.79012907,1.23298442,-0.47004658,1.08056629,-0.33922768,1.79275393,2.31715131,0.61499965,0.22175837,-0.97570741,0.47120386,-0.39878482,-1.90489614,-0.19807839,-0.72295266,-0.11052503,b'4'
757,-2.00591803,-3.06686783,2.98792362,14.06642437,4.17695093,-4.0100174,-4.27028179,-1.08775973,2.57916903,5.10927868,1.84735918,2.95233321,2.24717474,-1.03340364,-4.06077099,-0.70729804,-2.01095152,-0.30024385,-2.35029626,0.75470281,1.56032157,1.98632646,0.21473244,1.0020535,-2.32453871,1.59137034,0.04207632,3.94328547,0.84585285,-5.24572468,-2.93141079,0.34299088,-1.19761169,0.73305994,0.93217301,-1.09618378,2.05172658,-0.34214574,0.66132498,-0.6906808,0.87479901,1.02155781,0.58691674,-0.33868229,0.29341817,-1.69896674,-0.25932914,0.90858388,0.01645446,-1.16360378,-0.41100836,3.46663499,0.15380001,-0.19294405,0.51339906,-0.26626623,-1.00748014,-0.02033521,-2.10468388,1.19624436,-0.89825791,0.22735691,-0.86188626,-2.00307345,b'4'
758,-4.34322309,-1.48251593,6.22651386,11.13902187,6.26592493,-2.07519484,-3.47287369,0.02431595,-0.37426186,-0.24402057,1.9734664,3.96458817,2.26337528,-3.41674113,-3.75083637,2.31949234,-0.85263824,-0.91824925,3.41921639,2.13766766,-0.43762624,4.27505636,-1.78568757,2.69291496,-0.5635857,4.16648579,1.45025957,3.73706818,-0.03872585,-1.74554121,-0.90831912,2.25083876,-3.96616292,0.73542172,-0.90900254,-0.31814799,-1.45850456,-1.24228859,-0.91063249,-1.53121018,2.60899711,1.30524611,0.37660691,-0.02288777,-0.70524859,-0.00078924,-1.49981272,0.94738555,-1.15125716,0.59648943,0.51122582,0.99563169,0.59538412,0.36255419,-0.24318415,-0.88516712,1.18333876,0.00745406,-0.54828739,0.36073482,-0.37278056,-1.15965986,1.51507151,-0.70291531,b'4'
759,-5.26338434,-0.67298722,8.45835495,13.79738808,3.35721779,-2.81061482,-3.35217047,-3.06143069,2.69666982,0.91785932,5.15603352,5.22920036,2.51846957,-2.23283672,-2.40938425,2.71835566,0.29722071,1.42082334,-3.99121046,3.00618172,1.98873162,0.79429948,2.41100407,-0.30281949,-1.88041031,1.85326505,1.19452167,4.24786377,2.99269342,-1.03019297,-1.0198673,3.23771811,0.47090954,1.42296135,1.59026289,-0.7662859,0.57773638,0.6613276,0.56958377,-0.87302327,-0.2246154,0.98731703,0.98101288,0.39405972,1.14057899,-2.0610404,1.11746228,0.7137506,0.68857902,0.00064778,0.65529978,2.03370285,0.87185419,1.65360594,-0.13231272,-0.48575735,-0.68788409,-0.65602219,-1.37134171,-0.1302563,-1.31302619,-0.09532186,-0.82035238,0.0642744,b'4'
760,11.18489742,3.38390589,4.70632076,1.14891005,-1.57296479,1.3590709,-4.11818123,3.33751774,2.40303874,-0.27680755,4.6845026,7.00585079,0.57703131,-4.29915047,-2.3338275,4.54047012,3.72388482,1.3021698,-5.44279766,3.47696638,0.67038733,-3.2510519,0.92217255,-4.54070663,-1.38194895,-0.1941926,1.41102469,2.78662133,3.14366961,0.50502312,-2.88000584,5.86465216,1.13082373,1.22793937,-0.62107182,0.67477959,2.99677157,1.36728227,-0.20345235,1.40273786,-2.96661425,1.17987764,1.84312677,1.15266812,0.95299244,-1.60266006,0.47679031,0.9163177,0.41513127,-1.02137351,-0.97314763,1.24352837,0.33652043,0.28239393,1.84480262,0.00905097,-0.44579482,0.63456541,-1.74540257,0.23981667,-1.15206778,-0.17981865,-0.94259036,-0.06629661,b'4'
761,-5.14542913,1.62037134,0.2324304,11.79342365,0.04465115,-5.26261139,-1.14211798,2.52815843,0.81532669,7.20626879,3.27072763,2.37302899,0.67282534,0.54685915,-1.61622524,-0.71716547,-1.60403526,4.62660694,-3.55915952,1.99660826,2.86337972,1.56892729,2.86336207,2.18766737,1.05084002,-2.84391451,2.09585714,1.0897851,0.69854808,0.25561428,-1.7969054,1.84337378,-0.32449049,2.41944575,0.89161372,-0.41658238,2.14044356,-0.61812586,1.38631225,1.75939512,-0.85362339,-0.79632229,-1.86956453,-1.58416271,1.72781229,1.69357395,1.99996245,1.04179215,0.04007658,-2.1460681,3.38859224,-1.97338653,2.27868772,-0.83344913,-1.0506084,-0.16156894,0.05743861,0.96975774,-1.61227131,0.29427159,1.21255696,0.85895759,0.96181428,-1.0040071,b'4'
762,-0.30833912,-1.20115733,1.11405849,12.81007195,1.65850174,-3.73590636,-0.04877448,-6.35494041,-1.88314009,1.65321302,4.31436014,5.55976677,1.59044838,-1.65771425,-3.18231344,1.01364672,1.9181993,0.91701746,-2.24409199,3.61958313,2.14419174,-0.84514755,4.68296003,0.43414307,-3.99911213,-0.39481252,0.33072621,2.68503809,0.82434583,-2.7557888,0.36642218,1.68274212,-0.94423562,-0.93781227,-1.35360146,-1.15187514,3.06808829,-1.36098599,-0.20917439,0.58993411,0.24847567,2.27336121,0.01031296,0.59723097,1.55515027,-0.85546547,1.51380372,-0.53959394,1.48635411,-0.52858078,-0.86702406,-0.67149389,0.87233686,0.17367291,-0.23514038,-0.59682286,-0.59688568,0.34987187,0.88898081,-0.8871296,-0.68046194,-1.09572768,0.03230649,-1.7146765,b'4'
763,0.53480732,-0.51972342,3.59963393,13.33628941,6.63373709,-4.46108627,0.98318601,-5.70275021,1.56499457,0.6451025,4.01252556,2.95171785,3.52303028,0.44731611,-4.54557896,1.78937972,1.22974515,0.20939672,0.31723762,2.69266224,1.82248855,1.84056842,3.07178998,0.56064677,-1.93571758,1.4491365,2.19578505,2.30042148,-0.26437187,-2.70286512,-0.58886397,1.34548855,0.5908742,-1.68987393,-0.24533856,-0.94343817,-1.58385241,2.24972749,-0.23540354,0.03802186,-0.68078208,1.22862673,-0.69656587,-1.21972108,-0.34683287,-0.64536113,1.27363336,-0.05164266,0.78626835,0.36968946,-0.59281784,0.72735065,1.25848746,1.28263283,0.46876752,0.52338469,-0.92919278,-0.69255298,-0.57259399,0.65083849,-0.59750289,-1.50730801,-0.16651475,-1.26819491,b'4'
764,9.30006313,0.90511322,1.81500483,-0.21274249,-0.04160839,2.65496254,-6.93048763,1.47205043,1.0282259,-0.368545,6.33282661,6.68422127,1.85744131,-1.41877723,-2.29329777,5.87286568,1.78727055,-0.31104153,-4.6270628,0.99565864,0.15848187,-1.48418856,0.25839967,-6.72760963,-1.99712336,2.18013835,2.3494463,5.28250885,3.98864651,0.69279563,-1.81158888,6.35549307,0.95937747,0.06533659,-0.68987548,0.25616518,3.82373309,0.86234605,0.23126173,-0.65726674,-1.33399749,-0.52650315,-0.37550363,2.24438214,0.57958996,-2.3832047,0.16642675,-0.94856548,-0.84327215,-0.37505081,-0.98050284,2.38849711,0.33058643,0.24654877,0.52701604,-1.00095069,-0.41913414,-0.49071032,-1.70049191,0.17670214,0.48630208,-1.12906098,-0.34280026,-0.74656975,b'4'
765,3.88012457,0.39885092,-6.27799368,7.87569237,0.75757241,-3.04295754,-1.98275995,-2.66059399,1.41146016,4.88375139,5.6344223,1.24706459,6.8989172,4.30079031,1.18380761,0.23519433,0.48242188,3.2379024,-2.60113668,4.61193657,0.95795262,-0.19217449,1.37042594,0.50106835,-2.27832913,-0.39312047,0.04451314,2.9616487,-1.20660877,3.15080214,-3.02795124,1.62475348,-2.24417949,3.30042195,0.30074286,-0.21037444,1.76935315,0.40509719,0.31031966,1.77964926,-0.82226318,-0.99659067,0.18619645,-0.14963651,1.53920794,0.31143597,1.19747746,-1.48587441,3.11776996,-1.01171851,1.80943513,-1.78081369,2.66323161,0.11082995,1.3840971,-0.68322474,-0.73218942,0.91698498,-0.86269534,-0.32336771,1.34636319,0.4481253,0.78502512,-0.05073292,b'4'
766,-4.10396147,0.68225098,7.01167345,14.01920986,4.51624298,-4.03292942,-0.38687325,2.34429359,0.09756804,0.31834227,2.54508877,2.97972727,3.69737554,-3.48537302,-3.88418531,4.06227493,-0.88379252,-0.35071737,-0.01235795,0.05805469,0.0751208,2.68911123,1.18501675,2.0488925,-2.21542192,3.25239348,2.17115831,2.88614321,0.75334001,-3.14919996,-1.2088002,2.38260078,-0.68358874,-1.76373887,2.57593656,1.03639281,0.42676044,0.62961948,-1.12937081,0.02569818,3.21398425,0.86273479,0.03807619,-0.93556333,0.19702744,0.04453212,-0.01049869,0.73102081,0.63291758,0.02703828,0.29221803,2.22534657,-0.52272916,0.29996836,1.04273808,0.38143063,-0.17334509,0.04278481,-1.43201685,-0.04061818,0.96251267,-2.21341395,1.28292286,-1.29684341,b'4'
767,9.44015408,-0.90762949,3.31827974,8.94572639,-3.01521635,3.13082886,-3.95904827,-2.6701839,-0.61835241,3.6374898,4.72002316,4.49375534,7.46783876,0.26961911,-3.78490305,2.05589867,0.19418287,3.65608716,0.6546737,1.25750995,-0.70737672,-1.32898521,0.4060775,-2.08506465,-2.54092264,1.37980771,-0.1451357,0.5410465,-0.36334753,-0.58595836,-2.07010746,1.48145199,1.39379716,-1.18166089,1.79194331,1.09372318,2.24687886,-0.71539849,-0.18736494,-1.67067015,0.56028581,1.14410675,1.55082798,-0.31263316,0.43622732,-0.36035472,0.36807597,0.30100131,0.27867386,1.30268145,0.56027615,0.72324955,0.83835208,-0.19330573,0.77225506,1.62898898,0.77766562,-0.2884208,-0.52036566,1.07941496,0.09711705,0.5167681,-0.13683045,0.97627437,b'4'
768,-5.57493114,1.0584712,0.8828212,11.02480221,0.07061851,-4.31572723,2.62211561,-2.72187829,-4.82817221,-0.97858602,4.52761698,2.56226563,-1.79860377,-2.07789087,-4.524683,-1.2148695,0.75903344,1.65526009,-2.16821909,3.84290075,-0.51559722,-3.03087521,5.43764305,-0.71165204,-3.28514957,-1.15926349,-0.13398245,-0.4767248,-0.64508009,0.96036232,1.40452254,-0.02139235,-1.10184705,-2.33543825,-0.49084091,2.08796978,1.94644046,-2.60002065,-0.13053942,-0.79272407,1.35721517,0.75799561,0.45931685,2.03210402,0.7204929,0.71646428,1.61733949,-0.29444861,-1.75087881,-0.70152658,-1.13670909,1.70340431,-1.21239901,-0.05686462,0.07353657,-0.47079763,-0.04140782,-0.4243843,0.03413975,-0.16889632,-1.8952173,-0.09988952,-0.23494947,-0.59733707,b'4'
769,-3.50290728,1.90106058,-0.28744191,12.10308838,5.7427597,-2.94266438,0.60810256,-1.93473935,-3.87007475,-1.71417892,4.60891247,3.70729327,-1.764498,0.86785531,-2.18577814,2.0304234,1.79917407,0.95844138,-0.38542315,3.5278039,0.08311341,0.80091262,1.20344126,3.16173649,-3.66060114,-1.47777486,-2.22585297,1.96191287,-0.26527023,1.87379348,0.3797245,-1.29876518,-3.15818739,1.03973508,-0.47283053,-1.54536867,0.76866889,-2.51249862,-0.3039583,-0.60935092,0.2008152,2.12495589,-0.35911071,0.82192159,0.17671955,-0.62311292,1.30033588,-0.69976878,1.04860091,-1.30981255,0.13631861,-0.9088552,1.28093028,0.0511384,-0.17130595,-0.51710659,0.38276911,0.83028507,1.12977695,-2.17249179,1.81740451,1.57419229,0.80101097,-1.17902052,b'4'
770,-7.60780668,5.95844746,4.18680525,13.96875286,2.08749485,-2.56621337,-0.54401112,0.19661242,-1.78819704,-0.17473942,5.2128315,1.98073006,-0.95693445,-0.53230715,0.65740633,2.61409998,0.43577266,0.12279487,-0.87890834,2.48194408,-3.00710559,0.72054851,-0.27657977,-0.41331887,-2.74741602,-0.17262673,2.43205595,3.48815536,1.77754378,-0.39849341,-1.07440603,0.82748795,0.07345271,0.17978996,3.44262242,1.37336564,0.38416862,-1.0838685,-0.17323244,-0.43340856,1.98534727,1.032498,-1.26057959,1.01062202,1.01687372,1.21205068,-0.03432535,-0.24806261,0.88130981,0.59907305,0.20037372,0.41641349,0.55729115,-0.46328497,-0.14603025,1.86541247,-1.90151596,-0.60018271,-1.88000894,0.94926512,0.29044563,-0.57427824,1.96827805,-0.4820933,b'4'
771,1.25660741,1.84182882,5.56836462,14.48124886,8.05588436,-0.67073214,3.89515948,-2.26674366,-0.4736948,-2.06439757,0.45646882,1.00674343,1.18785262,-0.21452269,-3.10988712,3.65954208,-0.09426618,1.81675744,1.712605,-3.4736557,0.38153398,0.76939547,3.40646052,1.01356506,-0.00330591,1.27958012,0.15138459,-0.19106382,0.79265094,-0.85673416,-2.04707909,1.84325266,2.36325407,-0.85410434,-0.51352882,-0.48951998,0.02183652,0.46986872,-1.49852264,-0.53285378,-1.2361902,1.09680068,-0.8927896,-1.39215612,0.25940049,-0.03094441,1.13828444,-0.1861279,0.69184679,0.84639645,1.66924655,-0.42630696,0.5229274,2.12658644,-0.60130662,0.40359378,1.20122433,-0.44091827,0.08857071,-1.05919826,0.14866601,-0.47426403,0.91973484,-2.3230722,b'4'
772,-2.98729515,3.87518358,-0.27064049,7.88108349,1.66835773,1.28988945,-3.13844442,-4.46399784,-9.37123489,0.1979695,6.85879087,3.88696647,-1.62574577,-3.57376409,1.64577174,-0.48041844,3.24715781,3.18674636,-0.72835678,1.29688954,-0.61444163,-0.21587116,3.3080256,-1.29752529,0.84973812,0.64129883,0.69483721,1.65037584,1.24138093,0.87639439,-0.88942516,2.98214912,-0.12045547,0.50393283,1.37836003,2.32369208,1.89732146,0.18451679,0.32586193,0.16149861,0.28966033,0.64930224,0.06606571,-0.41060448,0.11784673,-0.26198399,1.09486127,0.89762449,-0.52955735,0.86983967,0.80191249,-0.34569275,1.05067384,-1.52101469,1.30367684,-2.00133657,2.84278011,0.00364977,-1.34239507,0.93848693,-1.20192993,-0.2983793,-0.15572643,-1.59150362,b'4'
773,9.61555672,0.77338409,1.55523086,7.32371664,-4.20042562,1.7750113,-0.61663961,-2.61103439,-2.37442064,5.58100605,6.13673496,3.45769906,4.62370491,0.33012563,-1.78095627,2.73193312,3.94116902,1.68355298,-1.80266058,2.23427486,-1.0442009,-1.37633801,-0.76012456,0.56407523,-3.43188238,-1.31440198,-0.61317527,1.14391375,0.2867465,0.19227457,0.33528554,2.15029192,-0.16924545,-0.63148195,-1.99756241,-1.86448991,4.30058002,-1.9110496,0.42028642,-0.90303046,-0.29543495,2.51173449,1.20164716,1.20259869,0.65390992,-0.52242422,1.06145453,-0.91270137,0.26521331,0.99254572,1.0058068,-1.29709065,1.66439664,0.01908088,-1.33316946,0.09846383,-0.83196616,0.53187239,0.62749702,-0.08227932,1.06728816,0.42804486,-1.40391147,-0.75277513,b'4'
774,-3.38923502,-1.1280005,5.131989,6.92251492,3.71568584,-1.9057622,-2.08102798,-8.01273441,0.08477211,2.12827969,2.83270788,3.4778347,4.45467091,-6.96707821,-3.239851,2.23435402,0.64434719,-0.95849246,-3.01596069,2.24178219,-2.65402961,-1.83500338,2.62579966,-2.09082389,-3.35208368,3.65316725,3.9433341,2.1079886,1.96895194,-4.91134262,-1.29729402,3.03080988,1.00742877,-2.83782172,2.99239302,1.12919617,-1.21622562,-1.57457542,2.05599236,-1.54927623,-0.78701836,1.05631971,1.59418464,1.60820055,1.29026914,-0.19105458,0.33915091,-1.41588521,-0.79081273,1.53050768,-0.71690059,-0.4321146,0.72558951,1.41113305,0.50549066,-0.66356462,-0.33715653,-0.50389475,0.64719349,0.50980115,-2.10763764,-1.11185241,-0.96318543,0.3502773,b'4'
775,-1.60798526,2.60385132,3.13027096,12.29039288,5.69214535,-4.35145569,0.2083869,-4.3010664,0.43085146,2.09131765,5.01895809,2.53009248,0.08940434,2.64730597,-4.81018925,2.33528376,3.90099978,1.31395888,1.52770936,1.73463535,0.30794501,0.99962085,2.60447669,1.2712903,-2.67625475,1.14647579,0.47894925,0.45115924,-1.9911952,-1.29399836,1.58428288,-0.77688777,-0.99532473,-2.59956598,-1.42056441,-0.70954084,-1.26172018,0.03786427,0.23368871,-0.89308178,-1.22026217,1.22756004,0.36590171,-0.62183404,1.03051579,-0.48414963,2.00441217,0.14296842,2.47299695,0.96881449,-0.02684276,-1.41127396,-0.16191459,0.90667081,0.43548718,-0.39967722,-1.92979717,0.60039353,0.99097914,-0.03582799,0.17992459,-0.82745445,0.08476478,-0.47689256,b'4'
776,2.84412813,-3.70230055,1.81098771,-9.22776604,-1.93638504,-2.98933005,0.53730321,2.24916172,1.82028913,-9.04719353,-4.44397593,1.18432283,0.98469937,0.65913028,-2.46673775,2.09005213,-2.25098133,0.68635869,-1.84119868,-1.09522259,1.21477818,0.86003089,0.62253773,-0.06181335,1.71047461,4.12502718,3.19588566,0.19027114,-3.18577147,3.03839397,-5.07517481,4.09512138,-1.37699842,1.70755982,-0.76302183,0.02469593,-1.11314225,-3.18699718,2.64860296,-2.47624278,0.35000288,0.44513446,-0.52161902,1.66165805,0.47660106,-2.92731547,-0.27321583,-0.70883989,-1.10731936,0.15337026,-1.05539322,-0.07249904,0.96149898,2.26400232,1.49542832,1.18011463,-0.28044558,-2.27421665,-1.45923162,0.58180487,-0.20345007,-0.23527551,0.9357084,0.12313055,b'4'
777,-9.20644474,1.39053488,5.01143122,12.12316608,1.98375332,-2.70341992,-2.05294657,0.49435294,3.23880196,4.43500519,4.04434061,2.17585468,0.78154957,-0.70605302,-0.36005259,-1.94722652,0.45172882,3.3220675,-4.8938427,1.2548759,-0.76396716,2.42263675,0.40864995,2.0092206,0.25307202,0.66812766,0.63057637,6.40202427,0.41974425,-1.70174909,0.08925533,1.62226343,-2.28435588,1.81565142,2.53676677,0.3795822,1.00472331,-1.60616326,1.52137709,-1.04466581,2.252074,0.67104709,0.40261459,1.55690551,-0.19800997,-0.23112337,0.49010533,1.22759569,0.21990713,1.56289208,1.81367838,-0.89784837,1.891608,0.88477141,-0.60731298,1.02178216,-0.65687943,0.80531877,-1.45602417,-0.67574638,1.52117944,0.95437771,0.19150317,-0.97622263,b'4'
778,7.56650686,-1.66167402,-1.04560041,9.85872364,-0.57703668,-0.58457494,1.80467725,-4.63165665,-2.08977127,6.08135176,3.75631714,2.20920157,3.40792394,1.76400948,-0.43513536,1.92510653,1.18685317,-0.95476127,0.59969389,3.50705433,-1.51490951,-4.73808861,-0.67584527,1.00897121,-2.37497377,-2.55060458,-0.36789215,1.87310243,-0.78403521,1.70924723,-0.38742054,1.3837862,-1.32700932,-0.79678303,-1.66603279,-2.60499978,2.39846396,0.09175289,-2.09282255,-1.94721603,-0.95812774,2.26101375,-1.10952067,-0.89881045,-1.17857158,-0.36087054,-0.33413219,-0.04946494,1.16732049,-1.5428561,0.75991315,-2.42797136,0.60986876,-0.54847682,0.7268734,-1.81526792,-0.03783584,0.92451257,-0.57477671,1.44683444,-0.02430905,1.10602617,0.38454032,0.11312751,b'4'
779,-2.3067255,0.91288996,2.39293671,13.60050201,3.33837891,-2.75291824,2.31624413,-4.89838314,-2.35321712,0.9250865,3.44509029,4.69326353,1.6949513,-1.61508012,-3.20751047,1.12842226,2.0675838,2.13301897,-4.52966881,3.40338659,0.311831,-0.99410075,6.50944901,0.34241462,-2.87614775,-0.90173179,0.67375004,1.24968863,-0.46690845,-0.65640289,1.53181338,0.60547757,-0.29555804,-1.6100843,-0.31233144,-1.05114985,1.87779641,-2.12738204,-1.08962858,0.03146148,-0.94933432,1.19824243,-1.61636686,-0.63110954,1.63350308,-0.10253942,1.73262835,0.06644702,0.87772292,-0.63970691,0.3039113,-0.66460657,1.32735479,0.56990987,-1.43742585,-0.012541,-0.27319121,-0.13576908,0.38590527,-0.1627866,-0.35339946,0.31991649,-0.41514748,-0.89628977,b'4'
780,-2.71299267,3.6157999,3.89191842,12.50160789,2.71812248,-4.40928936,1.98664165,-3.36774945,-2.56571865,0.31787372,4.93418503,3.62391138,-1.98714399,-0.67908078,-2.90400028,1.45196176,2.18879771,2.05057716,-3.35830879,4.23649359,-3.02412105,-0.00700593,3.20299053,-0.74726677,-4.02860546,-0.36552739,1.0210259,0.01820958,-1.14469099,-0.02918702,-0.6274122,-0.66343665,-1.58077347,-2.13500953,-1.13538146,-0.11342826,1.7635448,-1.91374922,-0.54593074,-1.60411143,0.29732513,1.91712391,-1.50248849,-0.1188664,1.47486091,2.00953388,1.66610682,0.85025001,0.0014123,-0.34910575,1.21498716,0.42133874,0.11305118,1.54122472,0.00575137,-0.19977659,-1.32825089,-0.56808418,-0.81090558,0.13499773,-0.48719716,-0.66225779,-0.51761901,-0.33563581,b'4'
781,7.11464643,-0.9910481,2.51128459,8.76331234,-1.33780241,-1.88928342,2.36360526,-8.08996487,-2.42192745,1.86391473,0.66617894,0.60898423,5.17624331,-2.79500675,-3.61624527,2.39881253,1.37179804,-1.66363525,1.908705,2.28488636,-1.80852032,-0.40188593,0.27210879,0.15007663,-3.57083941,0.76213676,-0.64308929,1.9398191,-0.21010113,-4.18843555,-0.50083387,3.54185247,0.74470329,-0.56286436,-0.4240911,-0.88259804,1.35527754,0.0093981,0.90656537,-2.11223888,1.61967611,2.39576435,0.55657297,0.43906325,-2.05982828,-0.23019168,-1.52206707,0.62627959,0.01051602,0.89810789,-2.33623171,1.8112787,0.14244699,0.39575678,1.60996592,-0.4782066,-0.40548515,-0.46451324,-1.43753397,2.35066748,-1.56452668,-0.97777951,-0.2768451,0.60290879,b'4'
782,1.7285341,-3.12920642,6.12313747,11.06882858,4.02196836,-5.24258614,-2.40397406,-3.76576877,5.56284666,5.90166664,2.84210968,1.6819644,1.75870013,4.1694026,-2.38193846,-2.70378304,0.5690949,1.9796207,1.3258822,-1.33630562,2.42560053,1.43747103,-0.09385529,-0.61773157,-1.38710904,-0.61752397,0.37722522,3.61309624,-0.92312336,-2.47825384,-2.34955072,0.7959621,-0.18648233,1.49421024,-2.81998897,-2.60897613,1.93713927,0.33707875,1.57997441,0.97340548,-2.43057585,0.19643036,-1.06563616,-1.14662266,2.5459671,-0.96587652,0.37468994,0.19208217,2.8748157,0.8685205,-0.37822282,-0.46514869,1.41687775,1.60247028,1.17137325,1.36572695,-1.83300304,-0.02069086,1.37291551,-0.38257235,0.01521704,0.81650585,0.99045777,0.14947951,b'4'
783,-6.03536606,-10.67807674,1.47356582,6.00808334,-5.20016289,9.32854748,-0.8788414,-4.2066431,2.42499924,-1.80410755,2.98459291,-2.42886233,2.17924261,-4.12579346,-1.57764578,-1.0109632,-7.21683598,3.09221196,2.4418416,-1.34515595,0.21143726,3.7056582,-5.04445457,3.66491175,-0.71508163,2.8443346,0.93667364,-0.8545984,0.03230762,-1.4231782,-2.04423189,-1.51169693,0.40336049,0.17980254,3.09360957,-3.95200467,0.63902593,0.7195152,-0.0828836,0.25625402,2.62713408,1.33236241,2.19710755,2.22773123,-0.38697588,0.01123357,0.1962432,1.29887044,-2.06262136,0.09258187,-0.33797985,1.82910275,-2.04368567,0.04115117,-1.03131032,1.4978981,1.2757709,-1.09624684,-2.06761074,-0.16594499,-2.38664079,-0.79941642,0.0781278,-0.52382964,b'4'
784,-3.84579134,3.38780832,6.0302825,13.28498173,6.20200539,-2.57345414,1.14879704,-1.18208671,0.35437393,0.04727933,2.54003716,1.36639929,1.75119686,-0.22950706,-4.23880768,2.88055372,1.51563096,-0.29019368,-0.71295446,2.45025396,-3.26798487,2.87812901,-0.07773778,1.42986441,-2.44572496,1.27613068,2.15130568,4.65714312,-0.97138023,-1.30242968,-0.80531251,1.42004347,-0.3409524,-0.17273337,3.72313881,-0.36700323,-0.49384856,-0.42533964,-0.08116508,-0.29288766,0.77653837,0.14156765,0.83652639,-0.49265456,1.00564182,-0.70718026,-0.21703978,2.17436743,2.08713174,0.71471381,0.23093942,-0.11582971,-0.41453314,1.05373633,1.13339484,-1.59351075,0.27408695,0.36172998,-1.06953859,-0.14333248,0.81922954,-0.68569911,0.4570204,-1.4613843,b'4'
785,-0.94370389,-0.16992116,1.77568793,8.48075199,2.61020708,-4.79942894,-5.27543163,-5.66696072,-1.60401678,2.78170586,9.00524521,5.07823563,1.639467,2.96245241,-2.63176155,2.86618686,1.80644584,0.85791707,-0.83210695,5.3149066,1.98863161,1.15466464,-0.12578216,-4.08276367,-2.067276,-1.14140654,0.73647487,3.8375597,1.72728801,-1.42036605,-1.5735811,1.64960909,-1.62006354,0.47781488,1.81666958,-1.213153,2.20507073,-2.67259741,0.14864504,-0.84199399,-0.44837523,0.70278418,-0.89602286,0.7238816,0.15274489,-1.43617606,-0.13936056,0.37545609,1.00963688,-1.2331717,-0.14278673,-0.69166028,0.20532656,-1.13824081,-0.11962289,-0.0344376,0.31663442,0.07502282,-0.46387672,0.56095958,-0.65232885,0.74791425,-0.68610799,-1.11983466,b'4'
786,-1.56270647,-2.22878122,9.52089977,11.81272984,3.39582825,-2.84312844,0.36123419,-1.157619,2.06916165,1.98193121,1.64466906,1.24960923,5.19188309,-1.78043139,-6.20405197,-1.4761548,0.76025391,1.30826855,-1.78068483,-0.1406889,0.30101758,0.32845426,3.95470023,2.33060122,-2.80288363,1.82874835,4.4801054,3.25117397,-0.29355907,-1.72218692,0.12789047,2.09031248,-0.80855072,0.19609439,1.02027142,1.19821835,-0.63031578,0.69737726,0.40603316,0.57708061,1.34127402,0.12066073,2.10131836,-1.87430668,1.77814436,0.46121502,0.05304816,1.03077984,-0.99448526,0.67483401,0.23313753,-1.36867201,-0.06521821,-0.74714804,-1.10128307,1.18633008,0.09356618,0.52206928,-1.61018825,0.39984393,0.45018816,-1.42755604,-0.97627568,-0.66119593,b'4'
787,-1.70345998,1.17184591,4.14287472,12.54535389,5.67936802,-5.05064201,1.0033989,-5.47101212,1.23617125,-0.53764117,3.09124374,1.3486681,1.08573604,0.38059574,-4.35965919,2.95586872,0.34264851,-1.20259798,0.60715711,2.67294216,-0.93537426,2.35251784,-1.1475383,0.63493919,-3.13843298,1.58074617,1.61606443,4.51547813,-1.40902567,-3.80711651,-1.21614516,2.10777521,-0.03480504,-1.8441503,2.48975658,-0.63896596,-0.51335549,0.6770255,-0.78827679,-0.70050883,1.38442016,0.91705406,1.63743138,-0.34199822,2.04809785,-0.35974479,-0.91819727,0.31840634,1.6402843,0.12764066,-1.07621145,0.67477852,-0.07361388,1.50333631,0.82520759,-0.28782129,0.07477355,-0.83098465,-1.36439466,0.93081677,0.24095492,-0.04746398,0.00763702,-1.64206338,b'4'
788,10.94805527,-0.36740208,4.1860218,7.50374031,-2.02140093,3.23142338,-2.82014465,-1.48965693,-1.98940992,4.71134615,5.22002983,3.80760145,4.61775875,2.47874618,-3.88329124,2.86359859,0.77593327,0.23819315,-1.76085711,-0.11819363,-1.04885972,-1.24414349,-2.15710497,-0.99862111,-1.71265924,-1.07895684,-0.39127827,1.85593343,-0.11868668,0.97757363,-1.33359993,0.09913611,-1.27216613,-0.08989292,-2.4990468,-3.30566931,2.90034413,-0.47849423,-1.74072206,-1.8165921,-0.84582525,0.46864736,0.16753514,0.3671419,0.55130744,-1.41833854,0.50557196,-0.07608581,-0.4295049,1.23275077,1.60662401,0.89769316,1.25175631,-0.70142913,0.77665997,0.33302426,0.18319869,0.01347836,1.37097621,1.08526623,-0.34565628,0.08028764,-0.67329985,-0.32150453,b'4'
789,-1.72190964,1.4765439,8.3398056,13.80631351,5.98146772,-3.12767959,-0.45693111,-0.2879169,1.82730007,1.93677354,3.53919148,1.72321391,-0.37406039,0.79929173,-4.1582737,0.96191108,0.9097631,1.20025277,-1.42047167,0.0497582,-0.11603068,3.08823109,0.35135713,0.21954823,-3.06579781,0.70100379,1.70243824,2.36593175,-1.02294064,-1.31872761,-1.37363636,0.73954964,0.71913004,-1.66044021,0.96209753,-0.36922851,1.16352177,0.40317684,-1.35973394,-1.58186162,0.17300177,2.45313406,1.69813466,-1.70877528,2.86757278,1.34700716,1.24814641,-0.04799199,-0.7048043,1.13802624,0.93850935,-1.5602119,-0.3167882,1.67796934,0.58259189,0.56394708,0.07230616,-0.16971047,-1.12029219,-0.00789714,0.08990912,-0.45251605,-1.2007252,0.41148177,b'4'
790,-0.54337341,-7.56952763,0.64246988,11.01525784,-1.33899283,-5.7534771,-3.3499074,-3.66584802,6.58278704,6.18589306,0.4477334,2.20502996,2.61984658,1.76514339,-2.64258432,-1.02494764,-2.63590431,6.21996403,-2.94974256,-2.67677641,4.4858551,-3.5873251,1.59423554,-2.44569707,-0.78953099,0.91085643,-0.56957585,-1.30740666,-1.76551867,-4.27328777,0.15413344,2.17730618,1.13361597,-1.35306573,1.59268475,-3.22603679,-0.14582658,-0.17739373,0.63300884,-0.11334008,-0.72008789,0.65040785,-3.33517575,-1.20571542,0.64732873,-0.82665128,-0.26996064,0.7272104,1.24969983,3.3133316,0.87749684,-0.35174227,0.67911804,0.04427588,-0.24580151,0.09140158,-0.68142629,-0.97054112,0.6660437,-0.74015176,0.58362228,-0.43627524,0.40450954,-0.75977272,b'4'
791,-4.20395517,2.67477036,3.85564709,13.13438225,2.36433554,-3.930794,3.03918242,-4.44652367,-0.7779851,-0.27464107,5.1266799,1.48876905,0.00525606,-2.51431227,-3.74404621,2.52711082,0.38709378,0.61868787,-1.33125997,3.87661743,-2.83267188,-3.48380566,1.27374172,0.50894427,-2.06704998,0.61880505,0.16961396,5.02290344,-0.38247633,-1.91489482,2.74113607,1.52881098,0.33258945,-1.07655978,2.04998279,0.85406959,-0.83238554,-0.15759152,-0.12459242,-0.42316261,1.03279448,-1.04462111,0.40491867,1.58083797,0.8973496,-2.01151013,-0.30034375,0.6708796,2.48357081,0.68177187,1.00496447,-1.179865,0.37324739,-1.30849218,1.71422553,-0.87961036,-0.12144232,-0.32707483,-1.53924012,0.55990219,1.02544737,-0.6937077,0.67025876,-1.7422291,b'4'
792,-5.48166656,-1.5521785,0.86079788,8.86965179,-3.16724253,0.25660729,-8.87783909,-0.76997018,1.72892547,2.78654122,-2.61579084,5.43805552,-1.51418734,-1.32266259,-2.35049152,-0.07457399,-0.7177763,-1.8526504,-1.1475184,2.76706791,1.70609331,-1.77409744,4.32241297,1.2535181,-3.79125023,-0.34969425,2.30404234,-0.3078025,0.93491507,-0.19326329,-3.74241018,2.78833246,2.47561884,1.53655696,0.68680787,-3.33272409,1.26423788,0.02467442,2.48302698,0.28640801,-4.33832741,-0.53176433,-1.90644836,-0.90756202,2.40277267,0.24444443,0.55953509,0.45275617,0.70073229,0.07437611,0.40782386,-1.6022191,0.97818565,1.32467961,-0.45534152,-1.20161939,0.51621127,-0.03658496,0.58885294,-0.40170979,-0.44802999,-0.20324862,-0.24851912,-1.68862522,b'4'
793,-6.3401618,0.32073665,1.90141535,12.3567791,-3.41713953,-0.78470039,0.6617527,5.82759762,0.19748926,6.20287657,0.77268291,3.90809488,-0.27271295,0.99680859,-2.07005787,0.42692709,-1.23377681,3.56971192,-2.07539511,2.22699738,1.2223593,-0.37788433,3.85044098,2.41860867,-1.24445689,-3.75952411,2.43826723,0.83601785,1.06702185,1.33940208,-3.48874807,0.77316236,-1.0207876,2.37872672,3.50412822,-1.174505,2.6394937,-1.90374851,0.17694771,-0.179061,-0.06454921,0.15652975,-0.75280029,-0.77397418,0.49975371,1.44731784,0.39921105,-0.93599129,-0.75783175,-0.21641791,1.78300381,-2.80686069,2.27825832,-1.80424261,-1.21437883,0.00745559,-1.4688344,0.57456887,0.53419036,-0.52954614,0.38777256,-0.21194057,-0.00383031,-1.20314479,b'4'
794,-1.59470999,-0.42145586,4.02378464,12.26403236,2.60420656,-4.84773445,-3.51476765,-5.24808121,0.46272278,5.17187548,5.2602725,4.41929626,1.93493879,3.52067304,-2.91466665,-0.48540998,2.26298594,1.41958547,-2.43320823,2.84406185,2.8760829,1.04795682,2.62791777,-0.59146571,-2.76736355,-1.39890468,-0.28252423,2.36723924,-0.01982546,-1.77487862,-0.46910894,-0.38226247,-2.08636332,0.63544166,-1.39202905,-0.68461502,0.84979367,-2.42693353,-0.09337163,-1.02755308,-1.33367658,1.48613882,-1.89625573,-1.67858219,1.66466963,0.30319652,1.39459181,-1.11553168,1.72691631,-0.71360749,0.87455201,-0.98073232,-0.15765882,0.37067091,0.34273005,0.01656449,-1.92281151,0.04735688,-0.50524354,0.19281745,0.18065982,-0.61807156,-1.30417192,-0.70457393,b'4'
795,-3.91658878,1.64390755,-0.01064992,14.32670879,5.81413364,-2.42778969,1.95758891,0.72756791,4.38575602,2.7076757,2.8129611,2.95595598,-0.47970855,2.71999025,-1.19273043,-1.7669158,0.11358738,3.37424016,-3.60950041,2.3833971,-1.13272667,0.1274938,2.4358654,2.39131784,-2.5994463,-2.12191939,1.42477167,4.36213541,-1.48073721,1.12944925,-2.7395668,0.13625383,-0.29677343,0.80076265,1.82498193,1.5975312,-0.26672053,0.00198162,-0.74681342,1.05760157,-0.59412616,-1.75855207,-0.04474711,-1.7203213,1.70353937,1.80044174,2.42162251,0.67700696,1.33472347,-0.94837832,2.11396265,-2.36145377,1.505301,1.24175501,-0.69656748,1.52033877,-1.31225109,0.15506449,-1.59903455,-0.94570673,0.63721514,-0.10764116,-0.14491653,-0.13717264,b'4'
796,5.94533443,-2.28717756,-1.86581349,11.16430092,0.76699126,-0.24829531,-3.02308321,-4.83247852,-0.86207628,6.16607618,2.45082855,2.65556097,6.64572573,0.0175849,0.81478667,-0.20027018,0.78864932,1.75107455,-3.72048426,3.02333736,0.94122899,-2.09453249,1.63589168,-0.26060915,-2.59113646,-0.52700919,0.83743477,0.36523032,1.07281494,0.28970194,-1.48545253,2.57844305,-0.48348874,1.0697937,-1.46432805,-1.16963267,2.15014768,-0.26315278,-0.63866961,1.83143425,-1.05480278,0.70764053,0.98071575,-1.71438384,-1.25422227,-0.51002908,0.51822633,0.13586187,1.37174821,-1.72900474,1.66180837,-1.24921334,1.64752388,0.52652431,0.45601434,-2.705235,-0.89356923,0.80879241,-0.37551469,0.41814685,-0.75739694,-0.18189774,1.26193154,0.01549219,b'4'
797,6.93107271,-0.5839839,-2.10283303,7.84635353,-2.06252766,-2.58522987,-3.49416685,-3.64650607,-4.99210215,3.18719578,7.21945095,2.99687028,3.54051018,1.60988009,-0.04085922,2.00429583,1.86263824,0.76945996,-3.88518238,2.77519321,0.30426973,-1.65779281,1.23876989,-0.59225321,-3.63146496,-2.92190075,-0.93913192,2.57042885,0.91657925,1.16798818,-0.96566808,0.64985681,-1.70090437,0.91849685,-1.7700119,-3.79242206,2.23882365,-0.78573734,0.68433964,1.25893986,0.32222307,1.3395232,-1.93242955,0.18696803,1.1251806,-0.19441023,1.48868406,-1.33383298,1.67104292,-1.31229639,1.18825352,0.47032475,1.43094838,1.05535197,-0.43733388,-1.74737763,-2.21849871,-0.38252634,-0.38590804,-0.22726673,-1.39228201,2.07636261,0.66323137,-0.35208073,b'4'
798,-3.20053601,2.46162033,3.95209742,13.86763573,1.13822019,-2.16855097,-3.14053917,-1.81254458,-1.73097324,3.52329016,2.6321981,5.47192144,-0.12330341,1.5614568,-3.00372171,0.23175597,-1.54677117,1.00363708,-2.17042303,3.53864384,-1.77580833,2.86250687,1.50302172,0.42888165,-2.7231636,-0.81720209,1.77725303,0.98696518,0.50169182,-0.29835552,-2.02190065,0.68297911,0.01642133,2.69588447,0.15540326,-1.75709927,1.52179646,-1.53198218,-1.32162321,0.24759978,-0.27793437,2.04546785,-0.10295524,-0.24458708,1.96129501,0.3551718,1.20647752,0.54461825,2.09946656,0.19326007,2.17787576,-0.22640157,1.6371851,-0.35327768,-1.34661126,-0.87699258,-0.12426734,0.54635745,-1.07628417,0.06916714,-0.28964722,-0.34846258,-0.5993731,-1.0181812,b'4'
799,0.78137457,3.50653696,2.72202015,11.94512653,4.95770693,-2.46475911,0.33639741,-8.28307533,-1.07012272,-0.27258676,6.14011955,1.61747479,-1.03331017,2.46510339,-1.87923002,3.22767639,4.7877655,1.43565488,0.43094063,1.29050994,0.74182963,-0.33987361,0.23121542,-0.17264152,-2.61446333,1.85896683,-0.28790408,1.7960453,-1.07719088,-0.79435498,0.95391285,0.2355237,-0.14517331,-1.10924697,-0.31806791,-0.34661898,0.26476741,-0.91665071,-0.0882715,-1.20478559,-0.76121509,1.57422733,0.46623668,-1.0123353,0.05243492,0.28704804,2.73579884,-0.07253003,0.52493238,0.262959,-0.42115098,-2.80255008,0.32522106,-0.13602209,-0.31298846,0.52367091,-0.88474774,-0.85882598,0.6574375,0.82639098,0.94273561,-0.40242055,-1.52355242,-0.43734637,b'4'
800,-9.63239861,0.71170449,-9.24710941,1.5412873,-0.28703958,5.33208752,2.86820793,3.69206643,6.03965855,-4.05521202,3.74114347,4.27250719,0.8655107,3.09153485,-3.33756733,2.28447175,1.99077415,3.87258077,-3.30962229,-1.19589436,-1.15040779,-4.50349092,3.04603887,0.98290801,-1.18401861,-5.69229603,-1.72873271,4.35067129,1.89192128,-1.51833344,0.28153026,1.6026063,-0.79948139,-4.51827765,-2.72698092,3.50087929,-1.82093775,0.51103842,-3.03777838,1.06414449,1.50564528,-1.06741059,-1.86342216,-1.85592175,-0.82122374,1.42843997,1.84295309,-1.56694818,2.84609938,-0.68490946,-1.18340385,-1.39783597,-0.24728274,0.4862321,1.99134421,1.26381493,0.89035273,-0.18799777,0.28681332,-0.14480484,-0.2843501,-0.51375592,1.59253323,-2.21821237,b'5'
801,-2.84513855,7.25483799,-4.68460083,5.03143883,1.61061561,3.90632272,2.99451733,-6.02406216,10.42832756,-0.13511184,-2.28719378,5.26256275,2.69777298,-1.82821047,-4.35876274,1.41123343,-5.12700844,-3.7800951,0.31174684,-1.40932393,-0.24980731,1.2230351,-7.12784147,2.06788731,2.02811813,-0.91439503,0.13993931,3.82592821,-5.41928339,1.78352773,-0.26388276,-1.62754333,1.22910249,-0.34506327,2.26344013,0.59363347,0.6307826,0.85769975,-0.0682193,0.26053554,-1.93472171,-1.45217216,-1.30460906,1.98129654,2.45064378,-0.97321266,-0.28731048,1.5534575,0.22307894,0.68972206,0.55961585,-1.76473904,0.15304661,-0.22022796,-1.00661945,-0.19205475,1.63265109,-1.44357848,0.16204554,1.13218701,-0.76024157,-0.43620351,0.35198998,0.88462526,b'5'
802,-9.59715366,4.49760389,-7.38759327,1.25202596,-4.35531664,0.35143435,-0.27886963,0.13135898,7.67234755,-3.4787817,3.02482247,5.84623194,2.77447009,2.23810148,-2.54696465,-0.18856192,-1.58215117,1.92621255,0.79994047,0.168432,-1.83016443,-2.11365342,-1.17275536,1.73322058,-2.22061253,-4.33080149,0.8940419,4.60739183,-0.30936193,2.7737236,0.12860775,-1.70723891,-0.35269427,-5.73560286,0.50685084,3.84409761,-1.34305835,3.86645079,-3.66051865,1.71601772,0.98163152,-3.58377647,-3.67979074,-0.78199685,-1.45183384,0.85397178,-0.02809922,-0.06075239,1.67364216,1.46696365,0.81849426,-1.74003673,1.06406033,0.4968642,0.41427958,2.1262033,0.0816052,0.05954246,-0.22846368,-0.19992274,1.18073559,0.73336273,0.57572103,-1.47755063,b'5'
803,-3.82889128,3.25100565,-6.05904198,6.94260693,7.0752182,3.69643426,5.27762985,-3.13298869,10.48706341,-0.98794293,-1.50054836,5.80235004,5.40631819,0.09566468,-4.84137058,1.2852484,-1.91551161,0.10870373,-0.97893995,-6.38469601,4.34149027,2.87799478,-3.92188787,4.38014126,0.74527979,-0.78000557,-0.46515891,2.73616457,-4.34191561,0.46097577,-0.12878597,-0.48816824,-0.26992673,-0.37572366,-1.48609543,1.03582454,1.29200554,1.58819032,-1.57966173,1.03821099,-0.92887533,1.21261668,-0.91203237,-0.76410556,0.61012733,-0.16869126,0.45692033,0.00197554,1.73764443,1.05725157,0.24455155,0.02134591,-1.37769127,-0.49911368,1.05888999,-1.62942147,0.82793903,-1.42823315,-0.45008132,0.12940848,-0.11844518,0.20925957,0.13006985,-0.40842876,b'5'
804,-7.68654919,9.35389709,-6.77982092,2.52891064,-3.22938585,-3.5905664,-0.10038519,-5.95420933,6.07130718,-1.48455131,-0.9441278,2.82456827,3.77496219,-2.03017163,2.377913,1.33510077,-3.68650198,4.51842499,1.51290631,3.0107379,-4.21378422,3.96292353,-3.02902579,3.58941793,-0.53729868,-0.88333261,0.07430029,1.56712008,0.60589361,0.63521993,-0.87021053,-0.15974593,0.89612091,-0.49706227,1.35014832,-0.26138738,-0.67659616,-2.34520841,0.97026622,-0.30935329,2.19837046,-1.68126857,1.12304461,1.0751338,-1.95525253,1.75777197,0.11530907,0.34875679,-1.9602766,1.14934194,-0.79217315,-0.18211955,1.03962934,-1.08098102,0.16116649,-0.76221144,0.69784546,0.15069285,0.25107861,0.29482925,0.193846,-1.65790415,-0.34242442,1.02139866,b'5'
805,-7.35217285,6.3890543,-9.63063431,-3.03522778,-7.16988802,-0.88472366,-1.20362711,-4.46795273,3.98512936,-1.45251691,-0.47046947,1.63771367,3.1551888,-3.57808995,-1.71143103,-1.11243534,-4.44905949,5.32317257,1.23352206,4.578125,-0.73588806,3.09344459,-1.41206169,1.72360277,0.7298044,-2.08636403,-0.96580493,0.73117638,2.51140141,1.44298899,1.36181748,-0.19643307,-1.06410325,-0.80901879,1.71204281,0.29364061,-4.19456959,1.30825686,-0.81272328,-0.08456472,1.46033597,-2.37138605,1.21461558,0.54727501,-0.20173109,0.4478578,-0.28215027,-1.52905011,-0.82292652,0.14244056,-0.63104504,0.06125814,0.97462237,-0.48544705,1.46261835,-1.48109055,-0.386693,0.59259772,-0.58952522,2.11412096,1.244434,-1.86773825,0.30280817,-0.46293321,b'5'
806,-4.96002007,6.19849777,-0.13211608,7.02204561,3.63298178,6.1385746,2.08655453,0.28629082,9.24211884,-0.88456941,-1.35592031,5.35954714,6.19466972,-0.11375598,-1.43613863,-1.96456122,-4.70546627,-2.58701611,6.32338333,-4.25525045,1.81836367,4.22719908,-8.22588921,-0.06293726,3.30704403,-0.71899015,0.68918312,-0.51395547,-2.48111486,1.97753918,0.34453702,-1.74545908,3.58292198,-1.63027072,2.87749958,-0.72619355,1.86467195,0.03077382,0.18903124,1.25585544,-0.95509636,-1.50940526,-1.62306249,0.2771517,-0.09858191,0.80244529,-0.61915231,0.70517433,0.7517972,0.8971225,-0.41566128,-1.65640211,0.05724311,-1.73478746,-2.11613083,0.40380526,1.01225758,-0.9305135,0.9850592,0.25243342,-1.81896853,0.61284834,-0.40671679,1.63844967,b'5'
807,-8.51620007,2.30502558,-8.45909214,4.99436235,1.36016166,4.00882483,4.28874969,2.90625238,8.83681011,-3.60158658,0.21321201,4.35199404,2.48992205,2.91843867,-4.18337822,4.9333353,-0.50253487,2.92835331,-5.06251335,-1.30641305,-1.45387006,-3.84280777,-0.49484965,3.01172972,1.28750277,-5.85103607,-0.34957963,4.63707161,0.49568439,-1.01303482,0.34219325,-1.31799328,-0.43610919,-2.54226065,-3.25921702,3.02847004,-1.18758726,-0.19956464,-2.61205959,0.27212453,1.06098175,-1.54865992,-1.21621871,0.85304743,0.65424228,1.51437402,1.06572723,-1.12734222,1.9758513,-0.81747735,0.39262789,-0.01407105,-0.67266822,-0.01805639,1.41388845,2.5026803,-0.35095835,0.20625976,-0.57862043,-1.12543106,-0.52329427,0.03509355,2.14830685,0.09864825,b'5'
808,-9.82061386,-3.40316558,-4.89675951,-8.3575325,0.68107712,8.65841007,4.17877817,-1.90519404,2.27025509,-5.88345861,2.20358896,7.18609715,0.2485714,3.38712764,0.3471024,-3.41032648,0.61423635,1.48517871,-4.28091526,-1.57701397,0.53694475,-0.119829,-1.48457384,2.62942839,-0.8098883,-4.62756777,2.42779064,2.5730598,-0.65322638,2.05119228,-0.54645717,-1.32706845,-0.44118649,-2.91483402,-1.83227158,2.4455955,-0.57547379,2.36641502,-1.06007659,1.61852932,-1.15585434,1.00492287,-3.29537368,-2.53461266,0.15376538,1.33153772,2.8453002,-2.02359939,2.22813821,-0.15632713,-0.46695548,-2.17078352,0.34640718,-0.04012656,0.90633273,1.45931792,-0.69653487,-0.29899985,-1.15410399,-2.45199585,-0.10084104,0.15872717,0.53808439,-0.09512899,b'5'
809,0.21698785,6.48329639,-4.17782545,6.54618931,2.74705839,6.01065922,3.3820014,-4.69430447,8.72107697,-1.78845358,-4.14532471,6.89014721,4.12500095,-1.81808019,-4.12095737,1.8688798,-3.47001529,-2.29382086,0.94572866,-3.08343768,-0.35389531,1.59124708,-6.62018394,3.15301037,1.09885919,0.05005152,2.15247583,2.76362824,-3.95365667,1.6443094,0.11397219,0.65022111,1.69237173,-0.30924314,2.30892515,0.39817911,0.02789283,1.51194739,-0.78771269,0.95153439,-2.80399227,-2.83062363,-2.18744755,-0.01695962,1.34842682,-1.25775969,0.2669954,1.58346236,0.1660848,0.33733058,-0.72273833,-0.1994037,-0.43368387,0.29288602,-1.91190243,0.74927354,0.98231256,-0.56724662,0.99956661,-0.71939152,-0.76426649,-0.00984129,0.94489145,1.51394033,b'5'
810,-6.52438831,4.47229862,-8.60217476,-4.89101696,-3.60611057,5.50024986,1.51315665,-2.84859562,2.97064185,-9.20634079,0.28795123,3.91024137,0.75825381,-3.79630065,-4.124856,-3.60679722,0.25551462,1.69882011,0.18046236,0.05124474,-0.0585774,-0.65399688,-3.33384514,2.91520882,1.22748959,-2.21642852,-1.461362,0.83565748,0.09440565,2.85117769,2.40655303,-3.01047945,-1.02849138,-1.44541168,1.12202859,0.85889459,-2.87444496,1.02998507,2.16180778,1.03265095,0.04543221,-1.59876001,-3.38482523,-1.71712852,-3.1297884,-1.85098064,0.39857399,-0.26729608,-0.24975716,1.02271688,-0.6674692,-0.52380824,-0.4783473,0.68812817,-0.2641595,1.90917516,0.34253693,-0.29429609,-1.3429122,1.04034603,-0.33626181,0.02432555,-0.33243364,-0.43978158,b'5'
811,-10.69465256,-1.04635954,-8.8130703,-2.08180594,0.0858891,4.37214756,4.3077364,0.23136705,3.37339735,-5.96070242,1.92710316,3.57725477,0.33441496,1.96762741,-4.10973549,-2.03212929,4.01427174,4.1571188,-2.86991501,-3.10717106,2.22821832,-1.02823806,2.23009825,1.60069466,-2.90225792,-3.81465244,-1.20520306,2.16579509,-0.32718325,3.09221411,-0.64995348,-0.18020034,-0.98837793,-4.3830862,-1.54491949,5.73176479,0.06582499,0.04226923,-2.54129505,2.26896262,0.63355076,-0.39003778,-2.52097702,-2.42598653,0.13961995,0.82562983,1.92946267,-0.88289833,1.60295725,-0.93635428,0.01017645,-1.31482768,-0.46634555,-0.6164403,0.51972914,-0.13004059,0.35921192,-0.99199402,-1.22135949,-0.43606567,0.98740214,-0.36760303,0.68741941,-2.13432121,b'5'
812,-12.43810463,3.84310818,-5.25970793,-0.64368814,-5.66416836,0.93438131,1.30426168,-0.33752728,4.98554087,-7.5929656,2.20380235,6.12012911,3.75291681,-0.07015079,-1.55400085,-5.29623556,-0.90307361,0.88447368,3.0599227,0.12407184,1.00863898,-0.42874962,-4.43509245,1.08106017,-0.25403714,-2.78449464,1.57866895,1.07936001,0.25359154,2.84557199,1.19104636,-2.32101822,1.23673856,-2.75774741,3.04387403,2.6608448,-1.7864604,1.92967749,0.73674893,2.94357634,0.79867971,-2.18160796,-4.1547246,0.11057323,-2.03052711,-1.13274789,0.82397401,-0.06967616,0.95547503,2.36431217,-0.54766613,-2.33930874,1.18115664,-1.83980155,0.40934867,1.8038857,0.33832645,0.40345407,-0.42585027,3.2860384,-0.62425649,1.2234602,0.34126401,-1.0312196,b'5'
813,-8.58542442,-3.80591631,-3.33603811,-2.73811436,-2.05002642,5.98047638,1.11740112,3.39715886,4.68953371,-7.20324278,4.26345205,5.92464066,-0.03114748,5.86725092,1.18984032,-5.49690485,3.12372947,3.43710113,-4.12456083,-3.71571445,2.28862262,-3.77592134,0.90094984,2.3343215,0.99029696,-6.37694788,-0.18573001,4.21658516,-0.35145664,3.12277555,-0.21241438,0.30246687,-1.46399748,-1.37335706,-2.10365367,0.78926027,0.61370492,1.30283058,0.35001743,1.28225613,0.29102731,0.73904055,-1.88569582,-2.15463948,0.04046619,-0.20060226,1.73677731,-2.21629453,4.65598869,-0.73172396,1.14271164,-1.6142416,0.48680878,-0.64409304,1.1082871,-1.01352727,-0.08280945,0.26963842,-0.30764616,0.2099762,-0.3227582,-0.19986331,-0.13689649,-2.43125558,b'5'
814,-4.99463415,0.87821341,-9.65594864,7.22167778,8.1343689,4.78397036,3.51562381,-1.1191721,8.9565897,-2.49395943,0.01668191,4.39722919,0.76652157,1.14076626,-2.96470022,7.06992102,-0.45834637,0.4156822,-5.14183426,-1.61741471,0.38295996,-0.7426582,-2.98159194,1.02798414,-0.27281198,-5.03704309,-2.27373171,2.53197026,-0.62251377,-2.23533297,0.48493683,1.73683977,-1.83074331,-0.63952857,-3.67869496,-1.11473453,1.57049298,0.45565152,-1.69456375,0.73273814,0.35173452,-0.06937321,-2.83813357,-1.4774524,-1.11379468,-0.03372716,1.22019327,-0.1710577,1.18518901,-0.21250957,-0.05142318,0.54230356,-0.68457699,-0.83628941,0.185718,0.88527584,-0.34463882,-0.42005801,-0.11009577,-1.11116338,0.37111914,0.87345332,0.56918669,-0.45202765,b'5'
815,-7.16495132,-2.80151153,-1.41934681,-7.64766502,2.485497,14.05879688,3.6164782,-0.10052621,1.89938188,-6.27805185,2.85942984,6.93303967,3.08951569,-0.09396213,1.36061168,-5.27269506,0.11832488,1.17953849,-1.11101615,1.6194582,-1.03064728,-0.4008196,1.38205898,1.05689025,2.31096125,-4.59782028,2.80018568,1.93441916,-0.16975927,1.92753446,1.28999722,-2.1269207,-1.02323878,-1.80276275,-0.09513199,0.44348338,0.36932468,1.47818279,-1.74115264,-0.32267195,0.42270589,-1.07469344,-2.28078341,-0.05662236,-0.39561594,-0.84851784,1.75400007,-1.08495712,3.79971337,1.97189224,-0.05410968,-0.84950066,1.86240768,0.27028239,-0.00154084,-0.52928078,0.00698256,-0.82866514,-0.20712635,-3.0248611,-1.37506378,0.04328784,0.98687124,-0.50240076,b'5'
816,-6.89618349,1.18416691,-9.91501522,3.58115673,1.48000562,3.79025006,3.2917037,2.32625055,4.74033308,-6.56301594,1.16277659,3.42491007,-1.400913,3.50380802,-3.48769569,-0.06203556,2.80296493,4.72573376,-3.3601613,-0.88866305,-0.46183449,-3.22417879,1.3307451,3.70710611,-2.36777425,-5.80501604,-1.89725721,2.66782665,1.38170671,0.6495043,-0.79680479,0.68538332,-1.88065827,-3.5323987,-2.53063941,4.54796457,-0.97708535,0.59747207,-2.03091145,-0.13477507,0.73161674,-1.03292525,-1.21796143,-2.16717386,-0.96898353,1.12201428,0.63926071,-1.19247341,-0.2234416,0.20823538,0.1302643,0.03950429,-0.6809063,0.35852289,1.07822716,2.34679461,-0.14912939,0.63933736,-1.01778316,1.05916631,-0.56628293,1.00745535,1.53106225,-1.59020817,b'5'
817,-3.87659836,10.85042191,-10.69777966,-1.27094078,-3.60255003,-1.14250112,-2.04494953,-4.85327911,2.31682229,-4.72202158,-0.64066219,-0.76058412,-1.17641854,-1.39103794,-1.62547541,2.05843759,-4.17731094,2.7999413,-0.54215324,-0.64644682,-1.76459575,-0.21801597,-0.41779897,1.45445776,1.80327642,-0.61329734,-1.0444634,2.95667219,1.3925066,0.19040191,-0.59565341,-1.38721931,0.11739422,-0.63383681,1.16092002,-0.36995938,-1.83177269,2.20496964,0.42959189,0.41557747,-0.95511299,-0.93892354,-0.43751365,-1.62913835,-1.49435151,2.51521254,-0.81545782,0.11971736,-0.92974138,-0.52487069,-0.26902115,-0.05768198,1.11036754,0.61593509,-0.46464902,0.65681398,1.10197878,1.0665319,0.64396912,0.23143816,0.07798366,0.8245042,1.1722554,0.27023512,b'5'
818,-12.92965031,5.77229786,-7.2814889,-1.31009793,-5.05786848,1.35689747,0.32569027,-0.47014832,2.55072045,-7.74694252,3.42654514,4.81628752,4.11229563,1.49289596,-0.76964808,0.55708277,-2.83265924,1.20965648,3.34772611,0.10397315,-0.24875279,-0.4125343,-3.10395241,-1.78273726,-0.17485595,-3.26169109,1.31691802,1.25279355,0.66128755,1.72690237,-0.62248766,-2.38249207,1.09032309,-1.58216023,1.85326409,4.50133705,-1.88748407,1.94382,-1.40184271,3.30230927,-0.31790155,-2.9253962,-1.53349853,0.20841344,-2.2283597,-1.02897668,0.29233944,-0.88974452,1.21462679,0.93412292,-1.01269448,-1.29605961,0.45288658,-1.25334382,1.63266611,1.89899349,2.42004967,0.476336,-0.22287285,2.85544252,-0.03941242,0.6125223,0.39406383,-0.77038759,b'5'
819,-2.80111694,9.05327511,-7.04512978,7.37259626,0.0079962,5.71530247,1.04821491,-2.87593699,3.94754958,-5.31850338,2.20046854,3.51425624,0.86786246,-0.33803207,0.80405641,4.81773138,-5.29381561,-0.48911256,-1.16904938,4.47523165,-3.20228696,-0.93287879,-3.20087719,2.50055885,1.41973484,-3.52910638,1.4822284,3.59656143,0.58944535,1.42207253,0.41137743,0.50741076,1.80635107,-1.00685763,3.33710527,1.44708622,-1.69975424,1.08598924,-1.14839447,0.63156259,-0.07339585,-2.2207067,-0.0802379,0.56798589,-1.13411677,1.52329957,0.19093695,-1.21251464,-2.16135716,0.52881527,0.36318892,1.45207059,2.73282218,-1.37622285,-0.03643584,1.34732246,-0.7936759,-0.36317909,-1.90930629,2.41090631,0.39943695,-1.31148911,1.35300767,1.71039915,b'5'
820,-7.43583679,10.18895817,-5.54265451,6.4219861,-0.66385484,-0.13694739,1.08538175,-3.74033189,5.8843646,-3.72288656,-1.78176785,6.67870378,5.26669598,-0.88570023,1.24889326,5.37251282,-3.80206108,0.31769753,3.2015202,0.36272144,-3.0975256,0.73989904,-5.00807667,0.11859822,1.05434239,-3.16438842,2.52289581,1.27152705,-0.70852041,0.50117195,-0.16045511,-0.84299576,1.35641503,2.0787766,3.02527571,0.20806764,0.7205584,-1.64995241,2.19574523,1.13996267,1.05316186,-1.06158137,-1.48472166,3.14471221,-0.33340085,0.42507225,0.6750043,0.30003452,-0.46273428,0.83120584,-0.5484708,0.04327184,1.02715707,-3.22025633,0.75245106,0.94104326,0.13514829,-0.83118159,-0.05041832,0.57522476,0.09107669,-0.8800844,1.19169676,1.81181228,b'5'
821,-10.08194256,-0.01268601,-4.19104385,-6.3645153,-1.43420744,6.08041477,3.91509628,-1.64271808,2.12351274,-8.33086777,2.90693426,7.70945168,3.00113297,-0.0647395,-0.97516012,-3.2294116,2.75185418,1.895087,0.51833081,2.0434742,-1.82785726,-0.49165612,-0.04048881,0.90936208,-1.40798664,-4.22506189,2.28852892,-0.74068749,-0.20832777,3.99529457,0.63571393,-3.01812196,1.04533076,-4.1169529,0.11696362,0.07830423,-2.11562705,2.80858231,-2.62576771,0.69690895,0.38626659,-0.36688155,-3.90222192,-2.22537565,-2.05365324,-1.47953033,2.38100481,-0.03193331,2.68341231,0.34619856,-0.50288934,-2.77340913,0.32983565,-0.09143066,-1.52363682,0.82220232,0.23625946,-1.61596608,0.07833916,-2.17991877,-0.33513603,-0.35801166,0.68149853,-1.61099827,b'5'
822,-9.85820293,4.19070625,-12.29266739,0.98799205,-0.52601862,1.0897938,1.44854641,-1.84226108,4.96071434,-3.35674238,0.76676524,5.03630877,2.21465564,-0.32741934,-2.67961645,-0.08466768,-2.3877821,2.77499509,-1.0512054,-1.03367722,0.83352274,-1.40430093,1.36437464,2.72335482,1.39685977,-2.81234145,-0.99688244,2.50286746,-2.13486195,3.42988348,0.48731315,-2.35436535,-0.53161007,-3.12370729,-1.91754341,3.35934329,-0.9983995,0.77603811,-2.86460781,1.12573969,0.105708,-3.46548891,-2.30136061,-1.0215764,0.39102948,-0.58870304,1.17561948,-1.40719581,0.28609928,0.62406504,-0.90866113,-1.07615113,-0.28196311,2.17589021,2.42317557,1.93816924,1.36539423,-0.56033117,0.05162323,1.17729342,0.71221542,0.67609745,0.51824474,-0.19856361,b'5'
823,-5.73942423,6.55352688,-6.21849632,2.09285784,-5.93899536,0.94839168,2.75259542,-6.90924168,6.17638493,0.7079947,-5.39045238,0.15347672,4.11388397,-1.78134453,-0.37038374,2.91976976,-5.34275436,1.61175132,1.54178774,2.9113698,-1.52740765,2.22482514,-2.60425973,4.20994902,2.31094837,-1.54973125,-0.52671778,2.7712791,-1.54301596,-0.40575343,2.00889707,0.58888459,2.53890252,2.42717409,3.94950724,-3.17719841,-2.03106856,-0.95812505,0.27696609,-0.80808675,1.25648952,-1.01333129,3.04403353,3.07988524,-0.59646666,1.76503086,1.33132648,0.32960248,-0.20547004,0.70050418,0.98506826,-0.43427026,1.00617099,0.18764782,0.12549585,-1.19965708,0.56393266,-1.08300483,-0.05981433,0.37409699,0.49231833,-0.03462416,1.37758338,0.07063714,b'5'
824,-10.88824368,-5.04439545,-9.56925392,0.95048797,3.86026049,4.43194914,2.78273964,2.73453522,3.68139815,-5.42288589,3.90233374,2.6570282,-4.98197556,2.37417197,-1.78622293,-1.20347857,3.22665763,4.76552391,-4.4960165,-3.9400785,1.21899235,-2.14104247,-0.72149539,1.33376837,-2.79824781,-4.60145378,-3.5448432,1.00262952,0.16364789,2.07393837,0.16705167,0.65718102,-0.66419518,0.00768048,-1.92250347,1.02583933,0.08906841,-1.73870993,0.26004887,2.23744535,0.06810737,-0.08833845,-0.87187821,-2.22587609,-3.15358162,-0.8491447,1.12995481,0.28334904,-0.93500859,-1.73896348,0.38866776,0.59315556,0.32872772,0.20148659,-0.50735515,2.08181667,0.28402972,0.30225587,-1.83512044,1.69618189,0.30659074,0.47409499,0.58422935,-0.5912739,b'5'
825,-1.46161008,3.95280886,-4.90959024,-6.35235214,2.01607037,10.45537853,7.32386494,-1.52127194,2.22182846,-5.12978172,0.56414437,8.73826218,1.99788928,0.42399237,-1.66583872,-5.99496651,-0.97092706,-1.96039104,0.8507936,1.34726858,-3.18724179,1.39269733,-1.45005381,0.50020123,4.68051863,-2.69125462,0.47956145,-1.26964962,-0.37015104,1.00639045,0.11033547,2.99464083,-2.31916499,-3.53526974,2.275141,-0.67097664,-0.48930216,1.53620148,-0.17613077,0.15847945,2.49920225,0.41570801,0.2755532,2.34957647,-1.27415884,-0.37928805,1.15307319,2.31010079,3.42993045,1.2921654,-3.74983335,1.28622866,0.04217076,-0.89729643,-1.90311909,-0.23881304,-0.26926279,0.13248158,0.55577713,0.59786379,-1.40990365,0.34689635,-1.4521184,-0.02785204,b'5'
826,-2.78367543,1.13897419,-0.83524448,6.44334412,3.98143101,6.56831741,2.98665762,-0.44636846,11.46596718,-2.54253697,1.20920014,4.25698137,2.82044005,-0.76509684,-2.7395339,-5.82130337,-6.42469215,-2.93912315,5.7864399,-4.6107502,4.32990932,4.03900766,-6.08047438,2.83392715,1.5832268,0.75867128,1.55613625,-0.24435788,-1.77436495,2.58736897,-1.8412286,-0.90163898,2.44670224,-3.63564062,1.21022153,1.01515841,0.9489131,3.94928336,-1.9155432,1.46877253,-0.3726092,-1.97578466,-1.24977565,0.74123001,0.41182101,1.29091382,1.44684732,-0.54479384,-2.07911015,-0.54127997,-0.02881406,0.70047975,-0.85076642,-0.83757591,-1.65084982,1.95118594,-0.29643393,-0.31862289,-0.30973756,-1.41146278,-0.8414011,0.65752476,-1.53243053,0.65844619,b'5'
827,-5.51787519,7.98208141,-11.9456501,-2.77175522,-3.00963116,1.97212934,-0.34167862,-4.59048271,3.96859026,-4.82505798,-1.69156218,0.38242674,-0.22131479,-2.943537,-3.00348568,3.75980115,-4.0765543,3.81965375,-0.59942973,2.16184187,-1.55989778,-0.67715806,-0.35731408,0.70582938,2.8067441,-1.85823464,-0.95078647,2.17611241,1.89211607,0.95660818,0.93102825,-2.23696184,0.13365291,1.28164303,0.51888168,0.38476896,-3.7677145,0.65168309,-0.76681912,1.2670399,0.98043585,-2.54005694,0.04133375,-0.34707624,-2.19693804,1.8558948,0.73338449,-1.0467875,-2.18358779,-0.81771362,-0.19323952,0.51568359,1.01230586,0.74085033,-0.17618412,0.78048706,1.63234973,0.25852597,-1.04437709,0.59043324,1.0207504,0.32918376,0.14214128,-0.11329301,b'5'
828,-1.20301104,9.27536392,-1.42805076,6.0834198,2.98294163,6.2255249,0.7186389,-3.10465217,7.81034851,-3.12669826,-4.54055452,5.81376505,5.64081955,-2.03530192,-0.293818,3.4523325,-5.00000381,-0.87248218,4.99384594,-3.0649178,-0.91409123,3.14768577,-6.97580194,0.04104066,2.20837402,-2.40208316,2.48115873,1.89113712,-1.0916481,0.30848753,0.13786781,0.18033552,0.43273628,1.63019466,3.89789462,-0.63435245,2.0037334,0.07542169,0.99747401,0.79915547,-0.78321481,-2.92081285,-0.6320734,1.52445674,-0.88234293,-0.71645266,-0.15830837,0.26153994,1.60945606,1.14046371,0.26741183,1.50705338,-0.13996196,-1.53100157,0.38623446,-0.09430283,1.36576915,-0.23565851,1.03404188,0.30909765,0.11873512,-0.80938148,0.31314635,0.67158818,b'5'
829,-10.93979836,1.92678499,-8.92492294,-2.99773669,-4.04383278,4.08552265,1.15980434,-2.73837256,0.6669445,-7.23156309,1.33906615,4.44312954,3.2877667,-2.76072741,-1.93927383,-1.30768561,-0.0158447,2.55687213,-0.37603864,1.81721354,-1.67164505,1.13673782,-0.51419282,1.60127974,-1.33462453,-1.1991266,2.23446989,0.20264101,0.05179119,3.85114002,0.53793848,-1.37782383,-0.41782379,-4.12520695,1.20885253,1.32914352,-2.18176174,3.12712002,-0.6470238,3.39282322,-0.3489753,-3.38933969,-2.9028492,-1.52995336,-2.5379467,0.38946068,2.19741488,-1.68284583,0.61817557,0.34547091,-0.07288377,-1.31443143,1.24294531,-1.25885844,0.02300572,1.43064523,-0.06569123,-0.72217679,0.02514321,0.91562343,2.02269435,0.5062536,0.66882765,-0.01026662,b'5'
830,-4.98170471,0.72340083,-11.21108437,7.26045895,7.70634079,4.09757423,1.92667782,-0.87278616,5.75191832,-2.54453516,-0.03765678,2.18923855,-0.15071487,2.12573671,-2.31174994,6.08621597,0.71193218,2.31105685,-5.94034863,0.38746405,0.26528108,-1.97610211,-0.65385342,0.30367994,-1.11096978,-5.88138771,-1.99124515,2.00537062,-0.15446138,-1.51966345,0.03819573,0.49751449,-0.58776361,-0.46336478,-1.52735305,0.87806231,1.88725448,0.09875453,-2.89892578,0.04448032,1.24250412,0.42980206,-2.13613653,-1.89199829,-1.14059818,0.69817603,1.63545895,0.62579012,-0.41635966,-0.6963101,-0.74206024,-0.40325069,0.42469144,-0.86674261,0.66534418,1.20538497,0.53626013,0.58788097,-0.70992547,1.06068861,0.2668525,0.64516944,0.91175294,-0.22804189,b'5'
831,-7.43312883,8.43443489,-4.26718616,7.36543798,-0.36108041,2.35247827,1.09001732,-1.43926859,5.93449593,-2.71548486,-0.71700048,7.31711102,6.70221376,1.74856365,-1.17652988,6.86247396,-3.60096788,-2.41647196,4.35828304,-0.1342051,-1.2481823,0.56262904,-7.1321063,0.15001082,1.33929396,-2.52209592,1.09308815,0.49637759,-1.90004539,-1.74127614,0.8201021,-0.46758938,1.29946339,1.22480059,2.34389067,0.93070292,-0.04436064,-1.05070472,-0.02553225,1.2454381,-0.67271614,-2.17825389,-1.30202806,2.75669098,-0.5287894,-0.61897051,-0.09993933,1.24335754,1.33176041,1.3462714,-0.64081407,-0.62322986,-0.6582582,-2.14210534,1.09523821,0.57389081,-0.04438162,-0.6159187,0.05577236,-1.03476155,0.09611709,-0.92916852,0.00451988,0.92049062,b'5'
832,-4.52907419,3.23445654,-9.02826595,-4.05444002,-0.78909296,4.86196089,4.32501316,-3.1290071,0.59222317,-8.07198715,0.15606236,3.19309354,0.6105634,-3.24820995,-0.36851263,-3.1751256,3.25099301,3.77834201,-2.45473886,-1.75928259,0.6783247,-0.93737882,1.23161018,1.55848169,-2.03723788,-4.78015852,-0.00557381,-2.20345616,-1.18730116,1.01774454,2.31287599,-1.08698523,-1.93836963,-4.44815969,-2.74189711,1.73509145,0.82522559,1.81468093,-0.97377694,2.87208462,-0.45504278,-1.76660836,-3.595016,-3.03902221,-3.68107843,1.50046039,1.14394462,-1.17052317,2.09395957,0.00638312,1.749511,-0.13159198,-1.45693135,0.39008373,1.65769672,-0.4413355,0.19407034,1.22352433,-0.9558661,-0.36195594,1.29626822,-0.2597903,-0.70074797,-0.01040393,b'5'
833,-0.94626391,10.86553764,-3.88943481,3.97267509,1.61574805,0.66434866,1.11652184,-5.36392879,7.04591036,-1.20411503,-3.83808327,3.46831155,5.3093462,-2.92772818,0.27976036,2.47394562,-5.51448154,-1.35144496,2.18942285,-0.19977975,-1.35728455,6.48248768,-6.82245922,2.04848576,1.08875215,-2.13641524,2.20311499,1.97624302,-1.36929417,0.54638541,0.76557612,1.01281548,1.76996124,0.990237,2.21041441,-2.87355018,0.33312941,-0.22748035,1.04021502,-0.15566471,0.82536983,-0.69464195,1.00499487,2.25254488,-0.11391246,-0.33013207,-1.70996499,0.52196908,0.30522031,0.7202996,0.74431229,-0.29162335,-0.50747848,-0.60761273,0.84614295,-2.29682922,0.58757162,-0.97646022,1.13764763,0.84577394,1.25108659,-0.24248949,0.39418602,1.52434468,b'5'
834,-10.49278736,4.73376513,-9.38056469,1.16243207,-3.99328518,0.92593098,3.14435816,-1.00756931,5.62225771,-5.31640387,-0.0142138,4.73687315,6.15461731,-0.34750885,-1.05301666,-1.12632251,-3.35059834,5.6823597,2.43045163,1.33396649,-4.05611038,0.84095442,-1.54537475,0.91082454,-0.35625461,-3.05936885,-0.33874092,1.78841996,1.86812067,2.27271032,1.1558013,-2.86783695,1.12428403,-2.90089607,1.91772258,0.95502484,-1.21682692,1.5824101,-3.35836267,3.01569676,0.66572952,-3.90195084,-1.72089517,-0.920919,-1.80576265,-0.14268827,2.18887782,-1.85438752,0.86966115,1.04798627,-1.76199985,-0.12318617,0.93232381,-0.86100841,-1.0685246,2.0736258,0.12992096,1.31095219,-0.82612664,1.57263982,-0.41943538,-0.04123998,0.64692247,1.28571594,b'5'
835,-8.3754921,3.50113916,-9.59993839,7.03530073,0.71950448,3.48120451,4.04851294,-0.14038122,7.79346466,-2.06025267,-1.29385853,6.7414608,5.41225672,2.86978388,-2.00753975,3.63854194,-1.44014573,1.19876146,-3.82111526,0.12397408,0.62830561,-1.39072442,-1.61046052,3.27282286,0.88062334,-3.78911519,-0.23991686,3.65393829,-2.53726435,0.23673856,1.85633624,-1.18529522,-0.8695339,-2.85234046,-1.48069501,2.59238148,-1.44038391,0.89745861,-1.70692909,-0.48221412,0.55646968,-2.19342136,-3.1945219,1.25064075,-0.17353582,0.12373525,2.18776798,-0.73242688,1.63632417,0.61067879,0.85676587,-0.1996187,-1.87146735,-0.51405168,1.49553144,2.26111054,0.05710077,-1.38997841,1.16610169,-1.56577349,-0.27925423,0.63426036,1.86430275,0.6014747,b'5'
836,-7.0077095,7.37532711,-10.50633049,-0.42340237,-2.97391987,0.37852365,-0.37327862,-4.74532795,1.36675525,-5.98203564,-0.58316708,-0.15994334,1.86539984,-2.85238338,-1.2061553,4.43395472,-2.91756439,4.30265808,-0.4794398,2.35412645,-4.0823946,0.15824389,-0.44019899,1.29424238,0.46235633,-1.87235022,-0.82042658,-0.00093567,2.46580815,1.92085302,-1.44905174,-1.00387526,0.92416906,-1.01161003,1.3642087,0.3773911,-2.23015499,1.64137793,0.68888962,1.2461468,0.84616446,-3.17404747,-0.72589338,-1.11343718,-1.71893179,2.31981611,0.7331394,-0.65817595,-0.85591632,0.1135512,-0.36465251,0.09349471,2.00705242,0.45254701,-0.25269574,-0.57944351,1.38092995,0.86752379,-1.72475362,2.0666523,0.92853481,0.42888778,0.59627175,-0.24797675,b'5'
837,-3.72735834,1.14463568,-7.64010191,9.7497673,8.612257,3.67774987,6.01335812,0.55835265,5.52144003,-3.30558753,2.68446755,2.41229057,0.27776122,2.70541382,-2.71967697,3.17112803,0.11586261,2.67355204,-3.72064137,1.63876605,-2.4870472,-1.48608327,-1.48437798,0.68361354,-0.10837054,-7.31293106,-4.06422567,2.43723869,-1.21501541,-1.24109018,0.14467859,0.77191758,-1.24953806,-0.90519804,0.0126034,0.87870246,1.90368724,-0.17337734,-2.06107473,-0.46155381,0.79373765,-0.29870272,-0.09428182,-0.09360461,-1.34483373,0.29265475,0.132421,-1.7248013,0.46496153,1.74864852,0.222811,1.62537217,1.02906644,-0.03108335,0.37074739,1.95505476,0.58825922,-0.74629098,-2.70440578,-0.14761627,0.66159642,0.1531179,0.77653515,-1.03763509,b'5'
838,-9.10970688,3.01621103,-11.25007439,2.56642199,-1.52173591,5.26119328,1.14190316,1.097049,5.22242594,-4.24956131,1.59846795,4.37684441,1.31853747,2.11149287,-2.84545946,3.61526108,-1.99253416,1.5730288,-4.74022388,-0.7727617,0.88981724,-1.95334816,-0.59465766,1.58774233,-0.74301404,-5.53572273,-1.33124912,3.49420452,0.62770247,1.68204367,-0.83705175,-2.59770393,-0.58277565,-4.10123777,-3.70224023,3.19315553,-2.49009252,1.56395674,-2.67082644,0.22941339,1.43003726,-2.74501681,-2.73010421,-0.85780257,-1.1393522,1.22232544,2.10810995,-0.89764571,0.76899987,-0.15582144,-1.17184269,-1.15857077,-0.26432824,1.76055288,1.29903924,3.86747789,0.38743401,0.13739911,0.08359236,-0.58404291,-1.21827579,2.28210664,1.53630745,1.0103451,b'5'
839,-4.74819899,8.79395771,-2.77679396,4.42496872,-1.59670997,-3.76824117,0.1985836,-7.12085533,7.36243391,-1.11500227,-1.74463081,5.38515759,5.27199697,-1.57979119,0.49840951,2.63429832,-3.16872621,2.59822035,2.67388391,2.73929405,-1.77554369,3.97756052,-5.21633339,3.14690638,1.06209731,-3.42563248,0.16188765,1.12807393,-0.31158447,-0.13178414,2.12818146,2.53667068,3.73870325,2.50237966,2.6581521,-0.80815554,0.43256831,-1.93457294,1.48439586,-0.10106006,0.8057586,-0.25932062,0.43301484,2.48423052,0.26332319,-0.9139083,0.70124125,0.86110103,-0.90168583,1.00729311,0.8616035,-0.41903698,0.94977403,-1.42317891,0.05665481,-0.97059286,0.31495643,-0.66519463,0.65012974,-0.26505572,0.70865721,-1.19721246,0.25805461,0.98861104,b'5'
840,-10.1542387,5.77527905,-9.24287796,2.00314403,-3.96122456,1.27965939,-0.38419199,-1.86069512,4.31198215,-4.80076218,3.65179825,6.18036938,2.70769453,0.45158693,-2.27035236,0.66730058,-2.91580868,2.08602071,1.414397,0.27687788,-1.7953918,0.95303732,-2.66552663,2.057127,-2.03166723,-2.28926468,0.62078166,1.18020153,-0.74565649,3.177701,-1.31495988,-2.25027537,0.83739197,-4.14071369,1.09770465,2.90021634,-0.86142421,1.47425532,-1.57533324,3.6525023,-0.32975811,-3.6485734,-2.48886013,-0.6322965,-1.19851911,1.82653451,1.4656496,-0.98837638,1.24698806,0.18749911,-1.00062692,-2.03344226,1.86509562,0.68724847,-0.40407759,1.2264396,2.08849335,0.7917183,0.82132405,0.95627367,0.52631044,0.35811138,2.00753498,-0.12331484,b'5'
841,-0.89127648,7.26675034,-8.24257946,2.6715672,4.19131947,5.39334774,2.90235472,-6.7937212,7.54070234,-2.62065649,0.84705627,2.5370214,3.62494326,-3.03255987,-5.48616505,5.66695786,-3.72414589,-1.7200563,1.7222898,-1.09638441,0.34790015,-0.32928902,-4.03585482,2.03031397,4.90349674,0.94648331,-0.75358987,2.41752863,-2.76244068,-2.72116852,3.27169514,-1.72966373,0.63186973,2.32879996,-0.38605762,-2.91716099,-1.29121518,1.33522046,-0.57640946,2.30541825,-2.39483786,0.00539981,-0.75045276,-1.66357911,-0.94746459,-0.5325067,-0.22584407,0.56783235,0.85134596,0.15498126,-0.60686725,-0.55985522,0.63917041,0.67115343,-0.26551741,-0.16953129,0.65167499,-0.43396813,0.11116272,-0.89883482,0.5577727,-0.050172,0.11963314,0.35504615,b'5'
842,-7.04422808,-1.47723413,-4.6505599,-9.52613926,2.69183397,10.5495224,8.94500828,-4.23022461,2.35235548,-6.14201021,-0.15507817,6.85295391,2.27358937,-1.23922265,1.11383557,-3.2153759,-0.16712666,1.43429017,-2.41521025,2.21619558,-1.9862175,-0.73534089,-0.63241267,2.66906881,1.8806926,-4.35312843,2.41220474,-1.47960401,1.17512012,0.62391484,1.70922422,-1.69234347,-0.90496272,-3.83828402,-1.38359785,0.43000516,-1.96931195,2.14495921,-2.08287907,0.12403721,0.57708049,1.17365527,-3.17423892,-0.64153594,-1.8586117,-0.0514558,1.22156799,-0.28587651,1.68286753,0.84616423,-1.31569946,0.63616407,0.75903869,0.72663397,0.56642032,0.21367502,-0.77789593,-0.36577511,0.42049176,-2.03899169,-0.49246347,-0.77527595,-0.27133757,0.63153088,b'5'
843,-7.55621576,7.0185976,-8.25476551,3.73054194,2.43114805,6.71702576,1.28713298,-2.03828168,7.95485497,-1.16255164,2.08181238,8.02189636,7.78054619,-1.12427425,-2.79318571,4.47571278,-2.6453824,0.01675189,0.15377468,-2.21978188,-1.35706747,2.44361639,-5.71431637,0.47048569,2.90406704,-2.41304994,2.31831646,0.93276012,-1.56952906,0.13689917,0.52584577,-2.79378533,1.05695796,-0.46717304,0.33334517,1.16806126,-0.79577339,0.70704645,-1.71463716,0.79393029,0.97115993,-1.52070439,-2.87623787,2.92187381,0.22706813,0.01676594,0.67015678,-0.15888095,1.87572408,0.89260733,-1.88608241,-1.95419884,0.7613852,-1.16534972,-0.60955852,1.21424317,1.20174599,-0.0829155,-0.4630416,-1.16014123,0.15752472,1.6511519,0.83734953,0.93215215,b'5'
844,-11.23153305,1.60537004,-8.22183323,-3.43924618,-4.7827301,3.78116155,0.95644736,-1.72236323,4.64303255,-6.21140909,1.30672956,4.9381814,2.97796535,-0.89088386,-3.65738773,-3.58984518,-0.25370932,1.68995929,0.39194864,-0.72092521,0.39464769,0.03748232,-1.30205953,2.03614044,-0.89678168,-3.04035735,1.41016006,2.51437449,0.2342279,4.1553731,0.61463332,-2.64614201,-1.45265377,-4.54286528,0.40856177,3.55429149,-2.26083755,2.3456347,-2.78829432,3.07184339,0.64767492,-1.7809639,-4.28523254,-0.25711167,-0.58288717,-0.75715363,0.80810744,-2.1694777,1.63448644,1.21846938,-0.28118694,-1.29831076,1.05672514,0.25860381,0.32084388,0.41190255,0.4136498,-0.10941729,-0.25760767,1.03966916,1.6744287,0.24541867,-0.82538229,-0.23036745,b'5'
845,-7.78460121,0.20980382,-8.21922874,-7.78307533,-2.08220172,7.93966103,3.72986436,-2.02859259,1.14169097,-6.39789486,-1.27597952,2.91416335,1.16147006,-3.40679598,-2.85108471,-2.86202097,1.19878316,1.09507632,-0.43313015,0.42648244,-2.54705977,-0.42140454,0.95560706,-0.57025385,-0.80582589,-2.32527399,1.1940347,1.65421176,0.32583094,2.58569574,0.66084015,0.04489517,-0.71935701,-6.62036848,0.346632,3.04100657,-1.68642199,2.85382915,0.14394736,2.1869874,-2.22727203,-1.54723299,-3.67160225,-1.95973361,-2.62487698,-0.8161031,0.76935309,-0.28578758,0.53527391,0.46331108,-2.28603196,-0.70730114,0.30028677,-0.81429434,0.17190987,1.92009568,-1.48095608,-0.51973069,-0.06885815,-0.34272283,1.6609273,-0.35540834,1.14669824,0.80511504,b'5'
846,-5.3301363,0.76547432,-13.86418343,3.38550138,2.00900984,5.42162228,-1.18675089,-1.64791155,5.18121147,-2.70702887,0.68501258,3.21111727,1.23758698,1.67717052,-1.48408651,2.90683889,-2.39736056,2.54257584,-5.81803608,3.07874203,0.13352238,-1.25630665,0.34039363,2.1736989,-0.41477069,-4.04892683,1.69700897,2.86973667,-1.49914265,0.32698846,0.48005998,-1.75770092,-1.7464211,-0.72652632,-2.01295805,0.94067502,0.69131875,0.40224838,-2.00063896,0.42871946,-0.13864636,-1.87137973,-1.95740783,-0.99944955,-0.5323621,0.79870939,1.12339818,-0.87591791,-0.29959011,-1.14866412,-0.58918059,-0.14048868,-0.56326175,1.75188231,1.37070942,3.63836861,-0.27671885,0.36473131,-0.26231742,-1.13779974,0.35785592,0.49533635,0.63070583,-0.44336912,b'5'
847,-7.59600306,6.30820084,-5.17334843,9.12747383,-1.27517283,3.82715678,1.69761229,-1.55427265,6.20006752,-1.66822243,1.18166256,6.25037479,3.41107321,2.36283684,-0.03139925,5.68593264,-5.77708149,-2.79665065,-0.49627987,2.15725088,-2.14976668,0.09236759,-8.09187794,1.64312172,0.78830671,-3.88446879,2.16773939,1.97553229,-1.39291382,-1.50627208,-1.5845021,0.20250988,2.07610106,0.52242506,2.59226155,-0.41085902,-0.83549452,0.10782659,0.70182431,-0.25333917,0.95117474,-2.71879363,-1.90715325,1.75511348,-1.41193712,1.09739637,0.95098156,0.99105811,-0.93378425,0.0822829,0.35202706,-0.01964927,0.09513831,-1.85537052,1.36660457,2.32000828,0.81234658,-1.47187412,1.09300876,-0.74416316,0.08474712,-0.35762295,0.49020255,1.96989655,b'5'
848,-9.93245792,-3.2688303,-9.51970196,2.5848825,4.81759691,3.01939321,5.27738762,4.27481174,1.87118936,-4.42932796,0.9116056,2.13138199,-3.05482912,3.80545139,-2.61683369,1.74314523,4.31123161,4.23474407,-2.74867082,0.24497294,0.06214868,-3.51008654,0.85794234,-1.85907769,-1.17292237,-6.48357582,-2.61093092,1.13636422,2.57257986,0.12738067,-1.54032075,1.90739536,-0.32810116,-2.58767653,0.24866879,3.0231626,-0.89868021,-0.08613843,-2.03169918,0.29071367,1.24288511,-1.64972651,-1.24695277,-0.60939026,-2.70574903,0.20405015,1.63612843,-1.08120441,-1.10698342,0.12168831,-0.50594968,0.21392435,-0.06066608,-1.05732012,-0.05114955,3.48367786,-0.59144878,-0.94722581,-1.61186886,1.17391694,-0.08619781,0.50770926,0.56732595,-1.01520681,b'5'
849,-8.07507896,5.82490253,-10.25992107,-4.42401171,-3.38641453,0.78773457,-1.35346603,-4.92796326,0.30402327,-5.18333054,0.17281651,1.84357643,1.50482106,-3.38012362,-1.82863331,2.6585865,-2.49065185,3.86002707,-1.03820944,1.55558777,-3.33192253,1.02338576,0.49803549,0.33431983,-0.22430974,-1.70034957,0.21287489,1.10999823,0.07559681,2.68328571,-0.81315744,-1.91102099,1.27880466,-0.78142077,0.23810261,1.17893028,-2.82904387,2.42715001,-1.13432419,2.71110678,0.72223008,-4.16884756,0.23337641,-1.6237973,-1.19678247,1.40818608,1.10403073,-0.49041247,0.4096238,-1.52747726,0.88035262,-0.12856716,2.22240925,0.69222653,0.56768322,0.61763835,1.74857259,0.15970671,-1.15797794,0.97600472,0.92894202,0.00210628,0.2279712,-0.63479215,b'5'
850,-8.31881046,-4.50256968,-6.17820597,-6.15099573,3.48806858,5.99106216,7.44265556,-3.2337606,1.85061002,-5.29711151,0.60599899,5.74040413,-0.62877822,1.06767392,-1.34030819,-4.18131733,5.05193996,3.43794465,-4.15360737,-2.01895881,0.65902174,-0.67641228,0.21126845,2.09735632,-2.86629677,-4.33894062,0.96388972,-1.26216137,-1.77175665,2.27950478,-2.01255178,-0.39863586,-0.89301884,-1.63962555,-3.51931214,2.52270174,-0.38248253,-0.16260773,-0.40457451,0.46401107,1.52942491,1.2173562,-1.85417438,-2.42789721,-1.31121743,2.35777473,1.89917421,0.88974226,0.99645871,-0.0850271,-0.18188433,0.9411518,0.6157558,-1.1649735,-0.14444083,-0.14276737,-1.10460043,-0.81439263,-2.60153413,-1.46752334,0.69148189,0.40009922,0.78670621,-1.28610682,b'5'
851,-6.18876743,10.7986784,-9.53190708,-1.04056942,-3.11395884,-1.15967631,-0.5917325,-4.87822914,5.88176537,-1.56737852,-1.03584194,1.43570709,2.76550388,-2.77345181,0.41102695,4.03056812,-6.46465492,3.82558036,-0.5647949,2.44936657,-1.16960931,3.56131601,-1.46149111,1.76946592,1.72356427,-2.84409857,1.13587236,2.83037066,1.5825758,1.43697894,0.26641965,0.09001112,-0.06119387,1.53961635,0.51533103,0.65681112,-3.63169098,-0.20929056,-1.37183034,0.05095428,1.73167062,-1.66629851,1.06042743,1.99627161,-0.65159118,1.92165232,-0.8178128,0.20856881,-1.07261384,0.46620309,-0.46699387,0.19366229,0.58307803,-1.00128293,0.99586642,-1.31021941,1.25716722,-0.54084176,-0.83500898,0.85829997,0.21313922,-1.04932404,0.87212706,0.24196061,b'5'
852,-4.88578272,0.29590774,-10.05844402,-3.8927443,0.22955751,7.232234,2.12717605,-1.41802287,1.67811346,-5.76097918,-0.59111214,0.27303934,1.15851974,-2.45493937,-3.66752052,-3.26943827,2.20970893,-0.02265263,-1.56136465,3.5960536,-0.42859644,-1.68811178,4.3151226,-0.57050109,-0.29455405,-1.96452606,-1.1317271,1.76033902,-0.37068844,3.29763269,0.4767096,-3.78735209,-1.93563175,-6.35762405,-0.67561352,2.69959426,-1.23318946,0.54920375,-0.94333494,1.74759221,-1.52306759,-0.60769302,-2.67051363,-3.89446449,-1.09574759,-1.74289119,0.82828683,-2.37250495,-1.04150939,-0.54528975,-1.6594578,0.26419908,0.12138581,1.19192779,0.6306954,2.13817358,-0.86654353,-0.54001147,-0.72530162,0.89739966,0.75598061,-0.92502576,-0.33380949,-0.02737916,b'5'
853,-8.83675957,6.96357918,-9.58845234,3.35682034,-3.68707848,1.93907142,0.63153625,-1.45956564,3.3476491,-3.8402071,-0.30952501,5.56093359,5.12712002,0.70064604,-0.9736886,5.40353584,-2.71147752,2.94230604,2.77479124,1.99932718,-4.97188616,0.44586343,-2.47613168,1.11088037,-0.03968143,-3.86364293,0.64371347,0.83479226,-0.07551289,1.12005436,-0.89222896,-1.80113268,1.27202702,-1.04578662,1.47496343,2.04496956,-2.54628158,1.25247979,-0.84604967,1.64791298,1.49082851,-3.74395275,-2.76737928,-0.18191622,-1.51224411,0.57387781,1.13368416,-1.02372003,0.76760644,0.74634016,-2.21616864,-0.53986347,0.46948516,-0.05229163,-0.12580067,2.58555579,1.00278258,-0.74578953,-1.22574806,0.53145373,-1.03473854,0.73966306,2.3094883,0.70555383,b'5'
854,-0.02853096,9.34503555,-3.34732127,4.79790974,2.30913067,1.57496786,1.23444533,-5.98798561,8.22544861,-2.52582479,-3.0986042,5.59357309,4.24702835,-4.99738932,-2.2314415,2.05827618,-5.56575394,-0.93598163,2.66279006,-1.8367213,-0.76428264,3.88299227,-7.38474798,1.95157003,1.47104132,-0.67163479,0.83829796,2.32960725,-1.30378342,-0.12382013,1.14171648,0.59933758,3.84245992,1.13677394,3.78897929,-2.68796945,0.65091133,0.35821426,1.64717031,1.26904559,0.08470285,0.10083601,1.07213175,0.012376,-0.87456715,-0.91127592,-0.74609417,-0.17136741,-1.60907125,-1.04420435,0.20013528,0.23722011,0.53892446,-1.31703424,-0.94815487,-1.18105757,1.30229115,-1.46937823,-0.76474971,0.07674885,0.92275625,-0.85166466,-0.55984306,1.84591687,b'5'
855,-13.465765,-0.61012435,-4.77468777,-7.85641623,-2.69010496,3.3181603,3.60573936,-3.57519841,0.26718378,-5.92559385,1.68144739,5.99237156,4.90564346,-2.98710394,-0.40059233,-2.81351233,0.91306257,3.32877278,2.8998785,-0.00206327,-3.34086657,2.45049405,-3.13120723,-1.41391563,-0.0753448,-3.41151905,1.99651825,-0.27921456,0.01221609,2.72423697,-0.30579364,-1.35057402,2.16856384,-0.35634893,2.38301659,0.57875043,-1.22838938,1.26407599,0.61367321,3.07167482,1.04148698,-2.00936866,-2.84084797,-0.65487069,-2.23625183,1.33182538,1.70566106,-2.27374673,1.22626472,0.89041686,-0.0008329,-2.40070009,2.93587017,-2.00497794,-0.92561108,0.96695089,0.43918467,-0.48324543,-2.55859685,0.37728798,-0.67340213,-0.83972377,1.79346812,0.83220214,b'5'
856,-7.35215282,-3.52278733,-5.39218473,-5.4713254,6.6696496,9.18679523,6.97860241,-2.07577991,1.06764936,-7.2900672,2.85372066,3.6968596,-3.16759348,1.66469133,0.25276279,-3.17608309,4.5919857,1.28429246,-1.85286796,-0.57279706,1.43410385,-1.41784048,-1.34994447,1.61554766,0.16910732,-6.0338974,0.12537062,0.05005133,-0.396698,0.92348492,-0.10135686,-0.67937446,-0.66705787,-1.79343295,-1.24769402,2.08754468,0.78569603,0.6234535,-2.60041046,0.4134391,0.50000036,1.35968506,-1.96456492,-1.77833366,-0.18669009,1.3658011,2.03619885,-3.07686639,0.65315711,0.28327829,0.24838147,-1.72053695,-0.18902111,-0.55894518,0.93338686,-0.46285722,-0.72877049,-0.35216075,-1.96360373,-0.66606569,-0.9891355,-0.16410828,1.54441369,-0.7656855,b'5'
857,0.93971193,5.04913807,-1.60544062,3.44590807,4.09988308,4.80899763,-1.05593967,-4.33228588,9.23307228,-4.0600543,-1.51620817,1.71778989,4.23434734,-4.88024616,0.37614274,-2.93780804,-6.59978294,0.16187465,7.91555309,-3.30036068,-0.74845743,7.89084387,-5.82610035,2.42825317,2.31319141,1.67361486,0.74582028,-0.33642364,0.1504631,-0.17253816,-1.83218729,-2.07030272,3.15312552,-0.08682507,2.47145176,-1.84375656,1.15808582,2.26685858,1.27505732,0.24775821,0.86583292,-0.37336135,0.8083607,1.05954981,-1.03883803,1.69805336,-0.83218551,-0.81072688,-1.18853772,-1.66133475,-0.78630602,0.9137522,0.14024925,0.34363484,-0.29282004,-1.78957176,1.00838184,-1.68354845,-0.63894486,0.6555829,-0.61150903,-2.31675839,-0.9616555,0.89053625,b'5'
858,-10.87015247,-1.92832983,-7.38882685,-4.79723072,-0.57502717,5.65906906,5.15812159,0.34445715,3.33646536,-6.35547638,2.3269124,4.19724751,2.16549754,2.44996023,-3.60113335,-4.47506285,3.59808803,1.72678423,-1.90179551,-4.84299183,1.7615025,-1.02188325,-0.23824844,1.54320478,0.11080742,-5.36551094,-0.12611189,2.67336369,-0.76763678,1.75399125,-0.40258038,0.20784879,-0.84723097,-3.60696554,-2.15932441,4.31444931,-1.58938718,1.95595789,-1.37328279,2.72720265,0.99383831,0.67624891,-3.17846441,-0.59814686,-0.41276097,0.63903159,1.3617636,-2.35546136,3.09931493,-0.32254171,1.60483968,-1.57977605,0.30297208,-0.75720453,0.84692001,0.33031285,0.69346714,-2.34818435,0.09006047,-1.01016283,-0.09032165,0.15860331,0.62416911,-0.38212427,b'5'
859,-11.18912792,-4.17978668,-7.57062578,-2.34264565,2.69694662,6.94280052,4.091506,3.00209188,1.60930157,-6.44889402,2.91605401,2.72592258,-1.9575057,3.71871161,-0.99514532,-1.55153155,4.20703888,3.28874135,-3.97726154,-3.86298656,1.10201335,-1.5176723,0.15306984,0.39813375,-2.89009476,-6.46306372,-2.02311444,2.61851335,0.71431494,0.88216674,-0.94394767,0.65315557,-0.46398097,-1.99098468,-2.03776813,3.85713339,0.04686141,0.88131595,-1.42775404,1.84120631,0.70315981,0.76901692,-2.18064356,-3.80846453,-1.70378935,-0.73846704,1.91924286,-1.69241261,0.54040539,-1.81800258,0.22552477,-1.3538276,0.80354035,-1.42712212,-0.25265592,1.58423281,-0.64401579,-0.28559905,-0.75238878,-0.0542078,-0.87650365,-0.22946709,1.71633065,-0.9334048,b'5'
860,-9.07059288,-2.94365191,-9.2750864,-1.62006927,-2.82638502,7.73202801,3.50143337,1.5876472,5.69530725,-4.66302395,0.14958811,2.44625449,0.96070838,2.97824693,-3.18065023,-2.79055119,1.79371738,3.41078305,-1.66540349,-1.61391115,-0.07422012,-1.85223103,1.58155811,1.33815145,-2.04486847,-5.74926662,0.46315801,3.79530573,1.52368283,2.18338299,-0.44913518,1.62948656,-2.92254281,-4.6595912,-2.03626704,4.35378313,0.05189157,1.85781753,-2.47712326,2.15932631,-0.32169807,0.91658026,-2.62805891,-0.90024775,-0.21619701,0.24336928,0.09478609,-2.32048965,0.72501034,-0.5556345,-3.39255452,-1.22358155,-0.44020724,-1.01494217,0.86723197,0.46096408,-0.33154774,0.57309997,-0.1551418,-0.37001604,0.26163846,0.55757177,-0.04695034,0.92410892,b'5'
861,-6.98973036,4.84937572,-7.5871377,6.0487895,-1.87094045,3.59238648,2.33085489,-0.0482173,9.14343643,-2.5478754,2.29913187,6.66614103,3.97403955,3.21934175,-0.68528891,2.90652227,-4.55144119,0.03055382,-3.12565827,-0.11446571,-0.40837252,-2.93140483,-4.86304998,2.95894146,1.54607546,-6.12984467,1.5911001,6.42396641,0.07417774,0.04185361,-0.04029381,-0.66295314,0.97280782,-2.87129855,1.60067093,2.66266727,-2.18651366,1.22290349,-3.07818222,-0.46479422,0.54559577,-3.08107114,-3.44566989,1.89069259,-0.33636582,1.19334018,0.44765908,-0.23467636,-0.57962185,2.14135647,-0.66970724,-0.5445838,1.24399447,-0.05175388,0.97988868,2.66216707,-0.13033819,-0.02537502,0.50408047,-1.41097438,-0.25853378,-1.18145204,0.84979856,2.07946777,b'5'
862,-8.45027542,3.22838116,-9.39699078,-7.60913181,-4.75842571,0.06559479,-0.97235775,-5.01582623,0.82819605,-3.25232983,-1.20570326,-0.33742595,2.26701736,-4.5609479,-1.80937052,-2.70794678,-2.28110719,3.65928149,-0.85752475,2.01086187,-0.52382183,2.43076777,0.49250549,0.41163254,0.83072329,-2.18715572,-0.93933928,1.27977872,1.61378264,2.66823006,0.16210699,-1.12590492,-0.35616738,-1.46262884,0.5279184,2.07435036,-3.40231562,2.8514185,-0.0556972,2.33034158,0.22590256,-1.18605149,1.24891686,-1.20495462,-0.88543856,0.96340382,0.58853364,-1.32176805,-0.4006348,-1.16287088,0.39550561,-0.89127398,1.86631799,-1.1169486,-0.38569063,-0.23959148,-0.02249599,0.04387292,-0.86568558,1.31045616,1.11276543,-2.02289081,-0.95576304,0.30042991,b'5'
863,-7.52884626,11.59052181,-7.04760981,0.94664264,-2.86600733,-2.39762449,-0.42688656,-2.39930773,6.44747782,-5.41079044,-1.48175287,4.80513954,0.97049952,-0.54764688,3.06718826,1.88487828,-2.95465612,3.87585044,1.93610024,1.21298099,-2.58361101,0.85483992,-2.8457582,-2.16924858,0.14923155,-5.06357479,2.67027617,0.86431348,1.37260628,-0.15140182,-2.26051283,-0.43010545,1.06407309,-1.57287431,1.84490919,2.06081295,-0.47903848,0.9566552,0.64322317,0.53336465,0.43789303,-2.09063888,-0.89978832,0.18487048,-2.01480675,1.78583133,-2.3731904,-0.05701113,-0.60206813,0.78571999,-0.64556843,0.69530183,0.92669082,-1.38728261,1.24249923,1.75650644,1.40651262,1.07368207,0.86932307,2.29752302,-1.15963054,-0.44297063,0.1743198,0.04387932,b'5'
864,-12.00376225,-3.22768116,-4.1886487,-5.95918417,1.79708326,4.50192261,7.03852654,-0.41264451,1.34323215,-4.41380882,-0.16203666,4.92439461,-0.47608304,2.88698816,-2.14360046,-1.81652665,3.40973115,2.48840642,-2.57645202,-3.18184566,0.54963887,-2.4065938,4.00879049,0.37403774,-0.83446336,-4.50033951,-1.18322504,0.36649799,-0.42156219,3.01262283,-2.96960497,-0.8346523,-0.46367341,-4.75893402,-2.88906574,4.96165848,-0.53525507,-0.27806932,-1.03678167,1.45284832,0.83424008,-1.13030422,-1.89146137,-2.81885123,-0.46893489,1.30089295,2.50567389,-0.98612404,2.68883109,-0.90032512,-1.38789356,-1.64463615,0.40457368,-1.56114674,0.36102659,-1.17819691,-0.9370203,-0.00055546,-1.97890019,-1.61026812,-0.29219863,-0.16111878,1.8101579,-1.08531725,b'5'
865,-12.90218925,-0.17355418,-5.39789152,-8.68955898,-1.97760141,6.67362404,5.13646793,-3.58391881,1.4355669,-6.18255138,1.91661465,8.27735138,3.98546433,-1.14044058,-0.14378929,-2.1996789,-1.1394881,0.93079209,0.21778351,-0.25953388,0.96950084,0.16007537,-2.44711637,0.44022202,2.06035519,-2.81348896,2.8371973,-0.67170036,-1.20857954,3.44453669,0.93031991,-2.91644883,0.26920062,-0.0790959,-0.08528209,1.45268273,-1.61704731,2.04531837,-0.90429699,0.9604913,1.66901016,-2.08128452,-3.39898133,-0.76975489,-1.13441932,-1.07084489,0.97077167,-1.30179834,1.8153882,0.54141903,-0.87155771,-1.36449802,1.40403044,-2.73939753,-0.3826502,1.29759264,-0.42681623,-1.2605443,-1.51931596,-0.69040084,-0.31425023,-0.31483066,1.69421446,-0.05172672,b'5'
866,-12.59668446,4.91217995,-8.01895332,2.81696367,-3.8024087,0.13643837,-1.80306435,-0.75201666,3.97079277,-2.7539289,2.38032985,6.33016348,4.05686569,0.79503727,-2.34063292,5.1036706,-3.27398348,0.71493328,1.24567723,3.21572113,-1.75081968,0.10352123,-3.26933718,0.59722137,0.27235639,-4.17943096,0.63075674,1.30997109,0.14509535,2.33631802,-1.93714082,-1.89031982,1.20487118,-1.84695911,1.83745718,2.82944942,-2.07458305,-0.14525622,-0.96529639,0.57710767,1.48532939,-3.15147281,-2.79147363,1.351686,-1.97517049,1.52586997,0.03401943,-0.31928563,-0.80198699,1.05405819,-1.25224102,-0.18041629,1.29844332,-0.67092371,1.22507501,2.38007665,2.23774767,-0.0563703,-0.65151078,1.66347539,0.7599259,0.84886998,0.91803086,-0.49658093,b'5'
867,-10.4723177,4.06243086,-6.18586588,-1.70945621,-5.20110083,0.84270394,1.3818171,0.41407704,3.58794355,-8.64812946,2.07142353,7.34750175,3.41120625,1.76324022,-1.28449583,-3.85517025,1.29145813,2.7169323,3.06875682,-0.51326966,-1.40218627,-0.38338226,-2.72875953,0.26097155,-1.87382257,-2.3389473,1.34858799,2.16405416,-0.38474703,3.48773003,1.1768856,-0.58844757,0.70193613,-2.79956222,2.97759748,1.96433592,-0.67843032,2.5923183,-1.10172546,2.33974004,0.87834883,-3.46689296,-3.09827542,-0.49590957,-1.97382724,-0.47272676,1.46051526,0.08093286,1.59918594,1.10994852,0.22648899,-2.94395733,0.6678859,-0.71966982,-0.72931427,1.29093623,1.79187703,0.85229349,0.07023549,1.7787112,-0.41754818,0.54600924,0.69528317,-2.43377209,b'5'
868,-7.76695204,-0.80975294,-6.29031181,-9.29735661,0.46595955,8.49099255,6.43890381,-6.61373329,-0.00040197,-3.04725361,-0.67142439,0.59265089,-2.40843868,-4.91592312,-2.09669209,-2.08555984,-0.89232576,0.08310044,-1.08684182,-1.97382677,0.32709503,-1.84882402,2.45491314,-1.43432343,-1.03082693,-0.99470854,1.31076515,-0.95261121,-1.93558979,2.5409255,0.66078424,-3.34451318,1.07200003,-2.85652757,-0.93410325,1.10352981,0.5142374,1.19058037,0.6958251,1.73622131,-1.60126758,-0.48706281,-3.94501781,-4.21491146,-1.858549,0.35393101,1.72406578,-1.69040704,-0.44746014,-0.94034004,-0.70999575,-0.88659453,0.67918646,1.48277509,1.15193272,-1.36117959,-0.17228484,1.97272003,0.50794548,-1.47762787,2.06682968,0.04279083,1.06231546,0.2151548,b'5'
869,-8.1131916,7.00577164,-10.115448,-1.12074637,-3.79982328,0.94415641,-0.18810725,-4.08340549,0.97934294,-6.30641127,0.24610281,1.6848619,2.47409582,-3.23784232,-0.25406027,3.28172064,-1.80528474,4.81757164,-0.00072813,1.81401825,-3.98549128,1.01965332,-0.83008575,1.69732761,0.24635696,-1.76416326,-0.75673032,0.26982558,1.8766458,2.0162077,-0.93584526,-0.43164372,1.17712736,-1.79021144,1.29261208,0.922176,-2.05932474,1.47432637,0.63516843,2.51279187,0.89965439,-3.40215039,-0.4471857,-1.29932594,-1.98421228,1.58764172,0.94493139,-0.83838511,-0.27747139,0.03591907,-0.07279311,0.71822011,2.28220677,0.44837523,0.08284134,-0.16745746,1.51589608,0.65572566,-0.52257991,2.96430016,0.86486381,1.03911304,0.66520536,-0.30898538,b'5'
870,-7.77408314,6.4651413,-7.32348156,5.05061102,-2.31614113,0.98425341,1.86546004,0.6509583,10.4503479,-0.82363313,0.91945219,7.9465971,3.47409558,2.43616509,-1.85273695,1.08191001,-3.86724639,0.63628078,0.5366177,1.29163933,-1.13631845,-1.45100808,-4.81393051,2.53632402,0.62697017,-4.63948631,1.95716941,3.27718925,-1.77497387,0.24960935,0.04526949,-2.13873482,0.79204148,-3.62151384,2.03972077,2.43181705,-1.19463742,1.67414856,-1.64018977,-1.00728357,1.01635504,-4.06537151,-3.82301831,1.97780204,-0.24365103,1.08968556,0.56754738,0.64274716,0.24836493,3.29166317,-0.8389287,-1.93188334,0.61161518,-1.29331136,-1.2596128,2.57032633,-0.45228028,-0.18596549,-0.61808252,-1.60204554,-1.30989647,0.14650214,-0.11840761,0.24125275,b'5'
871,-8.4980669,10.18813515,-4.41463661,6.29854345,-4.3006196,0.04163694,2.42874002,-2.5214479,5.35191727,-4.10204411,0.64597821,6.55358553,3.46345758,1.85834396,1.38231874,4.53069305,-5.77786684,-0.10480934,3.14972401,0.88787174,-0.21398236,-1.07730508,-5.03038359,-0.84798288,1.10656321,-3.33188367,1.67205346,2.0469892,-1.1862812,0.88741791,-0.00842774,-0.863047,1.43963838,0.8832022,2.87734699,2.75852084,0.50704026,-1.77933359,1.30903208,-0.36844832,0.46501148,-2.44818068,-1.64920664,3.55315137,0.04149914,-0.63648993,-0.02512906,-0.06358147,-0.78995359,1.39902723,-0.1553667,0.56250858,0.93836474,-2.49055243,1.95436668,1.75870371,0.32708955,-0.81323028,-0.24374324,-0.2892099,-0.51351911,-1.75564504,1.17607188,0.69048941,b'5'
872,-6.01139259,1.09956169,-7.47511816,8.30155182,7.39331913,6.16963863,2.37248325,3.18716764,7.93319798,-2.2507863,2.15471005,3.29044533,0.02578211,2.62828088,-1.37795353,5.57443237,2.06185341,3.18704629,-3.50666022,-1.07059324,-2.82895041,-3.21300936,-1.71036613,0.61542869,1.03246915,-7.72657681,-2.81575918,3.12878323,0.80863142,-2.78417969,1.16131485,-0.46435094,-0.93815696,-0.88229126,-2.51387644,0.84447503,0.92231345,-0.31304616,-2.12969494,0.367513,0.07129014,0.29407662,-2.01239586,0.60107893,-1.13940775,0.69689441,0.42981124,-1.0262413,1.12845874,0.44951391,0.09766164,-0.76515102,-0.65975547,-0.2212137,0.91591465,1.79922915,-0.35082364,0.34827191,-2.17880917,0.57259214,-1.33256721,-0.29383367,1.1712265,-0.60691714,b'5'
873,-1.44293702,8.66744137,-6.51664448,4.20487785,0.9461906,0.23375189,0.11541843,-6.6917038,6.60903692,-1.76998341,-3.62806988,4.48383617,5.84131098,-4.19927788,-0.85857916,5.08408833,-3.28898644,1.39855337,1.18353117,1.22195888,-2.83592653,3.51329136,-5.80174017,3.74213362,0.5133971,-0.70880032,-0.6876986,1.81327081,-0.31706095,1.11237764,0.51264524,0.88425994,2.2740593,1.85888243,1.75981116,-2.2157557,-1.6411432,-0.65325791,3.12653732,1.24607074,0.02961302,-2.74697351,1.28558767,1.31916869,-0.37606812,0.18734437,0.81669623,1.42951608,-0.02788129,-0.48906568,-0.8320626,-0.11582714,0.7965281,-2.31526923,-1.07334971,-1.30760145,0.40782166,-0.08888964,-0.54294586,0.23493576,1.18042028,0.55137599,-0.2818656,1.52886045,b'5'
874,-5.18724728,12.64219475,-9.05809116,2.38652086,0.02443218,1.36137497,0.36862469,-2.9652307,5.07238865,-2.9455471,-3.20525455,2.19070148,3.14727139,-2.75770259,0.64339685,6.27551603,-5.5649538,1.48633528,0.20334923,-1.88631439,-1.45938265,2.29403567,-3.74802017,-0.20473862,3.65025568,-4.34691477,1.64476407,1.95093632,1.22599292,-0.12155616,1.02415562,-1.38665926,-0.03486469,2.0991466,1.47105038,-0.99175274,-0.30935621,0.84794283,-0.43108404,0.09381092,1.08229709,0.94237387,-1.11159647,2.11458611,-0.18290401,3.25662851,-0.59700763,-0.38855314,0.38897371,1.33460224,-0.77322078,0.17934841,-0.17294788,-1.43552184,0.91316903,-0.26375508,-0.81400323,0.30576339,0.13386583,-0.63889486,0.37601769,-0.70003015,0.98881483,1.23981774,b'5'
875,-9.77085972,-2.49947143,-1.54304504,-7.70959282,-0.30476439,12.38855648,3.02693057,-3.82793641,-0.35377264,-4.85271215,3.65949774,7.48957062,1.79334521,0.14774518,2.21768737,-2.07371283,-2.00222659,-1.22724915,-1.27391958,4.84958458,-0.64554387,2.34537745,-2.84223151,1.35105658,0.72811294,-3.76930547,3.34410191,-0.41199428,1.43480015,2.71917152,-1.56994712,-2.18908048,-1.06591475,-2.38948059,1.09214568,-0.32285228,-0.31461358,1.32849193,1.30516672,0.2849285,0.75556803,1.40677691,-1.95858586,-1.11369586,-1.4014982,0.61357838,1.91633797,-0.90418601,2.82043052,-0.83006614,-0.63897121,-0.9230448,2.05904245,-0.42819309,0.81232905,1.51628399,1.1095928,-0.32735384,-1.53403389,-0.62371141,0.25471389,0.1964944,1.61746323,-1.09723759,b'5'
876,-8.52975464,-3.05341291,-8.31547737,1.36902666,4.03375483,3.89800119,3.79918838,0.61011463,0.85261822,-6.62494278,2.60506725,1.19844842,-3.45031214,2.22714663,-2.88714552,-2.3196044,6.31961632,4.04708004,-2.97608972,-0.21388936,0.69378114,-1.38422227,0.2013914,0.57508445,-2.62450337,-4.9573698,-3.14791489,0.7825526,1.60866523,0.88759303,-2.11949396,0.44837427,-1.19111097,-4.19520235,-0.03797376,3.20604777,-0.02998257,1.00513649,-1.01573384,1.94006777,0.43194187,-0.16297545,-0.85369158,-2.97523522,-2.56710148,0.83501941,1.42909861,-1.83692956,-0.24095452,-0.32807225,0.40662658,-1.54301023,0.16869569,-1.13892508,-0.6786043,2.55771661,0.31341195,-0.90551126,-0.80745381,1.27109683,0.95760483,-0.26726186,0.10948545,-1.78748083,b'5'
877,-2.65099669,3.39171028,-5.37385511,6.64181566,7.48598671,4.56784248,5.68707609,-0.45390952,10.63395405,-1.08396888,-1.26280785,6.38871527,5.04372072,1.00936723,-4.87256145,3.13032341,1.16984177,1.0395577,-0.34363258,-4.79216385,-1.35419655,0.24640572,-1.89299142,3.85242176,0.37376738,-4.98389339,-0.31306291,4.28008175,-2.16461849,-0.39302021,-0.82674921,0.83033657,-1.75182891,0.6116569,-3.11696982,1.72895753,0.42641616,-0.59093553,-1.47582591,1.19889653,0.23147225,-0.43168658,-0.87137699,0.65764618,2.61660337,0.45766634,0.17238677,0.07859516,3.54279685,1.5094744,0.233496,-0.92838812,-0.92972541,-1.08580232,0.46902707,0.31077814,0.56865096,-0.68715358,-1.09592056,-1.96571946,0.56001651,0.28862852,0.21880805,-0.93391562,b'5'
878,-6.11287785,2.64922142,-4.67408371,-9.80958462,1.31503618,9.46023273,7.75782633,-1.88045883,0.15005732,-8.61886406,1.24151671,8.50787926,0.5267126,2.30927086,0.35658622,-1.90399098,-0.28403461,0.6366868,1.14282298,1.1320436,-0.92226148,-0.23772866,-2.65417051,-1.4558574,3.75609446,-4.13865519,1.59914672,-4.01454544,0.58184409,0.63213146,1.19480145,-1.11840653,0.25708646,-1.11410928,0.30456209,-0.82426238,0.86927462,3.00700402,-1.0292927,0.48558497,0.8125484,1.02424359,-2.94584775,-0.49264473,-1.45929778,-0.25019714,1.66551661,0.59073389,1.7590425,1.1211735,0.82317567,-0.67742574,0.37923741,-0.12947822,-1.3335731,0.45985746,0.85977519,-1.16403139,-0.6727196,-1.57410204,-1.94480777,-1.25316405,0.56772435,-0.88295352,b'5'
879,-11.75378799,1.66711187,-7.79417467,-5.7902894,-2.07432318,-0.87273955,0.83814192,-1.0908618,3.26935101,-4.4691186,-2.10817671,3.72160149,3.759547,-0.20371601,-0.74759817,-4.64227915,-0.89681089,2.87516379,3.66230464,1.68757939,-3.03427696,1.97222257,-0.02504262,-2.15380073,-0.54428726,-5.82586002,1.34878719,-0.62308437,1.40482712,1.29774559,-0.84727442,-1.13224387,1.52675772,-3.23880529,1.38947368,1.87432349,-1.60045528,1.60002494,-0.41596186,1.85182714,0.30542195,-2.4103899,-3.12399602,-2.32858706,-3.2302475,-0.77643657,0.13367599,-2.49472976,-0.25693381,0.23355895,-0.99927318,-3.35566044,1.64221954,-1.62006378,-1.31847501,3.1640079,-0.18155766,-1.31927931,-0.59320736,0.89801455,-0.81360269,-1.48183608,-0.85770106,0.30321285,b'5'
880,-8.32371902,9.3251667,-9.63011265,-0.71055031,-3.77167797,-2.19509888,-1.41907883,-2.79808807,3.75180054,-4.47118759,-0.42991948,4.15779448,2.75151992,-1.48181546,0.7465632,0.48140287,-4.30488825,3.78398347,2.06634784,1.31717181,-2.92305398,2.48790455,-2.16629243,0.89259028,0.58287442,-3.975178,0.51683247,1.61104274,0.66109276,2.09489679,-0.28973114,0.1296792,1.15746188,-1.45143199,2.13341069,1.66590965,-0.67996716,0.20814019,-1.27908528,1.45818007,1.10319591,-2.61460972,0.71048284,0.2281058,-1.66761482,1.06287205,-1.04708409,-0.57372665,-1.11461067,-0.70556796,-0.94580185,0.48450792,0.06172705,0.63303399,1.37816405,0.94076514,1.43200731,0.13401441,0.51415354,2.5197978,-0.21205783,0.24220216,1.14212167,0.32930371,b'5'
881,-8.58563709,4.15988111,-11.27199554,1.73746252,-0.55684942,3.01318026,4.57259274,-0.71563065,6.05530643,-6.23678017,0.42787218,3.56981134,1.97737074,1.69742608,-3.64970446,-1.16253495,-0.65912783,5.10166645,-2.12085915,-2.63213062,0.82352436,-1.69655156,1.64562643,2.82451153,0.14090276,-2.41208029,-1.45495093,2.36460519,-0.11538267,1.67100465,0.39435911,-1.48444176,-0.79931235,-3.76037741,-1.04962635,5.17628908,0.28536773,0.22513872,-3.46808767,3.10240602,-0.28743273,-2.27271199,-1.86485612,-1.57181573,0.32444811,-0.76526034,1.60203624,-1.54955649,2.06941152,0.46724963,-0.73292542,0.83205867,-0.81628776,0.43424761,0.63410985,0.91623795,0.32210922,0.88928872,0.41446954,0.66194892,0.18251859,1.16922617,0.96251214,-0.5836997,b'5'
882,-3.18571568,-5.16936779,-4.39496756,7.90303421,5.28902054,2.05928898,-3.14920664,-1.18329787,-4.05399656,1.86908102,4.78076649,7.17948914,-2.14809299,0.3449007,5.78801727,-5.21049404,-1.0636282,4.7084074,-4.72903633,-4.16066599,-0.94057393,-1.57715344,-0.1945456,2.51646566,-1.10977578,0.28224131,-1.52044153,-0.10932809,-1.42030382,2.70315838,-1.36454809,0.23353219,-0.72436821,-1.22766066,2.82267833,0.48435232,-1.89174914,0.24187714,0.36315644,4.67348766,-0.07867157,-2.03346896,-0.90218341,-3.51165748,-0.20924914,0.27943462,4.39027596,0.753757,0.52412832,-0.7112124,1.38911927,-1.60997128,0.29386067,1.67972338,0.90842533,0.55153692,-0.07263422,0.26487517,-0.1271221,0.00463462,0.53169066,-1.07538033,1.60908449,-2.25766587,b'5'
883,-8.64040184,2.23868179,-5.39512968,-4.84503317,3.45407391,6.20627308,2.89220858,0.86522293,-0.22130585,-6.66784859,7.43281078,3.9102273,-4.02347517,1.34814703,-0.37898922,2.74030352,1.00410032,0.89387238,-2.04924965,-3.37724876,-0.23820354,-3.24624109,1.48799932,0.64166403,-1.7921139,-4.2715683,0.36912054,4.44804239,1.11727619,1.02491176,2.41861844,-1.19219029,1.38093698,-4.62843323,-3.86486983,1.65704978,0.28762579,2.45432544,-5.69357538,-0.77654028,-1.1585685,-0.57328993,-2.11197758,-1.84333158,0.71888018,-0.59019023,1.73407781,-1.58448768,2.29640484,1.33728516,0.99560022,-2.02950907,0.43098545,-0.00775754,-0.40828401,-0.26791427,0.46183181,0.36331207,0.04569209,-1.12298131,0.59852105,-0.61020041,2.18910313,-0.3714346,b'5'
884,-4.22367907,7.77738762,-10.00445366,7.64871931,3.1984086,6.93490219,1.90816128,0.16370213,4.78659105,-3.3368609,2.67042851,4.3334465,1.30912507,0.80673611,-0.28088331,4.86764812,-1.837466,-2.01355982,-2.36575675,-0.03533626,0.52600992,-2.10761857,-2.0796895,1.07178283,2.75319862,-5.6772337,-1.5703181,2.37497258,-0.84008074,1.04236615,1.42263424,-0.49369645,-0.42843401,-3.77394152,-0.26209617,1.92604458,-0.2039535,3.04360247,-1.72397435,0.41867554,0.73815131,-1.38275945,-3.42604113,0.40150678,-0.05802083,1.29479706,1.03535163,-1.37132573,-0.15824133,0.80413425,-0.37706417,-0.46462965,-0.83716702,-0.24717581,0.56613076,2.93054056,-1.36009502,-0.63651228,-0.07747859,-0.96073198,-0.73170769,0.3558923,1.31563294,0.94410789,b'5'
885,-11.19046116,0.81765318,-8.09273052,-8.61268902,-1.13045096,7.73455811,4.26822948,-1.53791571,1.10243988,-7.51226473,-0.12094951,5.04412508,1.65346086,-2.70701861,-1.68946838,-1.43204737,0.01800895,1.58791757,-0.56923854,-1.87970674,-1.65943956,0.5469408,-1.14331973,0.10963988,-1.49423432,-2.67552423,2.68205404,1.42691565,-0.01211119,2.51324844,1.09971619,-2.00529599,0.96298796,-1.54624319,-0.5206306,2.86748791,-3.77845907,2.15515399,-1.70159328,3.14827299,1.14604855,-1.57665706,-3.76770163,-1.37726045,-1.46348679,-0.62015712,3.0210743,-1.39135861,2.40528321,0.39125097,-0.63594133,-0.49990559,2.33017278,-0.70855474,-0.16434819,1.00430071,-1.40609694,-1.16705287,-0.06480682,-0.14426279,0.01706026,0.22993422,2.03898096,0.97269017,b'5'
886,-9.92965984,-3.05506873,-8.28767586,-0.7581737,-1.65043569,7.42525482,4.00898743,0.77990556,3.36664891,-6.12733269,3.09444547,4.02075386,2.12087512,0.34049895,-3.621696,-3.90577602,3.6174171,3.37324786,-2.81844997,-1.13142538,1.66199207,-0.49443239,0.27262357,3.61056852,-2.06062317,-5.08136415,0.53539008,2.79764414,-0.29979324,2.08601856,2.03429556,-0.80902445,-1.67108393,-3.60257339,-1.48588848,2.94907045,-0.96668458,1.22824967,-1.89912093,3.78378463,0.4825238,2.16279769,-2.42482495,-1.02414083,-1.07006395,1.23065448,1.82222915,-1.70513606,1.04903173,-0.49860957,-0.11200939,-0.62565708,-0.61272883,0.2548008,2.51650453,0.26048672,-0.44230056,-0.62272102,-1.40729368,-0.12413722,0.5763998,0.48586053,1.35874188,-0.95420897,b'5'
887,-4.24652481,0.18879676,-11.43741131,5.6124773,7.28679848,2.99764872,4.11157608,-1.5764277,7.12376499,-2.42288828,0.17350817,2.88894391,-0.60516715,1.47313011,-3.2285037,4.36656761,2.81847692,4.72031116,-3.63316989,1.71132398,-2.73376155,-2.23235154,-1.73675454,1.41471386,-3.15231895,-4.71917105,-2.54122066,1.5667398,-0.5369873,-1.835765,-0.64982164,-0.44159675,-1.25164223,-0.26387638,-2.19402647,1.53465354,0.70164251,-0.74317533,-2.5680356,-0.33984956,-0.42179245,-0.49073088,-1.78660023,-0.59369802,-0.45697963,1.73445272,0.57998329,0.26980162,-1.17003274,0.35897207,0.3571732,-0.60388255,0.3709271,-1.16511726,-0.99687606,2.0846169,-0.19827104,0.03880069,-1.41199601,-0.5869053,0.89245468,-0.32654536,1.72049963,-0.45352265,b'5'
888,-4.31761551,3.44271708,-14.33310699,3.4598968,2.23568249,3.81264639,-2.12312889,-4.18834591,5.11433172,0.43400049,2.07373905,2.24780607,1.62835777,0.94156599,-2.73949909,4.38700199,-2.67438364,-0.39665347,-5.21963596,1.57451367,0.75361013,-1.49221039,0.55177939,2.51324701,0.44697666,-2.53093982,1.31281698,1.9606061,-0.73346233,-0.3333171,-1.1881696,-0.96848881,-1.59126461,-0.58810884,-2.6653316,0.31197432,-1.55314612,0.74707353,-1.52561343,-0.22368261,0.25535142,-0.90306193,-0.9160924,-0.20099382,1.25608361,2.18398809,0.4883275,0.32998967,-0.70882571,-2.68724442,-0.18959238,-0.85126054,-1.26518846,1.50910699,0.44349876,1.7035675,-0.09408092,-0.16877629,0.49455339,-0.78452325,-0.36906224,-0.19484834,0.74430478,0.61507392,b'5'
889,-11.20680237,4.17612123,-10.79282761,-2.81663227,-2.08077717,3.61790037,2.50193548,2.34203815,2.94228649,-5.32262325,1.89626861,6.04996681,3.21642613,2.15569329,-1.86944389,1.06286037,-2.70077205,1.43155074,-0.03201291,-3.17584991,1.0271399,-1.99756789,0.22372329,-1.32739639,0.28789341,-5.51528835,-0.12531289,3.03297281,-0.55148602,2.0275321,-0.19706881,-2.03656125,0.01473549,-2.59442925,-1.57704401,5.11113214,-2.03925538,1.82587481,-5.50385523,1.10981393,-1.20957541,-2.63553023,-2.43191838,-0.63138646,-0.38135517,-0.44312304,1.48062432,-1.42290998,1.19353271,0.45938301,-0.4971447,-1.51368213,0.24292207,0.62962013,0.26245886,2.39571381,1.60595119,-0.69908267,-0.69863451,0.76717198,-0.52878201,0.58475751,0.40583968,-0.25165313,b'5'
890,-7.05816269,2.70257807,-8.43889332,5.00647783,0.91792691,3.43030477,1.8826474,-0.28972852,10.09333229,-2.98424625,0.21818829,6.7301693,4.11826324,2.83327627,-2.76500225,2.16249704,-3.59390712,0.94116807,-3.68964529,2.61482048,-1.94769597,-0.26661986,-4.66791391,3.17815638,-0.3191306,-5.39119625,2.64821243,4.88049269,-1.93614149,-0.09579998,0.93365538,-2.31147265,0.30289531,-2.6154089,0.20137691,0.87156343,-0.06741452,1.37135243,-3.72875261,-0.95071429,-0.07140374,-2.23692536,-2.40370202,1.51462889,0.00283206,1.08033144,0.42999434,-0.32101607,0.2175709,1.58539379,0.95665854,-0.29459673,-0.24863601,0.79642123,0.19160801,2.99028182,1.04510415,-0.07964005,0.20686394,-1.75305033,0.3692807,0.29810321,0.87959921,1.08065712,b'5'
891,-10.13741779,-1.94298136,-8.19059849,-4.50847197,5.32439566,4.94906044,5.34476233,-0.93132925,-0.07450819,-6.46670866,2.50563192,3.73362827,-2.75174379,2.17547393,-1.86822844,-1.24038267,3.23115754,2.77396345,-1.5574733,-3.19638753,0.43498552,-2.31739068,-0.28881183,1.93238354,-2.56018877,-3.89090729,-1.47076714,-0.10051405,0.24515438,0.0413211,-0.17257559,-0.20442367,1.53702414,-1.87796354,-2.11913896,5.35307217,0.11458945,-0.22680968,-1.93981373,2.90290284,-0.5512107,-0.27361614,-2.92881036,-3.9598639,-1.80425632,1.22083783,3.17071342,-1.50541759,1.28777003,0.22683454,0.52744919,-1.61778712,0.39495945,-1.90586782,-0.15981466,1.34877062,-0.78307009,0.5472818,-1.50728655,-1.26913202,1.05501175,0.03626102,1.95434439,-1.88822484,b'5'
892,-7.32198572,6.96702766,-7.88633108,2.88335967,-2.86717176,-4.10237408,-1.4585433,-3.73312116,4.42137241,-4.88506126,-2.7112875,4.89641666,2.84393406,-0.23792768,-1.6663475,0.96594512,-3.0213263,2.85141802,2.57179523,3.10799885,-3.54868269,-0.38781065,-2.70749497,1.77580118,0.74590075,-3.92834973,-1.12444115,1.65716863,0.2010386,2.54612637,0.93270004,-0.51337051,2.71664476,0.70503438,2.85595179,1.70192969,-0.69955015,-1.9444561,1.81511247,0.85182631,1.39137435,-3.14079738,-0.75761765,0.54802364,-1.10431683,1.34016132,-0.11591367,-0.51844239,-1.7174592,-1.41553402,-0.99024832,0.9037044,0.52637696,0.08532679,-0.28575057,1.33576369,1.86769736,0.99660575,-1.59048498,1.10839021,-0.22642639,-0.32692009,2.24725533,-0.14976624,b'5'
893,-3.09036207,5.53753376,-13.50659657,-2.55172253,-3.73261833,-0.70967495,-1.10332966,-4.39019585,2.95088458,-1.14092875,-0.86556268,-0.33781266,3.24974251,-1.6666348,-3.75072765,1.90081573,-3.07190561,3.43242002,-0.53079128,2.77569723,-1.42365503,-3.20923996,2.66898704,0.41047096,3.73797417,-0.68844861,-0.61584657,2.2653718,1.22035575,-0.36790621,1.72210276,-2.9393909,-0.01266994,0.11588633,-0.65943837,-2.78805923,-2.56004906,1.78276634,-0.09784389,-0.43325907,0.46257889,-1.61269116,-0.76228034,-1.69573832,-1.23601091,1.82240069,1.623757,-0.93470693,0.08821499,-0.14748651,-0.33639157,-0.69687629,-0.09666562,0.05111969,1.44738984,1.28910851,-0.21776605,0.29037619,0.91203445,-0.00408745,0.53695905,0.96363443,0.98854578,-0.44175282,b'5'
894,-6.02818871,10.31496048,-5.30975056,5.83792734,-2.49924612,-0.95556617,2.24339819,-4.90781784,5.79843521,-2.89204907,-0.50803995,4.73058033,3.34151626,0.87635857,2.08279371,2.91420674,-4.92082596,2.43271947,4.79775524,1.40638876,-5.52490759,1.05685198,-3.17420435,1.49778843,0.66328812,-3.52195024,1.03095472,1.36153388,0.003582,2.47878695,-1.60291016,1.42882299,1.82649052,-0.49531621,2.3250339,1.84331477,0.22823763,-1.4058218,0.98045725,-0.01041228,1.26462817,-2.84458184,-0.42249337,1.32563925,-1.26991665,0.2704289,0.09551398,-0.19163752,-0.42539889,0.29976565,-0.76723671,1.36361396,0.9105159,-1.30482173,0.81158483,1.48763919,-0.02534103,-0.61459422,-1.38660645,1.62481654,-0.27502769,-1.29652619,0.38674998,1.66542733,b'5'
895,-6.098804,4.4510951,-10.96249008,-2.92047,-1.85663342,4.5120697,0.17492318,-3.28952956,-1.39070129,-5.80901289,2.22385216,0.89264655,-1.0804038,-2.38801193,-3.47614765,0.48321414,-1.13468432,2.13713217,-1.4383651,2.61037636,0.06486404,-0.56095976,3.97494364,0.80694294,0.49307346,-1.1621232,-0.15269789,-0.01608044,-0.46169186,1.01935446,2.86912513,-1.20712698,0.03094993,-3.00267339,-0.27116942,-0.41789469,-1.91910267,3.74001408,-2.49546957,2.08947229,-1.1262486,-1.41874635,-0.31832933,-4.26187277,-2.15071583,1.60387421,2.11008,-1.59896731,-0.12470052,-1.29579735,1.48790288,-0.4704684,0.38299417,0.89727354,0.30987126,0.13177001,0.47727537,-0.42107576,-0.02911639,-0.93373215,2.35559893,-1.54994297,-0.55216324,-2.38194871,b'5'
896,-6.22886848,3.62745476,-9.90205002,4.42143393,1.22539937,4.46176815,5.49108887,0.60827911,8.38935375,-4.50195074,-1.08279872,5.46336555,3.11547017,2.24952412,-3.5775671,3.30772996,0.58370113,3.80138564,-2.71529841,-0.82663608,-1.27814364,-3.71982574,-0.89723182,3.08385229,0.34201455,-4.99039125,-0.15846738,3.44363117,-0.93849659,-1.12924588,1.24675882,-2.35138583,-0.94830358,-2.66261005,-2.81430149,3.64995122,-1.29652333,-0.21863097,-2.16120052,-0.80694723,1.4922061,-2.21791887,-3.45330453,1.1283325,1.57050741,1.0218451,1.4902575,-0.37042713,3.05340075,1.71451867,-0.16657685,-0.62342274,-1.61956382,-0.11536717,1.27045417,1.47052312,0.30266571,-0.54587215,-1.20667124,-2.65039158,-1.47322786,-0.04271671,2.11726713,-0.77672547,b'5'
897,-11.32971764,-1.82271171,-8.2192049,-1.29869747,-0.80071867,5.20418262,4.60714197,2.78222346,2.45795107,-6.16232777,2.21890712,5.01580143,0.23063928,3.22478867,-2.21953964,-2.98284435,3.8564465,2.55013013,-3.45480514,-2.28391123,3.62148142,0.09907413,1.11683512,1.25522518,-2.07192206,-3.09143615,0.45809609,3.54980516,-1.26093769,4.30062962,0.67228079,0.76304293,-1.50451684,-4.11851931,-1.97155309,3.17820001,-0.09244347,1.63627052,-1.12901843,1.6451087,1.28522038,0.21010312,-1.38177931,-1.76217377,-0.86408651,0.33346969,1.72349846,-0.34583926,0.91743773,-1.29325795,0.89593345,-1.11080575,-0.47687435,-1.55143785,2.17379642,1.48517203,-0.41517067,-1.64799607,0.27161807,-0.60340041,2.00793386,-0.50675011,1.81941521,-0.96110916,b'5'
898,-11.92509651,0.39484382,-7.31925821,-2.14581132,-5.60093641,4.55821323,-0.65486002,-1.32975745,6.00940609,-5.66620636,1.93621027,3.69314909,2.24139929,-0.17352977,-3.69339991,-1.60594821,-1.58092225,1.0673275,-3.78768468,0.08625507,-0.45664877,-0.28031725,-2.23518801,0.49243546,-1.02509475,-3.03186369,0.21490622,4.5048728,2.48623466,4.8713522,-2.10218811,-1.3787899,-1.75507176,-5.20063019,-0.12661457,3.45454144,-2.47126484,2.65292406,-0.44277513,2.03970981,1.65148377,-1.45666909,-1.99906921,-0.04932703,-1.24572885,-0.52248949,0.32440391,-0.73087788,-0.44794834,0.65721869,-2.18351746,-0.27814764,1.02698171,-0.64186502,0.89988017,1.74591589,-0.46854663,-0.07785539,-1.07031894,1.91254842,2.40073824,0.07444888,-0.60119927,-0.09587318,b'5'
899,-4.20981073,5.90975475,-0.782929,8.32275486,4.76859713,3.10700035,6.03796673,0.98393357,11.67952538,-2.00270414,-5.35574722,7.73146343,5.8437252,0.06598541,-1.73257113,0.62085247,-2.13173556,-2.35801506,4.09525394,-5.01321936,-2.32361603,-0.9830665,-3.74155378,-0.18596673,0.53800094,-3.60295653,1.40827572,2.6569972,-3.18336821,-0.60628849,1.44696987,0.93876672,2.0822444,-0.5562014,0.31767964,-1.08751762,0.53749704,0.44205022,-1.84328115,0.5830332,-2.61345005,-0.93165451,-1.92159891,1.40642858,0.87983,0.00998382,-0.18138717,-0.81403875,0.66953754,1.85194623,-0.26968992,-0.65001369,-0.43204522,-0.37967718,-0.43927592,0.6893245,1.32563043,-0.91768599,1.57266545,-0.22270077,-0.50948966,-0.48934388,1.10877359,-0.5593195,b'5'
900,4.2035985,6.06987858,-4.18533325,2.07889318,0.62584758,3.78919268,0.11594534,-6.57916546,7.78549957,-1.03306341,-0.98573375,0.50089407,5.04372454,-3.85584521,-0.51004553,-2.68402338,-4.80549526,-2.30733299,6.85760784,-4.18336391,-0.99701786,4.61760902,-5.46599102,2.99594593,0.66332686,5.16105556,0.5414483,-0.87659776,-0.53221226,-0.58479226,-2.64610338,-0.05231357,3.03279042,1.45253253,0.41011035,-2.54351139,-0.34185433,2.71974063,1.29743171,-0.56397611,-0.90988535,0.35356975,2.47130013,2.05063534,0.13076878,0.30517215,-0.60631102,-0.45918489,-0.02112769,-2.00430775,-1.40297437,0.43081236,-0.26060939,0.81434268,0.97663856,-1.55537558,-0.6955626,-1.06064272,-0.22519523,1.0294863,-3.05647826,-1.27537799,-0.01679873,1.01396179,b'5'
901,-5.54235411,3.88993216,-8.01848793,1.91182733,-2.78332615,6.26835346,0.26028395,1.18612432,4.41480446,-8.68593407,-0.45604348,4.34261656,2.66688347,-1.32434559,-0.34284735,-1.94021606,-1.01575446,3.04397893,-2.12803221,5.09945726,-3.96029186,-1.29945874,-0.61215138,2.94884157,-2.33915472,-3.66921401,1.29272318,5.00966454,2.74888182,1.8515023,1.0689106,-2.08656001,-1.09049439,-5.01765251,1.25835764,1.99183166,-3.1626749,1.08656454,-0.29643273,-1.01321745,1.3705585,-2.69193554,-0.95169491,-1.88722527,-0.53253984,-1.20777571,0.58352047,-0.72210264,0.17684653,0.62873328,-2.83059096,0.73454219,-0.18356776,0.54336435,1.18102229,2.0187192,-1.49620676,0.7312808,-0.65272808,1.26670277,-1.00854933,-0.27705115,0.80963171,-0.50939149,b'5'
902,-9.5841465,-6.94042873,-1.41731668,-6.93451309,1.66701353,9.46767235,3.8435421,4.63819218,5.42865944,-5.01930332,4.79611301,4.96534395,-0.09772325,2.94826698,1.23594356,-3.55981255,3.18110204,3.2601912,-2.87576842,-1.87765265,-0.28521693,-5.01094151,1.89263153,2.10235548,1.21725667,-5.77499819,1.9641093,1.57928658,-0.50993109,1.12790596,0.24942839,0.16685963,-2.07030225,1.02905464,-1.87947726,-0.06510481,1.00812364,-0.32073456,0.67029464,1.33961046,1.02407455,1.67381668,-3.02184415,-1.40016401,-0.68624818,1.1260097,1.82902217,-2.33509231,4.91237545,-1.70734262,0.25257462,-1.31027186,1.37162566,-0.98814964,0.22782743,-0.36366379,0.19609618,-0.5389725,-0.99250764,-3.06665778,-1.3525393,0.37819082,0.31751931,-0.12775204,b'5'
903,-6.54952478,6.96527576,-7.28240681,5.32241249,-2.54460192,2.76631522,2.98498178,-1.3338182,6.11620712,-4.18479347,1.92015934,6.69989395,3.90751505,1.05414641,-2.27702379,0.93306458,-4.6055975,1.58642936,1.29007173,3.96197844,-5.28762722,-0.09599286,-3.59828138,2.91642952,-0.01082909,-2.51703215,1.7527107,0.39515579,-1.47882891,-0.28200585,-0.41323674,-0.68546176,0.73582041,-4.07550001,2.91091967,1.70935595,-1.40117323,1.07944226,-1.65845597,0.57147837,0.88320684,-5.49801254,-2.25644732,-1.14248288,-2.82816696,0.43089509,1.00453198,1.68929935,-0.52866429,1.42119634,-1.08098757,1.19435728,0.85429406,-0.3464191,-1.27958798,1.98668432,-0.3450644,-0.39019519,-0.57121855,-0.14410114,-2.26316381,-0.51304203,-0.07516736,-0.25346068,b'5'
904,-3.22271991,13.29810619,-5.74888945,4.21533918,-2.75743389,0.54786873,0.93523049,-4.10221672,3.4800086,-5.17261362,-1.81192923,3.76179051,1.05352437,-0.14117226,0.06393766,5.41238308,-5.25803328,1.41605425,0.5039019,-0.56104684,-2.08295059,0.61817926,-2.83763695,-0.43938732,2.83600092,-3.80499506,0.04711133,2.60064697,0.46322083,2.33915186,-0.27718008,1.18129969,-0.06807553,0.55383742,2.59535694,2.40073395,0.80449414,0.30514801,1.66157889,0.15064895,1.17607617,-1.7735647,-1.60326207,0.70900857,-0.29841447,0.82239032,-0.76375008,-0.58621645,-0.81756765,0.50996339,-0.40678722,1.52019417,0.77074897,-2.10868025,1.10103154,1.36107159,-1.71809864,0.07708696,-1.28328133,1.58839381,0.99509293,-0.66982305,0.90634668,1.32291234,b'5'
905,1.40774024,5.72550583,2.69199872,3.78248525,0.60554302,6.90798283,2.36526322,-3.88598514,7.89806414,-3.91168141,-3.03089094,4.14977312,2.78932619,-3.92988896,-0.9873786,-4.4287529,-4.65938854,-0.88715261,7.79047966,-3.59534287,1.16559839,5.07333374,-7.10682726,-0.5419178,1.68022335,-0.23419355,3.53743935,-0.01302266,1.14465404,1.73909724,-0.12240708,2.53023338,2.87299609,-0.07080251,3.3688643,0.28851759,2.0551641,0.75798774,0.40819824,1.83591056,0.90306735,-0.75813675,0.61093152,2.21275854,-2.17525196,-0.65561157,-2.63080716,0.37007332,-1.05912828,-1.29417157,-0.68242759,2.64038134,-0.21626401,-1.41876936,-0.53202671,-0.55874389,0.7802223,1.09712315,-0.78838521,1.2957176,-0.6156441,-1.01898503,-1.94805121,0.55440909,b'5'
906,-10.80311108,-1.7573154,-0.71754175,-7.92829704,-0.46587023,5.90724659,5.68103218,-5.87610054,-2.48778391,-5.92029619,2.71265531,4.92586899,2.31215477,-3.72088313,1.47839832,-1.22090983,2.15302229,2.33892941,2.60777521,3.85100937,-4.78990841,0.44001344,-2.88574004,-1.9627986,0.7206192,-3.93784404,1.33546996,-3.57599163,1.63165426,-0.07880056,-0.92977464,-0.72231233,0.7791791,-2.0302732,2.44065428,-0.52927113,-1.44250751,2.15975595,0.84792519,1.38816035,1.53593683,-0.84191626,-2.04318976,-1.5836488,-3.62938547,1.8860836,1.25205684,-1.58614087,2.54648685,0.92866123,-1.49008417,-1.15053117,1.87681866,-1.59570265,-0.163279,-0.90088964,0.56199455,1.12528217,-1.57752633,0.58430398,-0.55571014,-1.12079561,1.17198908,-0.07647572,b'5'
907,-7.86051655,3.10705471,-9.77462292,-3.22076774,-2.26419115,0.32208514,-0.01837373,0.83172745,4.21161985,-5.16854095,0.0147624,6.14278841,2.84021926,2.70993996,-5.59450817,-1.57532883,-2.45550203,1.01544738,1.15847087,0.16020322,-0.5694778,-1.87361622,0.61549067,-0.08082747,0.29430622,-6.52240372,1.33995664,1.7814374,-0.8962698,3.79573345,0.36099553,-2.50688052,0.04294942,-2.13975573,-0.49305212,3.9876945,-1.91261911,2.12887955,-5.194561,1.21678042,0.02956855,-3.20223069,-2.98932099,0.40342873,-1.02704751,-0.43022355,1.40493536,-1.04376197,1.19555569,1.80707061,0.2309166,-2.54431534,-0.75353765,1.04497814,-0.18132657,1.67621231,1.57399154,-0.44148946,-1.29735136,0.43835711,-1.27854729,0.21987087,-1.15484989,-0.7792024,b'5'
908,-9.6759758,-3.27132154,-8.50319767,-1.74581039,-3.26175547,7.3824501,-1.34026146,-3.41098571,3.48382425,-5.428267,1.18016803,1.52287006,0.03232491,-1.00084853,-0.07574034,-4.02797508,-0.07201064,2.06038594,-4.28718424,1.0725863,1.36304879,-0.06383806,0.4570998,3.12315845,-2.56192541,-2.26927662,2.23296738,2.19686198,-1.70425463,3.34710836,0.26639771,-0.78368258,-3.13734269,-2.57904458,-1.29937172,1.16800404,0.61733079,2.48670721,0.01588106,3.22097611,-1.46659827,-0.40483528,-2.32776546,-1.54150856,-0.62797034,1.78762984,0.10265857,-2.51639867,0.25247797,-1.17997527,-0.62485325,-0.97507381,0.5501833,1.24618435,1.2441684,-0.37555295,-0.02292013,-0.46482277,0.47172922,0.09210122,2.22449183,-0.00925198,0.06545955,0.64036965,b'5'
909,-9.74536514,4.36348438,-8.29969311,1.30003786,-2.71058607,3.76791739,-0.91887999,0.63039172,2.09170485,-7.30825329,1.67648077,5.69982815,1.86368966,0.82237101,-1.50515938,2.20642495,-1.50793576,-0.45502102,-3.00076032,2.21402502,-1.15155661,-2.00873232,-2.25061989,1.44838953,-0.67763627,-4.15341473,0.17059183,3.37690067,-0.20314169,1.52074206,-0.98723829,-1.36661041,-0.18756588,-4.74016237,0.22399867,4.48482895,-3.33945584,2.32969022,-1.46544302,-0.42952549,0.62629318,-3.5799408,-2.22484064,-0.38610041,-2.46749926,-0.01977888,1.87052357,-0.65724111,0.38786435,1.07485485,-0.9739114,-1.34022093,-0.25790477,0.28549361,1.69932437,3.25854683,2.01666355,-0.68171239,1.1477201,1.05301797,-1.92723739,1.63288665,1.70547974,-0.61590695,b'5'
910,-11.44586086,1.75903749,-10.291008,2.64957023,-2.55062747,2.98590803,3.73185802,1.6076405,5.89926291,-4.74308062,1.36924696,5.49450684,4.88041782,1.69166565,-2.82567978,-0.96315026,-1.85603452,3.43400121,-1.01068044,0.32858062,-0.33916044,-1.72869205,0.25696591,2.1790266,-0.38603804,-3.28582883,-0.581707,2.91758752,0.59349728,3.03997183,1.21246505,-2.33310843,-0.46821189,-4.62082243,-1.77448344,3.18849969,-1.64316893,1.39967597,-4.11293173,1.31642723,0.5454061,-3.04613996,-2.43171954,-0.13143617,-0.2087338,-0.05352496,1.70813549,-2.13151288,0.38529289,1.56166399,-1.6803205,-0.18967825,-0.76015592,-0.61074758,1.34123099,1.41865945,-0.23179865,0.08364521,0.3585934,-0.17129487,0.7504639,0.3888402,0.98170316,-0.09844393,b'5'
911,-3.77862501,2.86608315,-9.84927654,3.77178454,3.83289719,2.18881512,3.10058022,-6.21413231,9.22087669,0.60080874,-1.49958467,6.11499071,7.21544647,-2.19401622,-5.3074007,2.52649021,-3.42714095,0.64074838,-0.55078667,-0.80556941,0.67671913,2.914433,-2.15110326,3.16613817,-0.25315863,0.79663301,1.70601094,1.70136738,-5.38979006,0.23882997,1.48551667,-2.74786735,-0.83069557,-0.31728989,-2.97688365,-1.74767792,0.7948823,1.17127466,-2.10815048,1.44241726,-0.55692083,-0.28397948,-1.72603667,-1.43128717,1.16983402,-0.50075912,0.40667653,0.5234406,1.87542439,-0.35858312,0.22293071,-0.78594828,0.93980265,0.75700307,0.24573803,-0.41826347,0.74213099,-0.45470113,-0.50334859,-0.36379468,1.5797838,0.24597168,-0.7056123,0.67421871,b'5'
912,-6.16112566,-3.03500557,-7.76269293,6.27308464,7.34299755,0.29971826,3.17125821,2.72443247,-2.47061682,-5.3005352,1.82582951,1.71677208,-2.92391348,2.09082103,-0.95191908,-1.43980312,3.24112201,3.6193974,-2.92180943,3.53679657,-1.9351542,-1.49011254,-0.72644782,-2.33525753,-1.88622355,-5.39616013,-1.79908311,2.29717541,1.31207156,2.83210039,-0.72043622,0.54643703,-0.53031331,-2.97043109,0.90036356,1.90588391,0.19815612,1.95513487,-1.64387214,-0.10233,0.42201781,-1.64025533,-2.25612521,-1.17687786,-1.56675231,-0.484703,1.11070454,-3.64986968,-0.98820204,-0.659495,0.47210908,0.00895387,0.79203141,-1.01299191,1.00361919,2.37295866,0.56135011,-0.24840705,-0.71838671,1.29615676,0.85567361,0.81594092,0.55502689,-0.42964604,b'5'
913,-5.84645224,3.45686388,-6.69000387,-2.70290041,-4.75618029,4.97344685,1.49730587,-2.95004725,2.46224809,-10.41185856,1.28974783,4.90612793,1.59558761,0.16384882,-2.33745813,-4.48372602,1.58087587,0.60724783,-2.26738882,-0.04175735,0.00085919,0.58999908,-4.77372122,2.85696983,-1.69897151,-1.77919507,2.47862911,1.05090046,0.18009377,3.18837309,-0.65360987,1.0461061,-0.2143365,-3.18275166,0.53714919,3.86718631,-2.88638544,2.22968292,1.20147681,2.00353551,1.38849401,-2.56124926,-3.61278415,-0.49039334,-1.59895551,0.51668698,-0.51977438,0.86889148,0.10119408,0.3455112,0.00966163,-1.25017953,1.25418067,-0.26630664,-0.94465345,1.2525537,-0.42353559,0.29636586,-0.06533945,2.00150394,-0.66441554,1.11774874,1.61020911,-0.68562931,b'5'
914,-5.27885103,7.55749989,-11.05789566,1.34689426,-0.22449589,-1.11604261,-0.16859102,-5.8327055,6.35993576,-1.12570846,-2.20928717,3.3689518,4.92946911,-3.49522352,-1.82370234,3.48422766,-5.01398659,3.29900956,-0.88392746,2.22565126,-2.72643805,1.97041273,-1.19457901,2.06582117,2.08565331,-2.20819592,0.54691136,3.3896203,-0.84328508,1.91699469,1.95488977,-2.3476963,0.53372467,0.81404841,0.33722639,-1.59381258,-2.60724068,0.94955778,-0.75981081,0.64644122,0.28138018,-2.28454995,-0.13017954,1.47499394,0.00209022,0.93028176,0.55853218,0.21171784,-0.76712435,-0.6076712,-1.19139659,-1.90736651,1.57405436,0.50288641,0.22036594,1.09422123,0.33296561,0.93194991,0.16201627,-0.24441725,1.78228533,-0.20278157,1.52210081,1.53007412,b'5'
915,-7.33377361,6.52613449,-7.51048517,3.34928918,-3.15673399,-0.14140868,1.33308911,-0.42160022,7.67039776,-2.42724276,-1.56245136,6.33030701,4.40119267,2.23451567,-4.48047447,1.21702659,-3.52639055,2.48835945,-0.84315372,0.58161163,-1.95597243,0.09084511,0.59514463,1.57404041,0.14544415,-3.95729518,-0.72905719,4.25441647,-2.07981348,2.32552958,0.96429539,-3.08259034,0.19593155,-4.87391949,0.95582557,2.87714744,-0.64839768,1.46199107,-2.72578907,1.379614,-0.95356232,-3.6696384,-4.24664927,0.34608334,-0.33831608,-1.07999063,1.09559691,-0.9296124,2.15750003,1.74987161,0.76253057,-1.92922521,0.58471954,0.81698811,0.17532855,2.11692309,0.03805709,-0.05411017,-0.23510408,0.07102442,-0.11172556,-0.39317587,1.47170603,-0.66384816,b'5'
916,-6.1213603,2.08618641,-10.94708729,2.26748252,-1.19196057,4.18845749,2.94602299,0.62014109,7.19485331,-5.36569023,1.51112187,3.71453023,2.10166478,3.58912158,-3.60684633,-0.23735046,-0.13727129,3.95123792,-3.96760416,-0.89093602,-0.88062382,-3.2500515,-0.42942908,3.50228596,-1.89160585,-5.04284716,-1.19122934,3.6506815,2.06740284,0.86500978,-1.47166216,-0.32793951,-2.17128754,-5.80201912,-2.1600461,4.54788971,-1.4110353,1.37893593,-2.82057858,-0.24324366,0.25060272,-2.94603181,-2.23652554,-1.01077187,0.1564163,1.10902095,0.99910319,-0.93530107,1.59606671,-0.11555415,-0.29145372,-0.37602758,-1.62994266,0.30897677,0.52854544,1.61020255,-1.17116094,0.43273109,-0.13371396,-0.37837213,-0.74851292,-0.0199275,0.74980938,0.0281465,b'5'
917,-7.88483477,7.29773712,-7.99480581,2.79583073,0.04466736,0.52483821,3.61677146,-0.44527745,10.00370979,-0.33563715,-1.35592175,7.43780041,5.87812233,0.72838867,-2.34690809,0.89059639,-3.95339251,2.41309929,1.32153869,1.34568763,0.39310968,2.81610632,-2.93098259,1.02350521,3.4176383,-4.80255699,1.06255949,1.20619893,-3.76846886,-1.85928726,3.87802052,-2.66111183,0.74793327,-0.39443582,1.41810155,-0.82217085,0.79547715,0.2743969,-2.37906647,0.90899169,-0.3872053,-2.25367761,-4.30400467,-0.01428863,-1.74076951,-0.27658206,0.68378431,0.26017714,1.31721473,2.1809063,0.9705072,-1.81545377,-0.05982995,0.04692495,-0.62572557,3.27588224,0.45671964,-0.19280471,-0.09733516,-0.53281397,-0.69358557,0.9902603,1.09432161,-0.07075921,b'5'
918,-10.6242857,0.23900437,-6.36129618,-7.2714467,-3.36010075,5.42739677,3.27158451,-2.74342489,0.08348846,-6.89445972,0.33300114,6.47092247,4.25969028,-3.00262499,-1.64969063,-3.48817635,1.51646376,2.19449687,1.25581813,0.75988388,-3.27217054,2.45728254,-2.18625188,-0.08410168,-1.12264752,-3.65658784,1.86835134,-2.55969715,-1.5479188,2.53925371,-0.20669949,-2.40154004,0.76240122,-2.06168985,0.59472883,-1.15129638,-1.06718183,2.2040112,0.33589852,2.37920284,1.33357334,-2.51409936,-3.46491289,-1.64392555,-2.64615631,1.06839061,1.8379482,-0.64594388,1.50621128,0.45854938,-0.15068273,-2.04143453,1.45209789,-0.71007133,-1.14238214,0.75656617,0.49352193,-0.9297148,-1.67261887,-1.56209505,-0.2418835,-0.42764732,0.95756996,1.00414252,b'5'
919,-10.36717319,-0.24719524,-3.33520865,-4.99555874,0.23616254,7.97089958,4.37816143,-3.57865167,1.80786538,-8.87368202,4.44990587,7.75552559,3.10838509,-0.1944938,1.28874874,-2.40086365,-0.36741519,-0.58470696,-1.11796808,3.34196568,-1.32479382,-0.57969767,-5.52887917,3.52120638,2.20469904,-4.50969315,3.64755058,-1.38443685,0.5333271,1.66305649,-0.97439635,-3.13795185,2.31510735,-1.58998084,0.88683271,-0.96499622,-2.63196564,1.70350027,-1.16571891,-0.38092822,1.42790627,-0.85411662,-1.70383,-0.19300117,-2.94897938,-0.26671863,1.83068693,0.16333413,0.45105898,1.74464905,-0.04234765,-0.89699435,1.90827286,-1.55994391,0.26827544,2.41847992,1.09000587,-0.38683319,-0.03689408,0.81895053,-0.8691957,0.57083905,0.66438413,-0.26096281,b'5'
920,-9.83994293,-1.19948912,-8.7765379,0.09862274,-0.44070131,4.86209774,2.56853342,4.28374958,5.47795916,-7.95786524,2.28237176,3.82984662,0.6872071,3.75985646,-1.68815994,-3.3842783,2.38830495,3.53511405,-2.99601436,-2.92442989,-1.16809869,-3.20643139,-0.08593431,2.50124264,-0.98114258,-5.72049713,0.39451468,3.93438911,1.908813,1.03148448,-0.29195178,1.42377615,0.004311,-3.1359868,-2.11571312,3.12775517,-0.32087851,1.35525215,-2.10314655,3.08468103,-0.35802341,0.88688332,-1.25418949,-2.59379649,0.77718776,1.07604873,1.23495734,-1.62918878,2.73665786,-0.68441349,-1.62772024,0.05661362,-1.47302508,-0.08856857,0.47112572,2.1098578,-0.48215389,-0.0969732,-0.42901629,1.30860054,0.50831187,-0.12386811,0.301736,-1.49095011,b'5'
921,-3.57118607,11.12480831,-3.48991013,4.80775166,0.40071738,-2.59282398,1.28072929,-4.49078178,7.87669325,-1.40211749,-3.29036236,3.79393315,3.5152092,-2.80920768,1.96374869,4.10049391,-5.31153059,-0.3190183,3.05610704,2.35601139,-1.28760266,4.20808125,-5.82782793,1.3912158,0.2351234,-3.7846911,1.25717139,2.02981114,-0.56632566,0.45187235,1.47147942,1.19989634,3.03187346,1.34030569,3.18343091,-1.78279102,0.10066223,-1.26465964,0.49319851,1.20665824,0.2647351,-1.11464202,0.88812059,3.32042217,-1.25781524,0.80571365,-0.33326286,0.40997815,-1.12299752,1.41465867,0.85603303,0.70826232,0.41936445,-2.42623019,0.19291806,-1.85395563,0.85911918,-1.20166922,0.53609866,0.48587286,1.95960236,-0.61648929,-0.118285,1.50090528,b'5'
922,-11.97405148,-1.59129632,-6.82742023,-1.63572311,-4.19829035,6.30532837,2.84810066,-1.29400015,1.61212182,-6.0108099,2.62364554,4.76978588,4.2926302,-2.4880085,-2.23354387,-3.85207224,2.0974195,1.28180742,-0.17789052,1.46031332,-0.15037392,0.03026575,-0.59145498,0.82153749,-1.93798637,-3.55465674,2.0503397,0.09163225,-0.40479851,2.57652473,1.32703328,-1.92417598,-0.54055458,-5.25301743,0.52162552,1.61432421,-1.49311829,3.39428949,-2.81214523,3.61893392,-0.11949623,-1.06194055,-4.47662592,-1.26042998,-1.16360939,1.8586781,2.18859935,-2.12020278,1.48077035,1.05859864,-0.59513181,-2.40238905,0.65528238,0.96738809,0.93017,1.24393225,0.01412702,0.3366152,0.02537143,-0.21873778,1.10326016,0.35616124,1.49674523,0.40776402,b'5'
923,-10.11370659,5.48048306,-10.93005466,-1.27750123,-1.89758635,1.37297845,0.21254873,-2.02611518,2.67483616,-5.79348707,-0.16538525,4.6493845,2.80011773,-1.06892276,-1.87356758,2.41082144,-3.99094844,1.49216032,-0.74721283,0.64484859,-0.98307633,-1.58735728,-0.16915175,1.42884541,2.41160202,-2.89067698,1.5854212,3.19794464,-1.20010042,3.98991966,-0.27086723,-2.69654441,1.31937087,-1.29005146,1.18539965,3.79415989,-2.78829956,1.33425236,-2.20463276,1.72143316,-0.8608951,-4.09276676,-0.90370113,-0.36557549,-1.73103964,0.06432086,0.37694383,-1.46743774,-0.33546609,0.71166098,-1.44374979,0.80721688,0.43107224,1.13123667,0.52352005,3.13761115,2.15426517,-0.87346303,-1.22694492,1.4948591,0.8785376,0.80505353,0.59833276,0.21401203,b'5'
924,-12.49955273,-2.32877827,-7.78880358,-5.14281225,-1.85203981,4.9405632,3.25449514,-1.31712508,2.56640911,-3.55089712,2.21031141,5.65614271,2.27382898,-0.6607545,-4.16809464,-4.87256956,1.33418012,1.14132357,-1.17815638,-1.66288614,2.23215866,0.25058264,1.10825157,-0.04481745,-1.32900548,-3.19899583,0.81381595,0.70146871,-1.93369675,3.99158669,0.61735439,-1.86754537,0.31978095,-5.34028006,-1.76153684,3.29498291,0.06647491,1.90858102,-3.15192366,3.07695484,0.09758365,-1.16928244,-4.43567896,-1.55011165,-0.49741066,0.2656287,1.84418178,-0.9262712,2.34627843,-0.01888955,0.14690223,-2.50908089,0.58752191,-0.51932526,1.29632306,0.44926536,-0.11991382,-0.95428908,-1.51805007,-1.29642344,2.45371723,-0.83046383,0.88043344,-0.08851243,b'5'
925,-5.93598938,7.7250433,-7.9894042,4.29556513,-0.96425903,-2.69937372,0.08799648,-5.46917343,5.05720234,-1.77825165,-3.30912876,2.87032056,5.81864309,-1.89126754,-0.78468418,3.94824076,-3.55157423,2.88915563,1.05613935,2.33220482,-6.25791025,2.06777763,-2.70547771,2.93433619,-0.58764446,-3.25469422,-2.51846361,0.68064582,-0.26605606,0.88999665,-0.7315551,0.04293346,1.02651012,0.73745,1.06826472,0.63973451,-0.37588763,-2.43927693,0.96076232,0.96156967,1.68684936,-1.87733996,0.2882424,1.57057178,0.37248743,1.46558273,0.83734363,-0.14398789,0.77127951,-0.58260947,-0.40425658,0.86276239,0.44549656,0.10305917,0.33140731,-0.4584482,-0.04506111,-0.69893247,-0.91665196,0.79018104,0.4370327,-1.61658597,0.50284898,2.00606346,b'5'
926,-9.23243237,5.42144966,-10.28228474,3.21570945,-0.3817904,4.35251045,3.47636104,0.34444469,5.9870472,-6.15405607,2.73909616,4.45724201,-0.18036509,1.65095794,-2.22020197,0.99177814,-0.32560575,2.62089014,-2.04386091,-4.04099274,0.62971163,-2.52146792,-0.86592305,2.57770348,-0.6290096,-2.87666392,-3.27870703,2.58810258,0.19520879,1.13319337,-0.22336566,-0.03028393,-0.99820733,-3.78579473,-2.54654741,4.03084135,-1.34533453,1.46330643,-3.07579994,2.56665635,-1.17578161,-1.94520915,-3.35893965,-1.96031225,-0.00633311,1.23907018,1.69461894,-2.21265435,2.44372654,0.3798238,-0.45499784,-0.58285069,0.19996405,0.90257621,0.96142125,2.05165935,0.51739883,0.24770188,0.90043837,0.62630355,0.57767844,1.71793461,2.46163321,-0.20629835,b'5'
927,-10.29512501,1.09483576,-6.18680954,-5.08438921,-2.96692181,10.3756094,-0.11620402,-1.49423718,-0.67286205,-9.11219501,3.45444155,3.90038347,-0.01913786,-1.97641838,-0.83094263,-0.80004525,0.35987186,-0.25488245,-1.74857974,2.31834698,1.13151181,0.59271926,-2.83877087,1.2621479,0.36833924,-3.05587459,2.14868355,1.67215014,0.73601055,0.9053942,0.47877884,-0.06294012,-0.65062451,-1.56747746,2.61978245,2.45577192,-0.36028719,0.91063887,0.81611288,2.23697495,-0.37688929,-0.02917983,-1.75815022,-2.36839795,-3.0291934,1.13725877,0.94109929,-1.92857099,1.8771956,0.5380863,0.45786601,-1.28714705,0.87453067,-2.09969449,0.43766353,2.21367955,0.04947138,-1.42545056,-2.55448794,1.03625453,1.21798801,-1.27551079,0.97591817,-1.099666,b'5'
928,-5.72240829,8.75671482,-8.41370296,3.47548795,-0.48667717,-0.27859199,0.69280767,-4.47594547,5.63005924,-2.19003534,-2.57453918,4.93612242,6.40035152,-2.66843247,-1.86371994,5.24832964,-5.60668755,1.23546219,0.92126513,2.23725748,-3.73128819,3.10486531,-2.74671936,1.60027647,1.83862936,-2.68013763,-0.70483828,2.42253613,-1.42899179,1.22478569,1.53247178,-0.3977294,1.54436433,2.57272172,1.90919614,-1.93874419,-0.66991758,-0.6128003,-0.6303519,2.60389829,1.12276578,-2.00439501,1.03342164,2.07241154,-0.65365481,1.00242209,0.08988197,0.48054004,0.25047621,-0.68099755,0.26841289,0.6545676,1.02881336,-0.67991304,0.09157503,-0.33159065,0.14890718,-1.13179743,-0.78910792,-0.36753869,1.09320843,0.26820028,1.06757104,1.86452627,b'5'
929,-7.90672779,4.39955473,-10.00721455,-0.47710043,-1.16599238,5.49002838,2.2500658,-0.64893258,2.42072368,-7.96826124,2.26767039,4.27598047,-0.28133035,0.08508772,-2.26412535,1.12398028,1.25471044,2.60501742,-2.83362365,-2.14959955,0.4298901,-2.08324218,0.07093336,2.73192978,-0.68090343,-3.6558466,-0.38171726,2.01784945,-0.58617496,0.65604007,-0.17203009,-1.65996933,-1.27698731,-5.06265497,-0.60200357,3.77606225,-1.5251565,2.12816119,-3.39951563,2.61328411,-1.58555186,-2.64992309,-3.81941915,-3.28237033,-1.4998616,0.90589297,2.6882391,-1.60295701,0.58641505,0.83444059,0.04079816,-1.48929405,0.18707824,1.37162733,1.21349752,2.06589198,0.84018457,0.45121741,1.08070493,-0.1195848,0.42140782,1.41646981,0.77483082,-1.78621733,b'5'
930,-9.88596153,-0.96351218,-9.78185558,2.45946336,5.04161263,3.22553825,3.74833012,3.07611418,1.27115059,-4.05129623,3.09170818,3.05162835,-2.20729828,2.78363395,-0.62282562,3.45389628,3.80950904,4.10551834,-2.54048777,-2.07744479,-0.73360318,-3.78982973,-0.42895409,-1.29780638,-1.46220648,-7.79650164,-3.79839087,2.23405218,1.12702751,-1.32977867,-1.88278449,-0.26983595,0.51812887,-2.56463742,-3.00510359,4.09412098,-0.71736312,1.35877538,-3.24205112,-0.04108441,0.85577524,-0.89958078,-1.44177473,-2.28745866,-2.34769535,0.66146982,1.77983487,-1.0777576,0.15141383,0.09844542,-0.38950753,-1.08316314,0.61148775,0.15311217,0.44070244,3.10587335,2.36005235,-0.20672594,-1.07457089,0.48955595,-1.12347519,1.56192923,0.88763416,-0.45320073,b'5'
931,-4.67920399,2.47675371,-2.08862495,6.40564966,2.2453475,3.72408962,1.03037691,-2.47768974,11.6896553,0.7799176,0.3647542,8.26629257,6.60657358,-1.73237884,-3.96842766,-0.86574507,-3.61204815,-1.4980998,2.86896586,-2.13639855,-0.43649137,3.66123509,-8.54147434,5.00745296,-0.58761096,-1.55409789,2.59043598,2.20928264,-2.27452087,0.46489143,-0.75998032,-0.36565232,3.18784356,-1.52845454,1.87214053,-0.89543736,-1.17232561,3.33110023,-0.83512723,1.59705305,-1.99683845,-1.26281607,-1.6584152,-0.65206212,0.09125364,0.47347498,0.6954897,0.29135752,-1.15260935,2.5261116,-1.75954533,-1.20527697,0.47721994,-1.08202267,-2.23447156,1.22569549,-0.08789372,-0.10236196,-0.30512783,-0.13383758,0.17922963,1.44940591,-0.61783087,0.64943039,b'5'
932,-3.48137522,12.89467907,-3.93592358,5.63365269,-2.27571893,1.03683233,3.08863115,-4.83346081,4.60051155,-3.31844521,-2.57707262,3.16651821,0.77000403,-0.64627939,1.80792379,4.34952259,-6.31359673,0.24063015,2.37087631,-0.01906562,-2.89348054,1.1804595,-3.6100812,-0.50175405,1.51483595,-3.41760087,1.59574878,2.21283245,-1.10020781,1.27000225,0.35356653,0.97669792,0.59616894,0.82196969,2.88052225,-0.08231285,2.36764026,-0.56186956,1.13705873,-1.43250775,1.03503108,-1.14304137,0.05791633,2.55528855,-0.63192868,0.47090816,0.08175823,-0.03198433,-1.0484252,0.61166847,0.8212449,1.35138774,-0.65127325,-2.15509057,1.12954664,1.41770315,-0.22619963,-1.07531965,0.55016762,0.25549781,0.63306689,-1.23339295,-0.37824354,1.19122458,b'5'
933,-6.14817953,5.21183872,-8.50758457,4.55308628,0.91701019,4.26387024,3.09707952,-2.97553229,9.66833115,-1.81960547,0.59859252,7.51574659,4.75754452,0.7891013,-3.37519169,2.97200227,-3.27698851,0.18094397,-1.74430621,0.77910638,-1.6732868,0.51966357,-3.8019824,4.40907192,0.6312052,-2.79508042,0.90625489,5.12109947,-3.57570219,1.6765784,1.60668981,-0.4823482,-0.06716432,-1.39804649,0.45026642,2.04788303,-1.43913209,1.27335954,-2.25384998,-0.01139268,-0.09908199,-2.69033051,-2.19675207,1.90446341,0.63614094,-0.37333822,-0.23090301,-0.03100848,0.95611614,2.25672722,0.45780095,0.18828946,-0.02650237,-0.02629828,-1.14956069,1.91153479,1.11339021,-1.82377315,0.41102284,-1.22685719,2.18012094,0.0436736,1.02310646,0.89745814,b'5'
934,-7.10614109,0.51259565,-9.01860046,-3.643466,2.95655823,6.43715668,4.14011097,-1.39157009,2.21969461,-8.72203445,1.99926186,1.04600239,-1.02944541,-0.82436919,-2.0436058,-1.83441186,4.36512089,2.47434664,-2.6448586,-1.48126698,-0.38643116,-1.37069488,0.91763496,-0.00753236,-4.04270744,-4.78562832,0.06439233,-0.41395646,0.98360682,0.84382141,-0.22967136,-0.8173579,-0.6237306,-4.77889681,-2.71643496,4.46761465,-0.4171443,1.42287326,-2.6951952,2.76128435,0.17195463,0.0183671,-3.46751237,-3.28852534,-1.10169947,0.87691939,1.49105966,-2.05800509,1.45202351,0.8871249,0.70336443,-2.14699936,-0.13239956,1.09263909,0.27591914,-0.08529186,-0.86638522,-0.93290997,-0.61849505,0.04622054,1.7478559,-1.03344679,0.87376273,-0.98574626,b'5'
935,-11.95120907,1.08467054,-3.85627747,-6.91324234,-2.21393108,7.14323139,2.73533964,-4.34074116,-0.0327487,-8.72795963,4.98405743,7.87689972,2.8761425,-1.14625371,1.34836912,0.46865261,-0.73907971,1.35112262,-0.32534865,3.39706898,-0.19426943,0.64949638,-3.68013763,1.17796707,-0.16368476,-3.55271411,4.87480402,-1.74609447,0.76108861,2.77597761,0.0254519,-1.90410113,1.44707894,1.04860079,0.23788548,1.17414725,-2.57009554,1.47215629,-0.10302436,0.43679214,1.15895462,0.72154748,-1.76095879,-1.43145978,-3.69211054,-0.2204545,1.65309167,-0.18710804,0.95996803,-0.17470542,-0.46485966,-0.83597863,0.46529138,-2.18908834,0.50230527,1.49590921,0.78438127,-1.53514814,-0.7679081,-1.01589513,0.08885522,-0.45161492,2.21598625,-0.38758475,b'5'
936,-8.50488758,7.73527336,-7.78786802,-4.58947802,-5.21491194,-0.55109656,-1.1689682,-4.53709602,0.24809551,-7.18604231,-0.35262656,-1.40348029,1.7949307,-3.07637095,-0.59089565,1.40254188,-3.11510754,4.3094101,-1.31367683,0.88613725,-1.4528625,2.4904964,-0.64756072,1.25730896,-0.00863761,-2.77284598,-0.6717633,0.45650291,3.3829782,2.64208555,-1.01439965,-0.16831398,0.89136118,0.11074299,1.07401741,1.57924116,-2.67029667,1.3892355,0.92853683,1.4106499,1.04515743,-1.34515035,1.1106292,-0.42497933,-2.27174568,1.85073829,0.87037581,-0.8156445,-0.40964565,-0.29017362,0.50721544,0.04243773,0.70889688,-0.84025621,0.79445201,-0.81107795,1.5725379,0.69501132,-0.78074563,2.31941938,1.33644772,0.4102962,-1.2358849,-0.99716175,b'5'
937,-12.78809357,-3.93219113,-2.55323982,-8.52306557,-1.04927957,8.46787357,5.54969549,-5.03570461,1.98721886,-3.06805325,3.77713871,8.89084339,2.52647972,1.04563105,0.36215758,-1.36903167,-1.60903347,-0.1258381,0.99966919,3.919734,-1.4494487,0.47950897,-4.44384146,0.8010664,1.12228906,-3.13479567,3.32537842,-3.20439935,1.2067349,1.66506016,-1.09243524,-1.21757531,1.25823593,-0.70038265,0.34729272,-0.79255652,-1.92130876,1.96057582,-0.72407925,0.63620007,2.04120684,-0.40560448,-1.92289591,0.49870181,-2.00807619,1.48831952,1.88013041,0.83898842,1.46928525,0.15184695,-1.03423321,-1.38996339,2.88340592,-1.2963028,0.27126127,1.6576581,1.05969954,0.53579837,-0.56055534,-1.1041981,-1.23006845,-0.49456316,1.19022357,-0.41087565,b'5'
938,-9.82378197,1.13867569,-6.75611401,-8.55981922,-3.21881723,7.24230862,4.02473831,-2.0672245,-1.21714401,-6.8603549,0.48935103,5.57431507,2.44407845,-3.25567389,-0.63966322,-1.24304032,0.95773101,2.75841236,1.58393764,0.46757364,-2.03364277,1.79122961,-0.67861176,-1.73775661,-0.73846626,-3.59972596,1.5937618,-0.83235168,0.06134892,2.53142023,2.2257905,-0.25589418,0.83795607,-3.12231159,0.98845625,0.0178628,-1.08880305,3.07491302,0.68172741,2.13841915,0.15967238,-2.61557245,-3.47909474,-1.73373258,-3.26546049,0.00633511,2.69766378,-1.46461916,1.11324024,0.28689539,0.35970765,-2.05743384,1.53530014,-1.77966571,-0.74406725,0.37186968,-1.66355038,-0.81525266,-1.09363496,-0.67794049,0.56502777,-0.26986444,2.17110109,0.3723529,b'5'
939,6.39108133,8.76329803,-7.13200045,0.35829017,1.02355742,1.41089737,-0.1194675,-5.4539299,8.57287312,-0.12261304,-0.79560947,2.65863562,4.78117609,-1.97974265,-3.53517246,1.54947078,-3.16549349,-0.31124443,4.01083851,-3.13903975,0.69091976,1.55172777,-5.26779747,2.85697365,2.96401453,-0.52033418,-0.7731815,2.32291985,1.1944747,-4.14417076,0.93279028,0.38818836,1.91164398,1.32789528,-1.01470709,-4.44664621,-0.13683629,1.82295442,1.57812607,-0.47846761,-1.88759542,0.40086377,-0.64544493,-0.23092674,-0.39233959,0.52178109,-0.77509332,-0.17815709,1.92744541,1.58994901,-0.12166576,-0.09295493,-0.66666222,-0.90619326,-0.43745989,-1.91397226,-1.11106014,-0.21451588,0.7743668,-1.91514421,0.71109939,0.12415159,0.14097524,0.15331182,b'5'
940,-3.57030201,10.53826141,-10.9260397,-1.17959476,-2.83093762,-0.88940048,-3.68586254,-5.15509796,3.07281065,-1.17703867,-1.78317833,0.16096282,1.39503169,-2.41661954,-2.66666412,3.8403945,-3.89090085,1.47674608,-0.99347389,-0.18636608,-1.38442969,0.15903836,1.05085135,1.53138685,2.87562561,-1.87259102,-0.94363832,2.84691024,1.13027239,-0.10092926,0.0827322,-1.05095816,0.61477232,1.80906105,0.57219905,-0.68823099,-4.59705114,1.02623892,0.61210215,0.46876556,0.19498634,-0.0727746,-0.08868374,-0.20131703,-0.87278974,2.43833899,0.07206103,0.9033668,-0.34415889,-0.60131192,-1.36989892,-0.2132268,0.0418539,0.08139384,-0.1600309,0.70186675,0.90645993,-0.50098538,0.1990028,0.68194211,-0.53891402,1.08568788,0.84664154,-0.44666061,b'5'
941,-7.64841747,6.37947083,-10.25282669,4.47656345,0.83365631,2.80286407,1.63805747,-0.92585826,6.92568016,-2.87766433,-0.54257512,5.20510483,4.1189003,0.59242457,-3.95769596,5.63064146,-3.51522493,0.2103163,-3.10002017,-0.79356778,-0.02710031,-1.29266095,-1.41082251,1.34875107,1.44254959,-3.60056639,-1.17174864,3.35982418,-1.96855116,2.66988707,0.33298385,-2.87388277,1.0244813,-2.4108088,-0.7375294,2.94109392,-1.09994578,1.15139711,-4.02765322,1.19853055,-0.62815464,-2.96138549,-3.65657926,0.93135244,1.09779561,0.4668951,0.49522483,0.32062006,1.37192249,0.32365441,-1.69981861,-1.80660129,-0.00741196,0.48355979,0.70883,1.6394434,0.19080043,0.03321623,-0.2718417,-0.59397,-0.16931434,0.74307948,1.6806165,1.68841302,b'5'
942,-7.17070007,5.66906166,-8.15075016,2.15779185,-4.56123066,3.6348803,1.9083904,-1.0688498,5.2981863,-8.31110382,2.56855512,5.01726103,1.11359501,2.04718971,-2.23980427,-0.72579622,-3.04043627,1.76151466,-1.60711038,-0.85278475,0.1050777,-2.22698307,-5.58867216,2.25579739,0.36426824,-2.12436056,0.78692758,3.7630167,3.01026988,2.82536745,-1.26150119,0.13485312,-0.48078352,-4.25084972,0.31201535,5.2727747,-1.9181459,2.00086522,-0.41356409,0.30276036,1.16684079,-4.24497128,-2.14386463,0.6837821,-0.6617831,-1.10757661,0.87845951,0.43020058,0.04092987,0.97857809,-1.44276428,-1.16686702,0.49657071,-1.72543883,-0.77515644,1.91870427,-0.59208655,1.68981826,0.19781119,1.66570079,-1.14108348,1.33633351,2.00311327,1.18612611,b'5'
943,0.75797641,4.31992054,-8.16281223,5.46177721,5.61069584,5.2583046,-0.45546293,-5.70512676,6.61107016,-1.20102835,1.78314507,3.40343308,5.71577549,-2.4476521,-4.35191822,3.80118847,-3.71597123,-1.55449653,3.47434139,-2.13402128,2.25221086,2.09175777,-0.44297954,5.2578783,2.17763519,2.72974706,1.99325359,2.67930365,-0.90923357,-2.65938377,0.94827306,-2.46513033,0.6764369,1.33338153,-1.79760957,-1.9720279,-0.26152039,2.13188672,-1.12993872,1.25726032,-1.22414005,0.68361491,0.56805807,-0.48251879,0.34354293,-0.50545037,1.53393412,-0.73185372,1.55232,-0.87987065,-0.6903277,1.16205525,-1.30046511,1.27892625,0.16781569,-1.76103711,-0.0224216,-0.65301853,-0.59015036,-3.29488182,0.32921267,0.87915701,-0.06795406,-0.08810798,b'5'
944,-7.92049599,1.68749857,-7.80511904,-9.26893139,-1.90901625,6.7839613,4.01843834,-4.03526592,0.66539049,-7.54593182,-0.01355028,3.81215382,2.63820362,-3.55228996,-1.38921404,-2.7126174,0.86463523,2.43997097,-1.52846205,-0.80778623,-1.20725369,2.58302116,-1.26847947,0.37211084,-0.37914416,-3.14568591,2.73164845,-0.54290313,-0.82295609,2.2749424,1.00818741,-1.1265173,0.20464452,-2.84588671,-0.67480266,0.85619205,-1.84545577,2.29371333,0.90891188,3.0024426,-0.06347096,-2.90501142,-4.26417255,-1.7255286,-3.00084162,0.98335052,0.42993402,-1.83894324,1.42382312,-0.70830137,1.31472301,-1.45083022,1.16747057,-1.02226067,-0.59205335,1.03346705,-1.0153935,-1.48170519,-0.74116135,-1.04040813,0.3923955,-0.43974105,0.59869206,0.82154846,b'5'
945,-9.93942928,-1.81142676,-4.67808104,-9.03831577,0.50175202,8.14943981,7.34944868,-3.95977044,2.56309676,-6.1841588,1.3155582,7.76426411,4.14376163,-0.24782786,0.39473748,-3.4633975,0.56783223,2.08790827,-2.90268755,-0.39567196,-0.9276911,-0.00578147,-0.49152085,2.17569971,0.33381701,-4.41894102,4.01520872,0.05602133,-0.97711849,1.04772222,1.02140391,-1.64968109,0.53223538,-2.36883259,-2.23224449,2.0825727,-1.98362255,2.00945878,-2.71373463,1.13258135,1.02024293,0.24671228,-2.98418212,-0.93461996,-1.08070266,0.49323225,2.31405807,-0.58923459,2.51339841,0.71824169,0.09972803,0.05761993,0.70476139,-0.11497498,0.5030539,0.26608074,-0.97569203,-0.66147846,0.22398466,-3.62476206,0.01123834,0.18855244,0.74693048,0.55264616,b'5'
946,-6.71087313,4.08890772,-8.93270779,5.62659454,2.31993103,4.82098246,1.7316165,0.94219005,7.37844753,-2.45875549,-0.2784574,6.53984547,5.00790215,2.05930996,-3.71876144,6.13377094,-1.03498054,-0.10204345,-4.20458126,-1.59921622,0.31821674,-1.09275675,-0.79667342,2.3237834,0.63292253,-5.38158894,-1.34317124,5.01955605,-0.06464958,0.3457576,0.53723705,0.02225971,-0.70487034,-2.14693189,-2.65582395,2.75757623,-1.83549392,0.4167043,-4.23618078,1.01543009,-0.67549813,-0.7869274,-3.58485484,-0.03932834,0.07732773,0.33995873,1.54343486,0.20438671,1.03634024,0.6837734,-1.15129888,-1.34493947,-1.46751714,-0.19830239,0.71483725,1.93548107,-0.59461474,-0.74431419,0.46755081,-1.20163953,0.16508378,1.46928,2.3237114,0.74375296,b'5'
947,-4.11581993,7.24933624,-4.38268614,6.57338524,0.20669794,5.89409542,4.52667761,-3.20812869,8.45630455,-2.26242256,-1.25965977,7.68586349,5.96848631,-0.5969097,-2.0898633,4.36374569,-4.89704609,-3.13367534,0.41912574,-2.35430908,-0.02608742,0.60231721,-7.31784964,2.78709269,2.08830357,-3.02674842,1.75040472,4.33415842,-3.1366744,0.49743855,0.2130512,0.33385348,1.95475829,0.28865218,1.95453215,1.96519661,-0.16267157,0.55217695,-0.12547207,0.90938342,-0.51639313,-2.43474603,-2.61336875,1.91354382,0.62780517,-0.80700815,0.1062046,0.65705383,1.83630514,2.27517557,-0.60950845,-0.79840302,-0.04515672,-1.26691961,-0.84707922,1.14489698,1.14271688,-1.34036827,0.39972097,0.21116221,-0.68447626,0.49263716,1.04800498,0.97258556,b'5'
948,-10.26573467,5.19192123,-10.57227898,-3.30857611,-3.12074375,0.27117223,0.13794255,-2.00029254,2.25044656,-6.23165703,-1.02436662,4.69994926,3.35370779,-2.06716681,0.20480418,-0.12642407,-2.51825666,3.98237491,2.48074031,1.00555563,-2.53004074,1.83193326,-2.38701105,0.48306179,0.03512812,-3.621171,0.93483317,1.40941501,0.65846539,3.96005583,-0.00485516,-1.91668749,0.03603657,-0.75649518,0.0449661,1.85335004,-0.37608147,1.0232991,-0.9116236,1.12308502,1.06926131,-2.84575748,-0.80386049,-1.10957861,-2.05002689,-0.39779887,0.50936294,-0.68041706,-0.81649506,0.43465686,-0.00350042,-1.22429037,0.65545797,-0.5259403,-0.38990468,2.57312417,0.92347312,-0.44769233,-0.39949697,1.6614176,-0.05345972,0.5676831,0.91977966,0.54294109,b'5'
949,-5.22567225,7.33380413,-4.26347971,7.22924137,-0.05095327,4.79479027,3.70253277,-3.06472898,8.24124241,-1.33481956,-1.02928042,7.98199177,5.84740973,-0.17568237,-1.81809092,4.10117912,-5.09759045,-3.1768806,1.7532804,-1.09515321,-0.74513638,1.17081296,-7.63789034,2.25794172,1.64057052,-2.94449878,2.50427055,2.99102783,-3.46776104,0.76612461,0.18035328,-0.38974261,2.57293224,0.08292115,2.56372166,1.31194854,-0.09435916,-0.40673274,-0.11354208,1.17967284,-0.36352283,-2.50883031,-2.22332382,2.19575477,0.14365816,-0.47647715,0.21201795,0.87512171,1.45256066,1.91181076,-0.41256493,-0.94548845,0.18229389,-1.59968948,-0.57055777,1.22375846,1.41915047,-1.51330662,0.98508292,0.46381211,-0.39215851,0.16029805,0.86108434,0.91222537,b'5'
950,-6.36041689,3.86425161,-4.80504274,-3.90231013,-1.83359039,0.82332957,8.17824936,-2.08958554,-2.31893492,-6.27077246,-2.20805073,5.56410456,-0.30301428,4.22963667,1.52587104,-7.56186008,-1.96522367,2.90936399,-0.02261183,-2.63613176,3.58983111,2.18624711,-0.63401127,1.29682779,4.41368246,-1.80224514,4.93102503,-3.14394712,0.82893229,-1.24945498,-0.29733288,-0.43824506,1.7968781,2.43857431,0.49226642,-4.48750401,-1.12858498,-1.30405498,-0.75888646,-0.28889444,1.06160975,2.50615764,0.55491966,2.31561446,-1.72084987,-1.3476311,-0.44824004,-0.0385797,1.97318172,-1.90352416,-0.60961682,0.1865361,1.82196212,-2.15201426,-0.68448585,0.66313899,0.44063473,-1.22314,1.94627285,-1.70611596,-2.34667945,-0.27267933,0.4022032,-0.29814607,b'5'
951,-3.98666525,-3.67253971,-8.1710844,5.8476491,8.26427746,4.30645895,0.22982836,2.6691277,-0.7448597,-4.88610029,2.87875319,-0.2710588,-1.94850349,1.53942823,-0.49914265,-3.10183334,2.5886972,5.60735798,-2.17073345,2.41631794,-1.93844175,-1.19691324,0.49193797,-2.37970138,-0.98388052,-5.32529354,-3.13029099,2.0122714,1.39259315,3.64466572,-1.8186065,-1.16759145,-0.9370414,-1.69396234,0.36599469,2.79334569,1.34376192,1.8406136,-1.57044327,1.40563786,0.78065836,-2.65114927,-0.75853932,-1.32672405,0.31842864,-1.75766182,0.44001693,-1.03157043,-0.68950498,1.09634161,-2.69365859,0.84912395,1.07081378,-0.51371658,-0.09263557,2.15800381,-0.07608533,-0.9684608,-1.83966994,1.05992043,1.73513162,1.02158666,-0.09427083,-1.22931945,b'5'
952,-8.3595438,7.89944935,-8.90532875,-4.24526644,-5.2424593,-2.72587395,-1.81210613,-3.49388337,2.53812695,-3.00479841,-0.80594754,-0.47912717,3.6428225,-2.98536062,1.39421844,1.79370534,-2.4121685,5.11158943,-1.59243429,3.26552868,-1.38610041,4.10796833,-1.00408912,1.00418806,-1.23341537,-1.98973274,-1.05522585,0.17736971,1.61108422,1.65717852,-1.1844753,0.67997265,0.4569633,-1.78743649,1.43964064,2.68039441,-0.64637351,0.40738875,-0.32353151,0.70711434,1.83502269,-2.45082092,1.00326252,-0.60848266,-0.07126045,0.48391777,0.06220821,-0.58954835,-0.28667623,-0.05735189,-0.18941571,0.31312692,0.49260414,-0.51323104,1.10110271,-0.32163706,1.16899729,-0.01724143,-0.51994997,2.15736341,0.67113751,-0.56564665,0.63064706,-2.02491307,b'5'
953,-6.15675259,6.25226307,-9.33616638,4.10405111,-0.73244071,0.88503826,0.71086931,-6.20300961,5.46437359,-1.47460413,-2.38015509,4.20168304,6.08947182,-2.62680888,-3.00280571,5.87568951,-4.92574549,1.40793586,1.277583,1.38137722,-2.77217841,2.1407702,-3.61539936,4.29482508,0.55606318,-0.37588713,1.95564401,1.45425415,-1.39994287,0.71220541,1.52423179,-1.27683711,1.22928917,3.10022759,1.43172514,-3.0501585,-1.1976192,0.40388137,-0.56251776,1.36180329,0.65951216,-1.69510162,0.33066255,1.70687246,0.77129692,0.58584368,1.14173722,1.20047915,1.94827938,0.55825043,0.60123748,-1.30809617,0.83435071,-0.72991633,-1.26450682,-0.95051879,0.54498053,-1.32919109,-0.99920863,0.94528759,0.45860499,-0.92222357,0.83428884,1.42356408,b'5'
954,-10.37178707,1.10924768,-11.78158569,1.03897119,0.40742719,5.26412296,3.79577994,2.49528551,5.21654606,-3.32489824,1.17092109,4.97258615,2.05583549,2.27927613,-2.84623241,3.27486658,-0.19257581,3.16014552,-4.15387821,-1.50645041,0.51489496,-2.86951327,1.92000413,0.4966135,-0.30211821,-5.45245504,-1.07352698,3.75885534,0.76413155,0.57990754,0.01152456,0.27925539,-1.56183386,-4.05562115,-2.77203774,4.51572657,-1.74394238,0.21171689,-3.46186686,-0.0984925,1.44549894,-1.97875273,-2.3790102,-0.52340394,-0.92989099,0.14180714,2.52101922,-0.98657012,-0.12255363,-0.2683019,-1.24906301,-0.0389775,-1.14772391,0.56069058,1.20419168,2.45620108,0.26315641,-1.09658372,0.09576404,-0.92536587,-0.73457134,0.82301205,1.70678723,-0.5848462,b'5'
955,-9.12473965,-3.54823184,-6.81907463,-0.1381653,6.96711874,4.23026323,4.34866524,1.42119372,-1.66360521,-6.23683262,3.5106678,1.33659649,-4.25394917,2.41381049,-0.95854235,-1.46677661,5.08160019,3.20782876,-2.03902769,0.06582379,-0.34971482,-1.51961732,-0.01233566,-0.52132845,-2.35177135,-5.48060369,-3.30487585,0.79040039,0.30955625,1.44571865,-1.83736598,-0.70547199,0.97432905,-3.3187809,-0.42204797,3.13122582,1.10864234,1.63980889,-2.85759926,1.07760429,0.18468559,-0.72358686,-1.00909054,-4.12626314,-1.67656147,-0.59114498,1.17120385,-1.91033149,-0.25937319,-0.41293985,-0.35242158,-1.97813416,1.71931684,-2.74164438,0.36165565,1.58010745,-0.69649744,0.33440939,-1.16978669,0.68205166,0.21434937,-0.75659531,1.32628644,-1.34141433,b'5'
956,-9.56942081,0.13058496,-4.80313444,-6.13065672,-1.35735106,5.22913122,3.8716321,-2.15873718,2.41664505,-8.70196438,2.62293196,7.67810917,3.34915781,-0.31561032,-0.8490653,-3.32206154,2.91254258,2.16795111,-0.08280432,1.17823482,-2.2821734,-1.21067286,-0.55301607,1.7744174,-1.63984954,-3.89101887,1.83497202,-1.10298848,-0.28174639,3.87025023,0.51589799,-2.92204404,0.42411423,-3.44566822,-1.32211065,0.20240703,-2.08597112,2.9207406,-2.38390112,0.67735231,0.49089777,-1.3963635,-3.8610208,-2.04098058,-2.04172325,-1.24057901,1.98632705,0.42677903,2.64659691,0.77987742,-0.49981284,-3.02153063,-0.2287147,0.24113798,-0.9355877,1.09325397,-0.01620078,-1.31625712,0.1083557,-1.97952056,0.30979717,0.31371176,0.53087831,-0.80374628,b'5'
957,7.35813761,4.253685,-7.94845438,-3.16998172,3.53771591,3.98128676,-0.91187859,-3.05319285,5.29443741,-1.84096456,2.9533751,4.1308341,3.93485308,-2.00631738,-5.59524632,4.66281319,1.10728312,1.54849291,2.48588109,-3.52926826,1.98350906,5.58086443,-1.78187287,0.16791701,-1.93882191,3.67307305,-0.2697328,-3.02600408,-0.36651325,-6.29029036,0.53269279,1.14136887,1.88441873,1.65511394,-2.44918418,-0.15030614,0.80645227,0.39348698,-1.9290055,-0.03544298,1.7642343,0.70025593,0.24398701,3.27850103,-1.78929865,-1.07505727,-0.91967654,0.69218314,-0.70165426,-0.28344709,-0.96607733,2.66611028,-0.26290631,-0.72894311,0.26428717,0.28504443,0.1044929,-0.68339378,-0.15002364,-1.11788011,-0.61510605,-0.48911628,-0.15154344,-0.40057918,b'5'
958,-10.73923874,10.79214954,-5.26737595,0.46959791,-3.89014244,-3.3301599,-0.32224417,1.10519409,2.56701851,-6.64290571,-0.39336395,4.73289299,0.55309021,1.57560456,1.37557244,1.09832776,-4.15863037,1.36710048,2.77725434,0.63668132,0.36791825,0.20297545,-1.7932018,-2.7407527,1.52027047,-4.25769234,2.17359114,1.73924708,-0.4675808,-0.19493002,-0.15880644,-0.8765558,0.68131989,-0.59247798,3.07071662,3.48838687,-0.9524411,0.49637297,1.197487,0.637972,-0.71854973,-1.83360183,-0.66898823,-0.73986346,-2.74818611,0.62746215,-2.35113168,-0.62683582,-0.10338143,-0.04518098,-0.37562335,2.18685699,-0.22644448,-0.36993349,2.55619955,1.99970675,1.10590124,1.26156425,0.20273751,1.91653574,0.05796115,1.25886941,1.27514184,-1.22237051,b'5'
959,-7.12556934,7.15696144,-6.49796677,4.04336119,-2.29773426,4.35223389,-1.65431738,-1.3250792,1.94866538,-7.10706472,5.95099735,5.38194656,1.76604295,-0.47020474,0.56784034,3.48446417,-3.17758989,0.46442831,-0.73746139,4.91074896,-3.11777043,-0.20690304,-3.5091629,-0.46051598,-1.39307201,-4.40166903,1.86192501,2.4902389,1.14446688,2.01772785,-1.50302064,-0.612638,0.25148779,-5.68554401,2.05042005,2.69553185,-0.43282962,2.19440961,0.37171876,-0.02806199,1.04965019,-1.58842218,-0.95761746,-0.1644275,-1.24684918,-0.21405189,1.55275333,-0.12555718,-0.30426028,0.1365205,-2.35540414,0.94432473,1.05602562,-1.33823824,3.52760744,1.05977035,1.05275083,0.30213213,-0.3740283,2.09579468,-0.57573086,0.92601794,1.52993834,-0.25296867,b'5'
960,-0.18736649,7.61685944,1.63942289,4.62036371,5.21469831,2.77946353,1.04226375,-1.66107845,9.64135742,-2.46962571,-3.63380241,1.08850837,0.41283077,-4.80323792,-1.75707579,-4.14466715,-4.82062435,-2.0202868,7.1063261,-2.14944696,0.50907576,6.13815928,-6.1262846,1.98768997,0.57011175,0.41221219,1.46601093,-2.03958225,0.72255111,-2.28125906,-0.81379139,1.69890499,2.15565705,0.62389755,2.81094551,-2.55321503,0.9091773,0.63503027,2.37879729,0.37353456,-0.58850521,0.90901077,0.38396567,-1.35440826,-1.36594951,1.19118881,-0.83700979,0.27490902,-0.43416646,-1.17712879,-1.35058677,2.43869591,-1.47112417,-0.55689275,-1.19582415,-1.44040203,-0.69586253,-0.35543257,0.62275511,-0.7878927,-0.40585792,-1.14324713,-1.30730021,-0.62825322,b'5'
961,-9.20574474,-4.94997787,-5.64022875,-2.93831038,-1.13390148,8.43302155,2.45721245,4.33498335,2.17642426,-4.60808039,1.30751693,3.51458955,0.23945361,-0.88430345,-3.26284742,-4.62373114,2.22548223,4.6989603,-2.18066549,-0.65757108,-2.47180986,-2.31834626,4.84535837,0.74412751,-3.01534843,-5.77467918,1.9461838,3.1487298,0.17638254,1.70297897,2.39553809,0.64775991,-0.5855884,-2.56315207,-2.36518645,3.10621786,0.92483139,0.85649288,-2.73445034,2.91313338,-0.35295922,1.00775039,-3.37312078,-3.07832599,-0.83264315,-0.33566767,-1.249107,-1.51303267,1.7258265,-2.01797795,-0.6985684,-0.38592792,0.73464191,-0.20822072,1.85039115,-0.09774327,-0.15471554,0.23321134,-1.29080391,0.86800361,0.13311128,-0.52278507,0.70498586,-0.7548604,b'5'
962,-3.50943899,6.68492222,-3.3634553,6.43953466,2.15920401,7.01381111,3.19915915,-1.84774446,10.23168278,-1.39474392,-1.24041057,7.58551216,5.78000259,-0.41733694,-2.74296284,2.54836059,-4.32953501,-2.91787529,0.53028327,-6.02287245,1.78185272,1.17315578,-8.42438126,2.00078821,2.35465956,-3.12402892,0.27158719,3.79718781,-1.55195093,0.75261486,0.16846144,0.56334019,1.40760124,-0.69321686,1.07407415,0.94203186,0.45364118,1.66755414,-0.82611692,0.17241412,-1.26584089,-1.34782493,-1.73705757,1.42069995,1.3298049,-0.5444991,0.42236012,-0.61987138,1.63205075,2.54811907,0.55805582,-1.7638886,0.10516739,-1.83163667,-1.53580761,1.42103815,0.48586392,-0.84050286,0.88274544,0.5504483,-0.21668088,0.82412976,0.4517138,0.51981944,b'5'
963,-7.69644356,-0.51396132,-10.09037304,1.33559,1.51933849,5.32191181,1.45957589,2.44773626,4.41769218,-5.43160582,0.45797515,2.8601613,-0.98283863,3.55632162,-3.2892108,3.3267045,1.34835935,2.84772635,-5.29632092,-0.89794564,-0.07670975,-3.43073893,1.69380605,-0.52342892,-2.14328718,-7.96517658,-1.51529324,3.75660229,1.62784338,0.18500602,0.22160327,0.34096098,-0.80924988,-2.65742588,-3.67763257,3.73344183,-0.82969177,1.32573056,-3.19145393,1.30278087,1.57328725,-1.17251825,-3.1382699,-1.61454558,-0.93831766,0.68522793,1.80692208,-1.23846674,1.26836109,-0.14600235,0.47122508,-0.32991844,0.18102098,0.87748635,1.44349241,2.53096104,0.85890925,0.21482934,-0.46231672,0.56380498,0.57112408,1.44277716,1.45062125,-1.26567614,b'5'
964,-9.33204651,-3.17987299,-4.84719181,-8.41483307,1.46241891,12.37980556,8.55355263,-1.84150577,2.38422132,-5.06653976,1.42533565,6.85349369,1.72992325,-0.07061306,-0.79015398,-2.49005127,0.34665775,0.48466098,-1.91430366,0.34151506,0.11906381,-0.43522292,0.07528685,1.08711338,0.0018574,-4.94488382,3.90186501,0.55599034,-1.4555335,0.88170636,1.36280239,-1.44688201,0.81346929,-2.51424718,-1.39068794,1.60601795,-1.07498693,1.20275509,-2.35657406,-1.22966266,1.22945666,0.02467164,-2.52408075,-1.34935367,-0.66615152,-0.22868584,1.61927152,-0.85237122,0.70827335,1.27100635,-0.41565138,-0.96374667,0.99709237,0.31529522,0.44676805,-0.14960098,-0.8825562,0.22259909,0.83371478,-2.27219296,-2.53661466,0.59084255,1.33320057,-0.24011704,b'5'
965,-12.48292828,-3.52757955,-4.00771809,-6.73547983,-0.21445751,6.30698776,4.91060638,-1.65180016,2.69220591,-5.73750353,3.46416259,8.80317116,2.99140263,0.2365379,-0.37436581,-4.07854557,2.16026521,1.31555772,-0.93308085,1.20198202,-0.65286016,-1.22119427,-0.62607455,1.32299995,-0.79558456,-3.97035694,2.78036022,0.1595211,-0.55154085,2.9030838,1.32194746,-1.06430125,0.37658423,-2.59516668,-2.3513658,1.38112998,-2.46309209,3.05948806,-2.55221367,0.5777657,0.28523099,0.27573523,-3.22243118,-0.50615609,-0.59639728,0.26911718,2.56316471,-1.6630981,2.13671041,0.84866202,0.30993789,-2.55837631,0.72693563,-0.62447619,0.35329103,0.66113329,-0.3958807,-1.16335344,0.30754238,-2.84490013,-0.37620246,-1.09420514,2.01722479,0.61056197,b'5'
966,-8.82674599,-3.37307715,-7.96379995,4.53776979,3.29729271,0.09401929,4.50189447,5.39707947,3.51781178,-4.08554459,2.64029241,2.02752161,-2.72086668,4.39117336,-4.20509052,-0.08034301,3.98213696,6.93790817,-3.45587921,-0.48522735,-1.91843271,-2.99137998,-0.58652318,-0.75491166,-2.19574547,-5.53240967,-1.92260635,1.41852283,2.66543055,1.14991009,-2.79945135,1.56813478,-1.23038375,-1.66849828,0.10341561,1.92938519,-0.63090503,1.87312913,-0.90311158,1.16765988,1.0244174,-2.95473313,-1.56871057,-1.48029184,-0.87549841,0.07933673,0.4811964,-0.04037404,0.64146286,-1.34211254,-1.00996244,-0.57278728,0.37488341,-0.56975937,-0.42497355,3.54236078,-0.29332137,1.49613011,-1.49822283,1.18115389,0.68369383,0.14999086,0.30774486,-0.33286873,b'5'
967,-10.08095646,3.39763689,-9.9893198,1.66641843,-3.73862791,1.84727204,3.04275298,1.06619918,4.55276823,-5.93682003,1.5114516,5.58584213,4.71471024,2.77119708,-3.00043058,-2.86973381,-1.6349895,3.17666507,0.26969731,-0.79479241,0.92856503,-1.07956409,0.37690082,1.50242376,0.61838937,-3.15959787,-0.67122036,2.14801717,0.10387468,3.1585927,1.300336,-1.97117019,0.56320989,-5.34185791,-0.34997237,3.46756887,-0.65419626,2.01416612,-2.57294369,2.57335377,-0.22649747,-3.93031883,-2.75560117,-0.35057586,-0.62335265,-1.6724596,1.88137484,-1.48943734,1.4604516,1.10868478,-0.98438001,-1.77051234,-0.70565748,-0.61357331,0.93785894,2.02193522,0.4856894,0.94099987,1.38751435,1.65364921,-0.58808094,1.1138339,0.62169814,-0.56282413,b'5'
968,-8.1031599,1.29288101,-11.04422665,2.79356718,5.14758492,4.02513218,3.86772728,0.55027384,5.67623329,-6.03019238,1.52908206,1.94416928,-0.61284125,0.20467678,-2.5815444,3.6439817,0.96505547,2.75325847,-2.4118855,0.26917624,-1.72799981,-4.19228125,-0.5841198,1.15159702,-1.23540556,-6.72900105,-2.21651602,1.93507552,2.44647932,-0.05113971,0.67048955,0.17172766,-1.26588464,-2.20949459,-2.87802029,3.50146961,-0.99037099,-0.20989627,-3.66779947,-0.00065714,0.97557831,-1.74123991,-2.03618765,0.66031688,-0.58701074,2.9363699,1.85455024,-2.31364322,-0.65382195,0.69882309,0.53345227,-0.6580193,-0.83384752,0.7953108,-0.02948332,1.50616503,0.68108249,0.11249539,0.65777475,-0.03473866,0.0179124,-0.20984088,2.54265833,-0.54980785,b'5'
969,-7.58421469,5.2777977,-11.20727158,-0.07758348,-2.63508463,2.22895813,3.38337159,0.32354796,7.8010149,-3.58794618,-0.42254424,6.28390694,4.72786188,0.79352254,-2.59321976,-0.38963914,-2.6385529,5.09679508,0.29293621,-1.58260202,-1.01384294,-1.79632306,1.06352329,0.59040475,1.17974102,-5.56905842,0.66629541,4.27506351,-0.28903055,1.03930795,1.63684547,-2.88926482,-1.63298488,-3.32836103,-1.66701198,3.2403338,-0.63305414,1.5840987,-3.50179815,0.73426318,1.52039075,-2.95541215,-2.22096825,0.13564008,-0.00251257,-0.56057811,0.81247735,-1.00920248,1.65772128,2.55233908,-1.96008658,-1.37658596,-0.19804358,0.76011539,0.94432688,2.00500202,-0.10309529,0.89021838,0.2769264,-0.28494507,-1.44403505,-0.14875183,0.60041547,-0.81029922,b'5'
970,-11.44553661,6.13044167,-7.60938025,0.83202422,-4.51714993,2.22252178,0.17803288,0.68473697,4.744555,-6.83672905,3.05523348,5.91153383,3.22669196,1.91950202,-1.8325448,2.06321025,-3.41118097,1.23273087,-1.25958943,0.38391948,-0.86369085,-0.91180068,-3.65125084,-0.28721452,-0.48151189,-3.0450933,0.6500473,4.14143562,0.81070948,2.47902966,-2.11963797,-1.19423139,0.24857168,-4.13367224,2.49576688,5.08492231,-1.47717285,1.80828083,-2.28620005,1.12032378,0.62879217,-3.83694267,-0.71333587,1.18820775,-1.31155288,0.32496822,0.88723034,0.40328979,-0.02428778,1.06905663,-1.83806968,-0.58645618,-0.57517648,-1.22080946,1.27353227,1.742378,2.29624939,0.67699087,0.73758858,1.51808536,-0.54698831,1.1135478,1.34777987,-0.71702808,b'5'
971,-5.91976547,1.85695791,-9.47144032,-6.5805788,2.67732716,6.0945034,5.11726665,-2.62164831,-1.34350586,-7.33324289,0.7949208,2.18034554,-0.90240026,-0.5680716,1.15527582,-0.360502,2.24994254,3.11592174,-2.06933212,-1.08745062,0.6310401,-0.15240782,2.084867,-0.78419018,-3.69245338,-4.26907158,2.1591897,-1.60210586,-0.16172981,0.8094033,1.30207658,-1.00030839,0.09885957,-3.61131907,-2.81658483,3.61947799,0.29450297,1.52539945,-2.88652658,2.6333282,1.23714042,-1.44782245,-3.19032836,-4.49535942,-2.6663847,0.55133295,2.79977989,-1.03177977,2.07359958,-0.76446009,1.6387881,-1.18133402,0.11584163,0.39151865,0.59478068,-0.86013454,-2.16069269,0.59980118,-0.31401441,-0.91805243,1.44020522,-1.1303463,0.08025181,-0.18882114,b'5'
972,-9.53025341,7.38979912,-8.32527447,5.35298443,-1.95341873,2.30449867,1.3123467,-3.01686549,4.53624058,-5.46262741,4.02733326,4.73452091,2.33978128,0.17779139,-1.39630175,3.92346001,-4.96361542,1.1679318,0.33472282,3.31848383,-2.85651588,-1.25834632,-3.51712465,2.79710007,1.5197283,-1.12508285,1.20402181,0.18320477,0.3622992,1.07759559,-1.59816992,0.06806445,2.54414415,-1.14787793,3.16388726,1.95753682,-1.46423447,-0.48493654,-0.59624612,0.76431191,0.86913729,-3.67394614,0.33963865,1.07928431,-1.50916779,1.34916198,0.14427054,-0.00150514,-1.93834972,0.39306211,-1.87650657,1.47434521,1.67441511,-1.71626401,0.94708079,0.42541838,1.53564334,-0.01633719,-0.12273684,0.15993607,-1.07432282,-0.17889997,1.43310058,0.42074969,b'5'
973,-10.65978432,10.54389763,-6.10766077,1.99036145,-4.11094618,-3.75223184,-0.34342003,-1.98729467,4.58969975,-5.08780956,0.51348948,2.93034244,2.21375084,0.57214445,1.67474723,1.77458072,-5.2901988,3.73490834,4.25083828,1.60545039,-2.84101033,1.68164062,-2.39821601,-0.18184566,0.03714216,-4.08217192,2.2822504,0.88028908,2.09583926,-0.18172175,-0.90312207,-1.03698874,0.89134026,-1.01322079,3.10552502,1.55758035,-0.64078879,-0.43431181,-0.05149639,0.54605591,0.66229916,-1.08656621,-1.08912337,-0.06819819,-2.5781002,0.81358171,-0.20020185,-1.10711884,-1.21737123,0.69664454,-1.8609345,0.68636405,0.64870226,-1.3124342,2.70870018,0.99372911,0.91967666,1.40487742,0.11786503,0.7358278,-0.32801598,0.81490141,0.85651755,0.54541236,b'5'
974,2.80567408,-0.19362736,-6.61184835,4.85808754,3.36846161,4.96170807,2.69933915,-5.65475655,7.7672987,-1.08953881,1.61278665,1.20405293,2.65314198,1.5742873,-5.79935646,0.27962816,-3.78786278,-2.2881062,3.9585712,-6.40979719,6.0403986,2.92443967,-4.11131287,4.2455821,1.16851175,2.70802641,0.70128,-0.39817441,-1.92224503,-1.64131117,-2.85897732,-0.75579584,1.55542684,-0.52645856,-3.37195611,-1.50870526,0.87007761,4.65056467,0.91805691,-1.12563348,-0.38872778,1.48818719,1.46840024,1.13841367,0.59307289,0.7198633,-0.72420436,1.49507642,1.04004359,-1.77012813,1.09841371,-0.12715805,-2.23483109,-1.39250779,2.3521328,-1.27204645,-0.47301316,-1.20962131,0.02846783,0.45092356,-1.14043593,-0.23058854,-0.06214511,0.54158795,b'5'
975,-11.39002132,-2.2088654,-7.72071695,-3.37315726,-1.0779196,7.13938808,4.70899391,3.12370253,2.93785572,-5.54174519,1.26153743,2.03650522,0.99642849,3.63972902,-3.21771002,-0.31865382,2.75672746,0.52072811,-2.02164817,-2.66371608,1.786304,-2.84438491,2.21325827,-0.64182091,0.02715504,-6.0264678,-1.32760453,3.89488459,1.26232004,1.86397231,-0.70345056,0.327034,-0.40309685,-4.70428944,-2.73894525,5.50833416,-2.21164703,0.68881601,-3.48912811,2.15148616,0.4449228,-0.10775365,-2.65399861,-1.30494821,-0.9595536,1.12735033,0.6856373,-1.29999161,0.32012081,-0.90083361,-2.07670665,-2.13634467,0.37334657,0.03897715,1.47414768,1.44869041,-0.3475852,-0.17976151,-0.18877611,-1.97643709,-0.69063687,-0.38055551,0.48274124,0.18404606,b'5'
976,-5.78037024,0.92765427,-11.42710209,4.7690134,-0.16022527,4.22161102,0.70866895,-2.95814443,9.43650246,-3.17830682,-1.11353898,2.35835004,-0.99936724,3.01459742,-1.33234406,0.02281737,-2.29334092,3.94217658,-5.21868992,0.76751661,-0.26854831,-2.63067675,-1.44982827,4.87148094,1.14450443,-2.72226572,-1.0737505,4.79268742,-1.68835783,0.2463305,0.93605185,-1.04657507,-1.29478347,0.13706303,-1.68022823,1.44789875,0.26331878,1.42622173,-2.48603344,1.9410522,-0.28879708,-1.11727536,-0.23893978,0.02126559,2.75930381,0.28202152,1.63473833,-2.14096999,-0.78433424,0.58148372,1.87350821,0.48738682,0.97875249,0.42594093,-0.11452609,0.78168273,-0.72945285,-0.88818628,-1.5698514,-0.66023028,0.01921244,-1.22713149,0.00168002,0.66398525,b'5'
977,-6.87036419,-0.3092227,-9.27949715,5.98320007,3.66152287,3.53687572,3.70274282,2.51813459,7.64848709,-5.03412724,2.86954618,2.08205056,-2.44943333,4.09109735,-2.73206902,1.84046173,1.74455428,4.9024601,-2.70782924,-0.04619169,-2.66105938,-4.89339733,-1.45448983,1.51873493,-0.2504783,-6.99189329,-2.5581212,1.99634862,2.30656624,-1.78517985,-0.36596835,-0.28881907,-0.70050913,-2.92448211,-3.3453877,1.60012567,0.45830631,0.60597503,-2.11727047,1.00190783,1.20193386,-2.11485362,-0.99167955,-0.10535895,-1.02817714,0.99074459,0.33190161,-1.18433237,0.45487928,0.89524424,-0.10826133,-0.20093572,-0.84010029,-0.64774871,1.22322714,1.82682276,-0.47204208,1.16066039,-2.04117322,-0.81169003,-1.89672387,0.21686596,0.56553006,-0.51337999,b'5'
978,-9.82027912,5.81471634,-9.32806015,-2.65521479,-3.66948366,-3.97053361,-0.84217596,-4.14044952,2.24788737,-2.36748815,0.25776243,0.04446816,4.43310261,-4.31282234,1.44581366,0.94519544,-3.48336482,6.09986305,0.36453092,3.04474688,-1.96074247,3.20524216,-1.3300631,1.71843719,-0.91108304,-3.76124263,0.02189079,0.61764669,2.46124268,2.77090597,-1.60329807,-1.25880349,0.65435743,-1.32895994,2.05427456,2.23373008,-2.23145628,0.32424921,-0.00252199,0.43936354,1.31269431,-1.59281254,2.01502204,-0.16415156,-1.90157855,1.9303267,0.71216941,0.24196243,-1.3280046,0.58130896,-1.73423445,-0.10068697,0.36488008,0.55937231,0.53914708,-1.38242579,1.88764286,0.9055478,-0.64469594,2.6791296,0.06845947,-0.17497079,-0.70842886,-0.1425609,b'5'
979,-4.95251274,4.32317877,-13.35211372,-0.85520554,-2.42283058,1.43374538,-0.35087013,-5.50136662,3.80158424,-1.88997996,-1.28896332,1.56032157,3.8520987,-2.4088347,-4.30209255,4.11822414,-3.34411573,3.39272618,-1.01213408,5.01974773,-3.18227482,-1.45941591,0.77178729,0.69275808,1.56713164,0.26996619,0.35123473,1.57447863,0.29911327,0.78306234,1.2644136,-3.59840798,0.14376517,0.70553744,0.04395199,-1.07726955,-3.57210708,1.1827271,-0.73340976,0.68103516,1.0106976,-3.07119775,-0.62365496,-0.12850279,-0.79509711,1.56341326,1.82046115,-0.38431048,-0.87987238,-0.97188842,-0.4997229,0.06414485,1.12438917,0.22405946,-0.80016023,1.06973076,-0.39419866,0.08418264,-0.33109313,-0.29718477,0.3564989,0.38611418,1.93354237,0.55398697,b'5'
980,-10.05605793,-3.86436224,-4.26743507,-3.36174154,-0.17338479,8.86676884,-0.95663309,-1.18575978,3.00283146,-7.7398243,3.74269319,5.34297562,0.96513772,0.61071748,1.78687787,-5.25477791,-0.39537156,1.60639238,-4.27607346,1.87114668,0.19621968,1.20966721,-0.79922855,2.67551279,-0.85025692,-4.39271069,3.3530426,1.71166563,-3.01685858,3.9958353,0.05561423,-3.33324265,0.04500174,-2.12122655,0.50992906,-0.70575309,-0.66046953,1.53394437,-0.78052533,2.64678121,-0.69445693,-0.54381073,-3.03983378,-2.37367415,-1.72343242,-0.41583878,1.71448684,-2.21980262,1.96197987,0.27719498,0.69356674,-1.4597261,1.05750906,1.05711555,-0.56505972,0.8306644,0.41692948,-2.39836121,0.08895111,-1.14903176,0.00630836,0.55117959,0.18953168,-0.38293564,b'5'
981,-7.81942272,6.41514969,-5.9406333,6.57548046,-1.90021396,-0.20247507,2.06378794,-0.74841547,8.97583008,-2.58167076,0.49607134,7.85689449,2.90308261,2.31621051,-0.81065178,2.29611516,-4.16819906,0.44000304,1.94805789,2.45506907,-3.502666,-1.37320304,-6.07064342,1.92480135,0.00822133,-4.45640564,2.7114234,2.3210938,-0.65186691,0.70116937,-1.02798808,-0.28437352,1.47096086,-1.61612988,2.60613728,1.54661524,-1.13260007,0.42105865,-1.29561627,0.24357146,0.68078697,-4.5833106,-2.80573273,2.78304124,-0.65927148,1.46774888,0.62192637,0.62895119,-1.11948657,2.55653572,0.64314491,-0.32300621,1.76857138,-2.63165903,-0.68201858,2.21949863,-0.31354356,-0.29451919,-1.06078124,1.09713542,-0.59601253,-0.34493047,1.01035941,0.33708835,b'5'
982,-8.63425636,2.87344837,-7.84695387,-10.07088661,-2.5559535,3.32883549,1.03899813,-6.03801823,-0.2898674,-5.84576273,-1.16537881,2.67032433,0.25143856,-3.43091011,-0.98919249,-2.59976816,-1.8530432,1.93363333,-0.73623854,0.06919312,-0.77157241,1.72849274,-0.74667323,1.76522017,1.27173436,-0.43508828,1.43898451,1.57682538,-0.22064209,3.00565338,0.12120795,-2.08323789,0.53849334,-1.60441232,0.94057387,0.51203471,-2.51111245,1.21500945,1.85055828,3.08446336,-0.52084452,-2.18065548,-0.51238555,-2.54867983,-2.94544268,0.72826427,1.77276528,-0.21255183,0.42688173,-2.75593615,0.51234794,-1.05667877,1.43574452,-1.36191702,-0.65712243,0.72090912,-1.37186384,-0.45835114,-1.60627556,-0.59784168,2.2658813,-0.85598373,1.40949285,0.05034565,b'5'
983,-4.20972395,6.1095686,-8.58117485,3.1146493,-1.00811541,3.20729303,1.86799657,-5.31353283,4.26617622,-2.25487828,-1.35070038,4.05854225,6.00704384,-4.83210993,-3.91261435,5.84428787,-3.62198639,2.00040054,-1.556198,5.00486708,-2.86658716,1.64363742,-3.47722483,3.19963646,3.61350822,-0.41285583,-0.68688315,1.67243981,-0.99152756,-1.48557413,3.61213207,-1.70611358,2.05461526,2.12796831,2.23092294,-4.03680182,-3.62647963,0.77031112,0.6186372,1.06233966,0.05558717,-1.94820321,0.17506744,0.64269078,-2.09543753,1.19167304,1.10895121,0.69915199,-0.60324335,0.89171219,0.6116401,1.23284078,0.75494611,-0.0793556,-0.00667077,-0.83299637,0.6032877,-0.34976208,0.30952615,-0.24853057,1.68058014,-0.12659711,1.54851615,0.28281972,b'5'
984,-5.18579435,4.6846776,-6.70799685,6.89108944,2.6837306,5.44601345,2.51729441,-2.81728506,10.29007053,-0.13696259,0.33790255,7.12910557,4.31252432,1.02409649,-2.41970015,3.24057555,-4.11260939,-2.60024595,-0.82271004,-0.73562145,-0.10350202,2.69927025,-7.70079088,3.21095419,-0.23800659,-4.10998726,2.75613451,2.66222143,-3.45070934,0.20233619,-0.46748126,-1.41375864,0.90090454,-1.29481816,0.8410449,-1.48631227,-0.05329776,1.92909169,-1.90735209,0.98615396,-1.49866283,-1.23961461,-2.74338245,0.92940438,0.03117287,1.43984926,1.32973647,0.16488218,1.20603013,0.88964415,0.6541329,-1.49327874,-0.30861545,-0.59894073,-0.37909311,2.2855165,0.56854129,-1.0688026,1.2894268,-1.18440711,0.45238924,0.80992895,0.11021781,1.96783233,b'5'
985,-12.63812828,3.64788628,-4.3443222,4.172328,-3.88671875,-1.73295546,1.18954682,-0.21634483,7.51588345,-2.13818216,1.57277834,5.57197571,3.25679874,1.14134669,-1.47512341,2.56976509,-1.69703603,2.95353317,3.01444268,5.8367548,-3.105762,-1.16348886,-3.76563787,2.65988731,1.35190845,-2.54715085,2.84812164,-0.90977854,1.43797803,-2.57099199,-0.78657901,1.26978374,-1.98603153,-0.07897753,1.5808115,2.04442358,-1.31935489,-1.59523368,2.24266768,-0.50562727,3.43188357,-3.21807671,-1.62251067,2.11024117,-0.00566494,1.73608768,1.29136395,-1.53925967,1.08223748,2.2721777,-0.20016633,1.83484817,1.55121136,-2.20397282,0.64906633,0.6781404,-0.25009561,0.93518597,-1.13894677,1.12312186,0.37448275,-1.77814317,0.60384357,0.04737114,b'5'
986,-7.68546772,7.55282784,-1.04800677,7.82254982,-1.52779555,-0.32900202,2.67807245,-0.5430001,8.48911858,0.3585059,1.26542985,6.62579632,1.22585738,2.23761487,-1.68089581,2.68923974,-3.62203908,-1.643659,2.97493887,2.16070414,-1.32126451,0.11124837,-7.98169851,2.21721935,1.28601694,-3.16497588,2.33136559,-0.22603387,-2.10408688,-2.36438584,-0.63572347,2.50458908,2.90057707,1.42637467,3.27283216,1.85244882,-0.24937057,-1.88879466,0.85725808,-0.77077574,1.62296295,-3.44291115,-3.15753198,1.87991822,0.0873667,0.6114195,-0.15608697,1.51046526,0.19466531,1.43500078,-0.07035638,0.04810286,-0.14202547,-2.66901207,-0.01241827,1.81331062,0.47262025,-1.16178524,-0.27931511,-0.27050859,0.38974124,0.28637052,1.33801329,0.04057124,b'5'
987,-9.01917362,-0.82032871,-2.91204023,-12.56428242,-2.0812273,8.17421055,7.87097883,-5.24308109,1.53402495,-2.71028972,-1.94062376,7.21460485,2.05925202,-1.93034852,-0.24699211,-3.54853868,-1.99332285,2.89295912,0.15407616,-0.42191279,-1.94488311,2.6383872,-0.62796009,-0.39795399,1.39800918,-3.07612085,0.34361058,-0.67222548,-0.58550358,3.56932926,1.96073818,-0.27675438,1.67295265,-0.63085395,-1.00550926,-0.55246508,-0.42564178,2.27917576,-0.84158623,0.95383155,-0.0114454,-0.78253716,-2.62738609,-1.42111099,-1.23508966,1.3722837,1.76087642,-0.13357472,2.21822572,0.33110517,0.07523468,-0.96875381,1.81078327,0.84976101,0.12274921,0.99493873,-0.01622891,2.61854029,-0.75583875,-1.0587188,-0.98432374,1.15871859,0.23640418,-0.55206358,b'5'
988,-10.96301937,1.47223711,-5.29143906,-10.77288246,-3.30746174,4.19596577,3.27110147,-3.51648355,-1.2283411,-5.35244656,-0.97148776,6.31877422,2.9057858,-2.48081803,0.86542416,-1.74178171,-1.1852529,3.62349296,0.61948442,-0.62044346,-2.45154881,2.26494813,-1.42445409,-0.48716378,0.2816152,-3.84989381,-0.50922465,-0.96427077,1.74306607,2.71934128,0.45305753,-2.13684678,0.81243485,-0.84825355,0.57686913,0.62043881,-0.69911385,2.04869175,-1.30890214,3.25261283,1.88033414,-1.66264272,-1.48728836,-2.02812886,-1.99603856,0.45175952,2.46440768,-1.6324861,2.39736128,-0.57060981,-0.58538979,-2.15098786,2.3684752,-2.41417956,-1.21516061,0.36742091,-2.32643557,1.47652817,-1.33790827,0.89649081,0.89490026,0.16221488,1.89606822,0.95697182,b'5'
989,-6.37978029,8.8878088,-8.93738461,0.59202898,-3.44017029,-3.93538451,-0.60439968,-5.33320332,4.36539745,-2.50410175,-2.38563633,-0.00426126,4.66507244,-1.82362163,1.61360979,3.01329184,-4.09592104,4.13493061,-1.25814211,2.94436264,-2.72546291,2.5821588,-1.82133234,3.04243422,-0.56677413,-1.85375166,-0.74173367,1.41105342,1.65912819,1.24134839,-1.64810622,0.53196597,0.22674181,-0.13589662,2.09953165,0.94552511,-1.33367038,-2.05948162,0.54600906,-0.66237712,1.89399171,-2.32276988,0.7640264,1.40165293,-0.52893722,1.71519864,-0.43455511,0.30846286,-1.08734131,-0.23312655,-0.60594219,0.3180719,-0.01756477,-0.27526641,0.10402322,-1.82494032,0.97090745,0.09484231,-1.47038293,1.35730159,-1.15665221,-0.6586622,0.80040324,0.27084735,b'5'
990,-11.06628609,2.24436855,-10.79530334,-3.53973866,-1.14796066,3.0231843,-0.25074148,-1.9353826,2.23130226,-4.76176834,3.1673615,3.9849956,0.41809553,0.81767535,-3.25029898,-0.45670223,-2.76397896,0.7316674,-0.49581361,-0.62008321,0.32800794,1.2011863,-1.08662057,0.1453135,-1.94835031,-2.67241931,1.97094333,0.8847394,-0.4838028,3.90903664,-0.87343991,-1.59836996,1.41184711,-2.75470877,-2.07856321,4.17238617,-0.65616608,2.68851995,-4.16829205,3.69042516,0.56037295,-2.77129459,-1.65393794,-1.58731019,-0.84698606,0.32609367,1.26806676,-0.71863437,0.88149112,-1.89130533,0.88560581,-2.28889656,0.551929,0.56215692,-0.75745469,2.05366898,1.06750226,-0.70959198,1.4678607,-0.00753391,1.11282551,-0.04204616,0.96565139,1.0007726,b'5'
991,-5.95028067,10.48680592,-9.35294056,0.88305962,-2.64659882,-3.52840161,-2.78743696,-4.50156116,5.11977911,-0.92372429,-2.75691891,1.62352204,3.64963722,-2.34366393,1.07052374,2.76213121,-4.30313778,2.46541166,-0.61195552,2.26781273,-1.84440613,3.16576815,-1.65513313,2.45002317,1.04956353,-2.52084136,1.48163939,1.67360449,1.23808813,1.44869673,-0.52808297,-0.46274376,2.17393517,0.28046232,1.9944706,-0.26264694,-3.17943048,-0.21886748,-0.20512629,-0.20553321,1.50925303,-1.57385087,0.47197515,2.19664192,-0.49421203,1.83583069,-0.98077381,1.19524169,-1.89281583,0.62792349,-1.14860797,-1.04217601,-0.31737113,-0.32423759,0.88599557,-1.06643784,1.13124228,-0.0628268,-0.13512754,1.50892651,-0.46479416,-0.30758482,1.21234357,0.49167857,b'5'
992,-12.44157505,1.41785097,-8.97578716,-4.60732794,-2.08246183,5.00846672,2.60100126,-1.32741094,1.72925401,-6.57633018,2.45482969,6.12518978,3.09606004,-0.58556753,-2.15602779,-2.06489515,-0.45527196,1.54638219,-0.90811807,-2.05335021,1.04835498,0.39923781,-0.65679479,1.60930061,-1.35513616,-2.55565786,1.34500825,1.11176682,-1.90620232,3.26750565,1.37823415,-1.68825674,-0.04110348,-2.24103403,-0.35317826,3.36503148,-1.39696157,2.24882317,-2.44678068,2.57879043,-0.66326755,-1.89470637,-3.7267549,-1.64078403,-2.16074467,-0.80111456,2.06909657,-3.0060699,2.16360927,-0.03553808,0.91076106,-1.47568297,0.60459375,-0.84717989,-0.16636294,1.93038392,0.50729084,-1.49488664,0.3251155,-0.78617251,1.69282866,0.17904425,1.99789488,-0.0568333,b'5'
993,-10.15926456,1.74294901,-8.71923351,-4.0738039,-3.13219309,4.82662201,3.15206957,-1.10025311,2.54905272,-8.23345852,-0.47265196,4.98095226,3.80706096,-0.94381994,-1.80488873,-4.37821293,1.11646605,2.06530166,-0.67505419,-1.18016231,-0.71556568,1.12964702,-0.13900593,1.16035557,-1.7043705,-2.89897704,2.85036325,0.75834322,-1.00273848,2.84597731,0.67604506,-2.24873281,-0.66730326,-4.32542324,-0.24187231,2.22637343,-1.92538047,2.44018388,-2.1893568,4.34254265,-0.28118807,-1.64432299,-3.84660387,-0.88791311,-1.11787903,-0.11349118,3.0418787,-1.5414288,1.77957249,-0.20629331,-0.47079182,-1.89874339,-0.10660815,0.63366985,1.07336485,1.78393817,-0.55328298,-1.36622369,0.34425223,0.09563267,-0.01710059,0.7129274,0.83161497,0.76181948,b'5'
994,-9.09044456,9.84406567,-9.46034336,4.84146023,-0.83172208,1.11135077,1.77162564,-0.74796927,6.35875607,-3.09538507,0.18834186,5.00362396,2.77592945,-0.09910587,0.93690324,2.01660585,-5.26509237,-0.29756784,0.2974779,-2.01138759,0.21249904,-1.09204221,-1.33154631,0.37447572,1.76020682,-3.22864056,-0.09282652,3.93153906,-1.89970255,3.16548061,-0.62603319,-2.7850616,-0.81518674,-2.35748005,1.20819521,3.41330457,-1.60288858,2.47030926,-1.62225664,1.29324627,0.79983437,-2.53732538,-2.83878279,0.06620041,0.40372992,0.88513923,0.43165657,-1.60786414,0.37546265,1.77606308,-2.04019046,-0.9199158,0.87667906,0.20642638,0.96077514,1.74686003,0.40283871,-0.750503,0.39886516,0.66683662,-1.85644197,0.18140811,0.99681985,2.02349162,b'5'
995,-7.93750954,8.64230442,-8.13573074,3.49511671,-1.96305823,-3.14757228,-0.05911422,-3.50432992,6.47796822,-3.82917166,-1.99895859,5.36555243,2.63144112,-0.69974315,-0.59611034,1.27241719,-4.6665206,2.71885538,2.84752226,2.60256863,-2.73226571,0.78920418,-2.83938169,1.53773451,0.37573254,-4.0023818,-0.07409212,1.07362771,-0.10984373,1.82449543,0.09449136,0.0171895,1.55701888,1.25151432,3.90587759,-0.14220563,-0.04588604,-1.33830166,0.48970497,0.33955801,1.29743457,-3.22917843,-1.0534122,0.42292064,-0.82704234,1.08939183,-0.49061483,0.33893561,-1.59480214,0.36037958,-0.55965948,0.24631768,0.63061357,-1.1186657,0.91735131,1.55763268,0.90853715,0.22307031,-0.12852976,1.10901773,-0.02622782,-1.95695829,2.1864357,-0.48378971,b'5'
996,-8.05386353,7.95060444,-1.05748534,8.75439167,2.54381609,2.05873775,1.90634596,-2.71323109,8.42295265,-1.66327655,0.01861525,6.74015522,4.63799477,-0.16986516,-1.31283283,4.1337862,-4.2283783,-4.0620656,2.74125671,-1.12938714,-0.34580714,1.84967017,-7.60298252,1.02648473,0.87151396,-1.59897125,1.74099934,0.6988945,-1.12838316,-0.63784498,-1.9587158,0.3280499,2.85708237,1.46913171,2.40402937,-0.66709399,1.14934945,-2.30692053,2.81419945,0.10636884,0.83494031,-1.70287097,-1.67819095,2.68552232,-0.94177949,0.25471205,-0.92560709,0.62157297,1.02295518,0.57228076,0.501041,-0.40533185,-0.43476415,-2.86595726,0.21159583,-0.80328637,1.11754632,-1.60533261,0.81996602,0.13735974,0.73113304,-0.04825252,-0.09602344,0.96935976,b'5'
997,-5.11012745,0.83130455,-10.53005123,5.80807734,5.92306423,2.65489578,4.30997419,1.40946114,1.14725089,-5.91783714,3.8827095,1.75661945,-2.84930086,2.59144664,-1.43534613,-0.1918025,2.75693154,5.03894711,-3.14435291,0.5725596,-0.71892464,-1.73750472,-0.79504895,-0.3282752,-2.06754541,-4.97216272,-2.80454397,2.02653289,1.16558194,1.00511754,-0.80707681,1.4624486,-0.95535755,-4.14858818,0.45569003,3.96768737,1.56172061,2.35168767,-2.61670923,0.40118343,0.81215906,-0.40823674,0.00368104,-1.86197472,-1.60511696,-0.53437632,0.74006331,-1.80655169,-0.45648167,0.8908844,-1.41633129,1.22256279,0.0615468,-0.52631938,0.43435821,1.93076205,0.87547541,0.66473848,-0.18305138,2.33353996,0.88283473,0.26946616,1.44892514,-0.44030043,b'5'
998,-9.19434738,4.6367178,-9.20921421,-3.58133364,-4.67442417,2.95550966,0.35680437,-3.71304774,0.3958807,-5.83353901,1.04911447,2.09405565,1.87550664,-5.70951033,-3.35629272,1.24652052,-2.10510969,4.94852829,-0.65479124,1.95209599,-2.55022812,0.82945675,-0.10078129,0.36436319,0.79359281,-1.20423579,-1.57138264,1.27874398,1.67118692,3.27398491,0.72275484,-2.96473074,0.50541365,-1.20377898,1.17159009,0.46977669,-3.28429127,2.88994741,0.1050899,2.90756655,-0.28640503,-2.58173442,-0.61163729,-3.00856495,-2.96785164,1.01243782,1.79738116,-0.5604198,-0.61943984,0.05571967,-1.02236581,0.58943653,2.24929476,-0.37379205,-0.34922391,1.20559251,1.32038355,1.62422144,-0.98719025,1.70594776,2.59336948,1.00363374,-0.3426674,-0.42569354,b'5'
999,-11.66367722,-2.8136375,-5.96038198,-3.7443471,-0.19365799,7.47788239,4.42337513,-0.08651412,3.92202711,-7.49790239,2.10310197,3.06392002,0.42428118,1.15044057,-2.28411579,-3.1524272,4.35658169,1.71712255,-3.54388213,-4.1837759,0.29131925,-1.66395068,-0.11041555,2.04870224,-1.35493279,-6.33915472,-0.14693791,1.91861367,0.16183758,0.67016888,-1.01978838,0.47007537,-1.18846703,-2.6306119,-2.51557922,2.8807044,-1.45453596,1.57673776,-1.27492273,2.9856286,0.73250544,1.28853893,-2.97603059,-2.27631259,-1.04584634,2.24026322,0.75035411,-3.61226487,1.92274165,-0.70742083,0.41044396,-0.7933042,1.13023865,-0.25517642,0.34083134,0.85813475,-0.01646304,-1.38496101,-0.24918169,-1.49884653,0.55166268,-0.00092989,1.4861232,-0.2388972,b'5'
1000,-7.91958857,-1.74716747,4.14400291,7.50524712,-1.3954978,-2.35812497,-8.22740936,-2.45983338,0.19360828,-1.33383989,3.21250033,4.45177746,-0.82910657,-3.18144178,-0.11398029,-2.58542395,-3.70612335,-3.10137439,-4.18314934,1.91001749,-0.1110733,-3.03698349,3.58671498,0.49158549,-5.46700048,-2.87919211,0.94264197,1.48374248,0.60794044,2.11171389,-2.4957118,2.71309471,-1.55017912,1.57944059,0.78184307,-1.45587468,0.55213475,-1.69235229,2.93905711,-0.40427455,-2.15590048,-2.11150074,-1.83943558,-0.43562156,1.25683868,-0.66002631,0.74939919,0.50442433,-0.48953146,-0.45433903,-0.82562292,1.62277174,1.6927743,0.39092278,-0.81388098,1.10045874,-0.76334882,-0.78076363,0.56030947,0.82988429,0.5841096,-0.2266802,-0.51623368,-0.17879826,b'6'
1001,5.55026484,2.47309542,-0.24932504,0.82963872,-2.41755986,-1.79873037,-2.82624769,-6.73005104,-6.54756308,0.39898121,1.79172873,4.35062742,0.91845697,-9.81347656,1.63522029,2.71375537,4.05645657,-0.51282269,1.70333219,0.43836093,1.5977397,-0.77672738,0.21389496,-1.07247078,-0.8464644,2.82878423,-0.20846197,-0.12008107,0.16617322,-1.45471215,-0.17234886,2.56781816,-0.64803052,-1.11462164,1.1916126,-1.45131409,0.37701273,0.03898221,1.56663227,-2.54191351,1.79827785,0.77076852,2.80846334,1.68941092,-1.09857953,0.04773581,-0.92677391,-1.13894105,-2.09820557,0.670573,-1.32733071,-0.62627137,0.18747163,0.25120664,-1.15668893,0.88577068,-1.10914421,-0.43495697,-1.40512323,1.24759376,-2.56028128,0.36849225,-0.738406,0.3875224,b'6'
1002,-0.90631413,-6.36253309,5.18216705,1.62497604,6.9580102,-4.24328232,-1.03936148,-5.79979897,-4.801126,-0.55249649,5.95762062,8.38365364,0.64486623,2.18626285,-1.7000103,2.27842784,0.47813845,0.6828686,0.50562084,7.16157341,2.07013702,-0.16414851,1.37875473,-4.00420475,-0.30149838,-2.00275826,0.99803007,0.44659913,0.55742073,0.77032936,-2.1186924,1.48651695,2.74164081,-0.74092263,-1.73581982,3.46970916,0.8279624,-0.33284301,1.78246808,-0.67338473,0.69939268,4.13340712,0.72450697,-3.13118076,-0.81179571,-1.36982822,-0.37371367,-0.70326543,1.62870193,-1.96502614,1.12057376,1.18162644,2.02155471,-0.29928005,1.09481418,0.41633689,1.41627133,0.58216631,0.59091777,-0.50770795,0.03809583,-0.2160493,-0.64186788,-0.42408618,b'6'
1003,-6.35530329,-2.22848606,2.5801363,-2.68989611,6.62009811,-5.04416275,-0.1352253,-3.28831935,-0.76029778,-2.37645602,5.94776344,4.46667576,0.82078171,1.18999374,-4.35036373,-2.09039259,2.81895232,-1.58840871,0.37103927,5.3983531,-0.89788628,-2.08514977,3.80218863,1.80360079,-2.12901044,-3.78866768,2.56441164,-1.87875533,-2.86275673,-0.48270038,2.23044348,-0.68697596,-1.70671296,-1.11713386,-2.34841609,3.55509973,0.44176531,-0.95339435,3.02847457,-1.79510033,0.57340062,1.86204374,2.4689877,-0.52733028,-0.25902617,-1.99390256,0.6821956,-1.69777894,0.76477289,0.17903841,-0.30448318,-1.5707612,-1.02340651,-0.51701725,0.92160404,-0.26219189,-2.52507734,0.45367497,-0.31260884,-0.58980137,0.52897179,0.7666077,0.66724086,-0.0894681,b'6'
1004,0.51652539,-4.99009514,-1.97173762,5.78555918,1.55374777,-6.78834248,0.81945181,-3.83685803,-3.9807086,-0.37103751,2.34227562,5.12237644,0.98303694,-4.58158159,-2.32559586,-4.84547901,1.68338823,-2.36864591,0.15524572,2.85529613,2.95724034,-4.25230408,5.84238243,1.05072474,-6.32995749,-2.2365427,1.43569446,1.41782737,-0.49767542,-1.7216568,-1.19513094,1.34805632,-1.582358,-0.206065,-0.5655607,0.21345402,1.12908697,-0.62689275,-0.91257513,-0.2302016,-2.05607319,0.96361285,0.55985415,1.34272385,-0.6421082,0.19543695,1.8861059,-1.5729177,-0.44603121,0.77242494,-1.08973229,0.223703,0.31770802,1.83779681,-0.00423986,2.05691361,-2.48047972,-0.72945082,0.39598203,0.23174989,-1.69375753,-0.944242,-0.42454594,-0.41805598,b'6'
1005,-8.71167278,-1.71501839,0.96511948,2.45642447,7.12865925,-0.66768312,0.26537704,-0.76644957,-6.64677572,-1.14335322,6.13532448,5.25384331,-0.73900127,3.59883356,-0.56041288,-2.7770915,-0.50523663,0.93459165,-4.18238163,2.55682516,-1.70690942,1.7651372,6.05196619,1.40422392,-4.05182171,-3.1168437,0.15908444,-1.74629223,0.61346006,1.64191735,-2.73572159,1.28665471,-1.15860975,2.15205503,3.1763041,-0.46060529,-0.11428452,-0.53803033,0.85824716,-0.86380398,0.32575977,3.06194663,1.38346279,0.44125664,-2.21008301,-0.11383025,1.27670145,-1.25877023,2.65052724,-0.46902546,-0.15853177,1.08639491,0.99613523,1.21772587,-0.42311066,0.52328002,0.89655709,-1.13082039,-0.49666876,-1.22023571,0.42096055,0.30833536,0.6086272,-1.37814379,b'6'
1006,3.83846283,-3.69180942,-2.45381021,0.94574714,6.39236069,-3.5585463,-1.95967197,-4.15389442,-5.99788713,-2.10733557,6.97365141,1.6715579,4.49621964,4.65965319,-1.05523682,-1.91591048,0.73745322,-2.31319499,-1.79758692,2.74421787,2.04032135,-1.56318879,1.196697,-0.01777315,-2.37837029,-4.08898067,1.42381811,0.47372901,0.0014596,1.33841479,-2.97063923,-0.41117215,0.36240649,1.01111007,0.79446352,-2.21907115,1.89841485,1.82540703,0.47418761,-0.33198988,-0.77628815,2.02050328,1.54040778,-0.7570914,-0.50430751,-0.90709108,-0.41703367,-1.53013444,3.53372955,-0.31681457,-0.11344676,-1.18749344,0.97780454,1.01816821,-1.13447571,-1.31646395,0.42463398,-0.3318699,-0.44892475,-1.03377473,0.68423826,2.78701091,0.86064053,0.75203943,b'6'
1007,9.33732128,-3.75310135,6.14197636,-7.20538378,2.6567688,0.69396883,0.64065528,1.64431572,-4.48519182,-0.60284412,6.99443245,8.05407524,4.13781357,-0.14687672,-2.60401917,1.29311645,-0.62936628,0.59468436,-5.13805008,5.32756329,-1.36755323,0.3656472,1.16038418,-3.47916412,-2.60088062,-1.36476171,-1.05384481,1.63797212,2.08045435,2.38669825,-2.93124533,2.44895744,1.52599311,3.38417983,-2.05423999,1.06122804,2.85490918,3.08625388,0.74635237,0.56264424,-0.21904904,1.43964827,2.00302863,0.02056182,-0.17249668,-1.45418441,0.66664881,-0.34564185,0.84182137,-0.77470982,0.26505885,0.90070987,2.09432077,1.65534616,0.4970569,0.13977957,0.49221182,0.13449815,-0.49049795,-0.96850425,-0.41153955,0.46391886,-1.40006971,-0.78909969,b'6'
1008,6.31890917,-2.81072378,-3.0518136,-3.22253418,3.31454563,-1.46645212,-2.78431749,0.77678984,-9.91705132,0.98069596,4.96629715,1.19166589,3.14979744,2.43717527,-1.66021442,-0.61829329,-0.92355061,-1.97503209,-4.20207119,3.4563446,-0.90158606,-0.71920413,0.19767894,0.03833175,-1.47720909,-2.78489399,0.39445168,0.67357874,0.74437904,1.61554587,-1.09630835,0.11246514,-2.53372717,2.24054432,-1.66588259,-1.11819923,0.98510265,1.08226252,0.89354974,1.10047913,-0.1482147,1.4272759,1.90026212,1.03641033,-1.57966673,-1.88296127,-0.26873845,-2.12588668,2.90811586,-1.13568246,-0.74533814,0.35894901,1.99604154,-1.46648216,-0.73997623,0.25198746,-0.99531746,0.88939691,1.48383975,0.0073235,0.93457395,1.65951848,-0.36118245,-0.23896363,b'6'
1009,-10.12519455,-3.7028141,5.45167255,1.28855121,8.21484947,-0.95250583,1.35966873,1.20222688,-3.44894361,2.1285708,7.58540106,7.23299694,0.39840329,3.66643882,0.72533298,0.16802311,-0.24454081,2.27500629,-5.38116264,1.44852042,1.13060653,0.32489157,8.80112553,0.64399743,-4.62667799,-3.79408455,1.10792553,-0.10200506,1.86138988,2.17842245,-1.0400089,2.16834974,-1.7065922,3.93797731,1.95823383,-0.84766185,0.27182198,0.74053395,0.08162034,-0.93281913,-0.36595535,0.89263618,-0.18777789,0.59971642,0.46110129,-1.72312963,1.67632198,-0.62987924,1.76324701,0.35930634,1.15153873,-0.81948638,0.94893372,1.46866381,1.24169064,0.58667445,-0.75210476,-0.86956352,0.44157284,-0.19162148,-0.68664008,0.64825147,0.00519037,-0.09339822,b'6'
1010,2.90834665,-4.51918793,-0.86960489,-3.42431188,0.66220164,-0.14261639,-0.41663218,-0.83319485,-4.97042799,3.62056923,9.62436485,6.41845703,6.8205781,2.50089192,-2.3819294,-4.18632746,2.49436641,1.05709362,-4.82062054,1.60937738,-0.88979554,-1.11175776,2.03324175,-0.67241716,-4.37729692,-4.81360149,-0.11617589,0.50728047,0.4884429,1.99611723,-3.88818312,1.86017561,-0.62005484,2.69518495,2.01584959,-0.94103885,1.8915503,-1.14221072,-0.06290829,-1.26319647,-0.04419029,-0.23825897,-0.0826258,1.09285653,0.45768833,-0.49063957,0.29211062,-2.87020469,1.53758883,-2.40221047,1.48561001,1.06277728,0.74076307,-0.05000782,-2.05978775,-0.32144082,1.52052176,-0.46964294,-0.04870903,-1.30247951,0.95126253,0.27663714,0.27811027,0.34439245,b'6'
1011,-3.05289555,-4.31544161,-2.36401129,0.61104357,10.52524281,-3.1524117,-0.96571827,-3.07651162,-5.62827444,-3.38204885,2.92363453,2.35694218,-1.94072151,2.46069384,-3.89960194,4.25589466,1.04983115,-3.66570282,2.32175612,2.55316162,1.62533164,-0.15594131,2.35452604,1.26185417,-1.23909497,-3.6743567,-1.68585825,-0.07470167,0.23040509,-2.17794681,-1.0483433,-1.16716349,1.06943393,-1.79428267,-3.56691051,-0.92148244,3.02966619,-0.37145466,0.59387946,-0.08818057,-0.45493555,1.52003515,2.01650524,-0.01383699,0.90619791,-0.13776121,0.96993136,-0.71507716,0.09841487,0.04002398,-1.35405338,0.17196032,0.19797993,-2.24891019,-0.60200244,1.24677205,0.67364001,-0.35817009,-1.64509082,-0.71301055,-1.83137965,-0.18660688,-1.28639483,0.12594001,b'6'
1012,-2.5433476,-4.50570488,0.30740976,5.25856352,4.79013824,-7.8628664,1.88429904,-1.85862517,-4.76603079,-3.59760857,3.92470908,3.89204121,-0.62744856,-3.43790913,-5.69219971,-2.05590677,1.63283849,0.18663812,-1.61216128,2.31772709,0.81760931,-2.26049209,5.39303493,-1.56352043,-4.14933205,-0.45137626,2.38737392,0.73946357,-0.63030148,0.37050176,0.64918792,1.92191076,-0.36697221,-3.70231342,-2.57866383,1.35723972,-0.36025357,2.4927547,0.12351513,-0.49895886,-1.66346407,0.69807094,0.48159489,1.1422472,0.48235428,0.56510401,1.19690597,-2.53329492,0.49815369,-2.17351341,0.0169913,-0.71043181,-0.45836234,0.5286094,0.04559261,0.37525988,0.14076066,-0.93097055,-0.43610659,-0.10572296,-1.50253499,-0.77001405,-0.22506905,0.97206742,b'6'
1013,-3.06586218,-6.3969202,5.46426535,2.45853043,7.21382523,-4.12703896,1.9203161,-4.8979845,-7.53527021,-1.96517789,3.70259237,6.98314095,-0.62204194,-1.70614088,-0.82527637,0.77945912,-2.28257489,-0.91602111,-4.0253706,4.1843791,1.01345193,-0.34299535,5.39821053,-1.22064376,-5.68258953,-1.13883126,1.62122023,0.20441532,2.93803215,0.65985513,-2.09270334,1.80383158,0.87330937,-0.61410981,-1.42525935,1.40759301,2.98118806,1.33795881,2.27407503,-1.07131004,0.45775712,2.79783463,0.64777458,0.10917561,-1.0975517,-0.83627248,-0.72020721,-1.55574107,-0.16107485,-0.92027944,-0.72220939,0.74679971,1.06659901,0.74367821,-0.66154557,-0.41150054,1.65939116,0.36417079,-0.42349681,-0.0703249,0.45732409,1.16960645,-0.54829162,-0.75107592,b'6'
1014,-5.12057638,-2.29001331,4.38585472,4.65631819,3.62571335,-2.86824346,3.48342824,-5.02455902,-6.8359313,-5.02977562,2.87722635,4.1136384,2.66392708,-6.10085201,-0.958848,-1.92451692,0.67384624,0.3308847,-4.59985924,2.29645491,-0.22785462,-0.69041401,5.86116266,-1.05691397,-4.93848562,-3.42088127,2.92504978,2.91387868,0.91667414,1.40930068,-0.26671898,4.56782293,-0.11334493,0.08354324,2.83247423,0.72471833,0.71523929,-0.60437793,1.26709473,-1.37241983,-0.80395448,0.38724506,-0.56142962,0.06323074,-2.2191534,-0.66840386,0.64292401,-2.02502751,-0.22778857,0.1124146,-1.1243645,0.1410473,0.6402874,-0.01486814,0.10362232,-0.28163058,0.9893868,-1.15277231,-0.74407631,-0.38357115,-1.31427574,0.61117715,-0.32315689,0.21078593,b'6'
1015,6.71379232,-6.65777493,1.36873615,-2.8537662,2.42889023,0.37350458,-3.96119404,-0.9362061,-6.34993219,-0.19132137,6.78769875,10.60834122,2.38527107,1.63168192,-1.63465309,0.41812694,-1.25282621,-0.96604854,-3.00687695,2.5617342,1.15792572,-1.13337398,-1.15957594,-1.73683536,-1.20098686,-2.35954475,-2.56102467,2.98877001,2.38868737,1.20609343,-2.64901257,0.07230377,-2.95640659,2.79400015,-0.78953028,0.44058466,3.02472281,0.7987473,3.34084749,0.11106062,1.14972806,-0.37659425,0.7221837,1.82243621,-2.46590805,-1.95954108,1.71682656,-1.4969039,-0.58285129,0.27467924,-1.6741153,0.12113774,-0.09527755,1.73744416,-1.45779133,-0.208462,-2.50199175,-1.22260201,0.97209901,-0.09362495,-1.36247098,2.22295499,-0.86285233,0.15892589,b'6'
1016,-4.40621471,-5.20520401,1.67535758,0.01733491,8.51911449,-4.80222225,-1.72305822,-5.74586391,-4.82331324,-2.57393241,6.53704166,3.34567261,0.41880554,4.1323905,-3.46269941,0.88853073,0.04000998,-3.42502618,-0.52725023,4.12853146,2.05358005,-0.07881647,2.85670209,-0.26978111,-3.54145813,-4.22074318,0.21695262,0.84513247,-0.61227179,-1.05544221,-1.64398515,-0.42650843,0.11609195,0.95591849,-1.47844267,-0.34336486,2.01197982,-0.60325354,1.22842109,-0.7624346,1.67263174,1.14302051,3.96146393,-0.43322313,-1.19445193,-1.60169125,-0.22039314,-0.53758407,0.90113622,-1.07947564,-1.41086042,-0.50233424,-0.66858578,-2.11400366,0.09436387,0.67418706,0.44674754,-1.25113416,-0.14443493,0.19784737,-1.32793069,1.1004436,-0.44321126,0.3945033,b'6'
1017,-9.56872749,-4.72415686,2.49828482,-0.69354951,6.90492916,0.97146952,2.70563531,-0.12211192,-3.65807867,-0.55187273,5.73029137,6.41640139,1.73266268,0.92721474,-1.30262375,-2.11684227,1.00329065,2.9338696,-6.70788765,0.47417736,-2.89620209,0.50610912,6.66922855,0.98128486,-6.78114128,-4.74915409,0.40630496,0.78833938,0.94402266,2.3635416,-1.26752579,0.4576571,-1.33448851,2.60681868,1.51673365,-0.22768059,0.18327761,0.67701572,-2.7712431,0.12293714,0.59215486,1.51862943,0.55213517,1.29375756,-0.50452769,0.81638092,1.82392001,-0.07885242,2.3109684,-0.52342337,1.56567872,-0.18406886,1.29318571,1.04339242,-0.91727716,1.42838073,0.98827696,-0.00154664,-1.92305231,-0.33365631,-0.70018375,0.44584131,0.47745025,-0.02051432,b'6'
1018,-8.05544186,-1.67312098,4.2577424,2.64241982,0.53890979,0.928976,-2.32928038,0.82976705,-4.30710936,-1.40793324,3.3541584,8.54301071,-0.86930919,-0.22525623,-1.96141148,-6.29977703,-2.478158,-1.50069988,-3.96655774,3.74769258,-1.97253561,1.02776372,1.31623936,0.30033183,-0.55886006,-3.2961154,4.6701498,-2.79138684,-1.04874802,-1.08549476,-1.74947441,2.00324488,-1.94165921,2.9542861,0.27454108,-0.83721209,2.59533954,-2.3006413,0.9292618,-1.78835058,1.58245444,-0.23051839,0.81396127,0.50579655,-0.43047488,0.26059288,-0.07610379,-3.73598027,0.97208363,-0.04153317,-0.25980878,-2.13242984,0.71379399,0.91529971,-0.43354934,1.91579986,-1.58014584,1.06624317,0.16340536,-2.07515097,0.18584754,1.71960926,-1.16414499,-1.18788159,b'6'
1019,6.9490304,-1.91454887,3.55498338,-5.07793283,-0.35188043,2.42357159,-2.0458746,1.38215828,-7.95843172,4.22904921,6.89536858,5.22567654,2.98885584,2.33586693,-0.68217897,-0.87621808,0.73781753,2.44449353,-6.4713707,2.58212852,-2.24049664,-2.75864053,4.39357424,-0.70197129,-1.61237955,-1.35364425,0.1057272,-1.90665174,1.94278097,0.57439744,-1.8806299,2.66777134,-1.83106077,3.56669307,1.73035574,0.06544909,1.28748107,-0.55227584,1.7654109,-0.16634709,-0.85448438,-0.84615844,-0.95040125,1.24016476,0.45864129,-0.06322759,1.17528808,-0.87051415,0.11827582,0.5590986,0.06477512,-0.81368768,1.64338827,2.60845184,-0.7458424,-0.92902505,-0.41630244,-0.43203723,1.69472647,-0.55749995,0.61250883,-1.24865937,-0.81881899,-1.25200522,b'6'
1020,-7.22581005,-2.98123598,-1.15890336,2.05240107,6.67939329,-5.01776028,7.70702028,2.6194005,-7.73843718,-6.34292698,-0.38241482,-0.87947679,-1.2230494,0.81186128,-4.15560722,0.32792413,2.7657721,1.00902033,-1.01135969,-0.71916199,-2.09806657,-0.43832451,2.12746286,-2.39854956,-2.14814973,-2.22968817,3.3074708,0.86530733,0.53636193,0.4549644,-0.04902375,2.31766558,0.41593784,-0.40006226,-0.71529233,-1.05705798,0.00973368,2.72930741,-0.94775999,1.11487103,-0.8289125,-1.60583735,-4.46750832,-1.15224648,0.80966163,0.1372624,0.10925645,-0.93942261,0.20259953,-0.25253183,0.6484229,-0.78230596,0.69691908,-0.77942538,0.53230357,0.76871133,-0.71601272,-0.9043529,2.66128087,-0.75728852,0.77413219,-0.92004454,2.03045082,0.67434275,b'6'
1021,-4.46036005,-2.03553224,2.55057454,1.57063985,9.09724712,-5.24697018,4.8141861,-5.08304405,-6.81628752,-4.48175764,3.36950374,2.54845786,0.55326045,0.18826777,-4.67561626,1.07580018,1.33136988,0.29228318,-2.58030796,3.01542521,-1.77623415,0.96297741,5.01016855,-2.0725739,-1.81885815,-2.68455625,1.24113536,-1.96515214,-1.5508008,1.05489171,-0.29783642,0.42875648,-0.59821951,-0.68692333,-2.52367663,-1.0994277,1.80690408,1.4042635,0.377985,-0.45598796,-0.75424504,1.40040863,0.61832857,-1.05081749,-0.73423052,-0.69692278,-0.66398573,0.1770184,1.99126577,0.23421133,-0.35627586,0.32835162,0.43897605,0.1501044,-1.48380113,-0.5583083,0.68257356,-0.99889231,0.69174021,-1.48947144,2.10516095,0.11894572,0.58303893,-0.57639223,b'6'
1022,5.91648912,-5.78699064,1.7080512,-6.12003326,0.7750808,-0.24260283,-2.44608212,1.68774331,-4.23886156,1.0237633,8.41173935,6.34518623,6.3155117,2.26599407,-2.58556366,-0.23909092,0.53143382,0.7129637,-5.7241745,2.45762396,-1.19479632,1.60703075,1.48708808,-0.777349,-3.44063568,-3.80648756,-0.82980645,1.17539287,-0.53812504,0.97976172,-4.35729265,2.1744523,-0.80681914,4.76083899,0.25809753,-1.49037921,1.93530583,1.47542548,1.18125367,1.84569001,0.74826002,-1.93374121,3.05950618,0.57294929,-0.76704085,-2.13614893,1.12818539,-2.21472812,1.7364254,-0.88761699,-1.12683177,0.89275181,-0.08076859,1.04562283,-0.93503648,-0.50272995,-0.77936935,-1.04934955,-0.44452411,-1.78356111,-0.15927567,0.68180686,-0.11422563,-0.62823844,b'6'
1023,-2.15552044,-1.8603071,-0.38103306,-3.10230422,7.04151869,-3.89969277,2.29002285,-5.96957874,-6.83619261,-7.19352722,-0.83174253,1.52425289,-1.15743589,2.7092216,-4.4107914,6.39243937,-0.1980083,-0.87650788,1.07491505,-0.05216765,0.5634194,1.66083646,1.33717859,0.26639605,1.61615789,-0.19251883,-1.51412153,-1.22673583,-1.27913427,-1.64267075,-0.90893161,-0.08473468,1.58654642,-0.45038968,-1.291085,0.85478556,2.83854985,1.0989207,-0.74184501,-0.11178708,1.80108762,1.75288999,2.92342138,-1.11643672,-0.35403728,0.2081303,0.85014528,0.65886998,-2.62045336,1.35001266,-0.32046676,1.88656151,-0.78695774,-1.64873409,-1.07571435,0.00121832,2.00584173,-0.89000648,-2.41034818,1.06252706,-1.00518966,-0.3842636,-0.51679254,0.99541163,b'6'
1024,7.84576178,-3.08875513,-0.27348256,-2.21605659,1.43709481,-2.77239108,-4.438941,0.43574989,-7.30257654,1.02828336,7.58303595,5.43573856,3.3691144,2.79432654,0.81995583,1.83751988,2.64947152,1.58710074,-3.48338962,2.0387516,-0.0451041,-1.12196326,-0.65607941,-0.49919772,-1.92125249,-2.59873962,0.60615695,1.99945402,0.5494709,2.47035456,-0.09227788,0.29128051,0.00830738,-2.03481603,-1.70951867,-1.98156321,2.789994,0.43329692,0.51780772,0.75953388,-1.25933909,0.58263302,3.39313149,1.06571627,-0.47885275,-1.17211854,1.67853069,-2.96337438,2.78255343,-1.84012532,-1.37697315,0.30795866,1.21983027,0.78154618,-2.24764276,0.61821592,-0.33027172,1.08213603,0.50269157,-1.41091204,0.79493481,2.29936957,-0.81696647,-1.1413523,b'6'
1025,-3.28678393,-2.96036601,-0.52081686,0.2057645,7.06699276,-4.50907993,-3.09841871,-5.53847313,-5.675488,-2.4814415,5.68720722,2.09586143,0.66638029,2.23456407,-4.55349159,3.00932574,3.09450746,-2.37695742,0.67899859,4.31633377,0.56585306,-1.2253263,2.46311522,-2.41974211,-3.98443222,-3.65706062,-0.54777437,-0.57876432,-1.73371029,-1.2873956,0.04298389,-2.7827363,0.38452494,-0.47401792,-1.7819407,-0.02335632,2.29094958,-0.58362657,-0.71246326,0.49899137,0.77906716,1.27753162,2.81229234,-1.3159306,-0.0560354,0.51089072,0.36592311,-0.56835198,3.08589983,0.33332121,-1.79742646,-1.08279192,-1.00465131,-1.76184249,-0.56427032,-0.26141801,0.81500304,-1.05028319,0.08890867,-0.37687737,-0.51450568,-0.75847572,-0.39519578,0.49201587,b'6'
1026,-7.84468699,-4.02997875,1.18896413,-0.41228479,9.09151936,-4.17798996,6.77932215,-1.85101557,-4.37011385,-7.12942839,3.18775845,2.88083839,-2.07547092,3.46939588,-2.33547258,1.62260842,2.64134717,1.29119992,-3.41307974,1.32248259,0.23102809,-0.76739103,4.04295254,-1.3581326,-3.96951532,-4.00704861,1.55170405,-1.15201974,1.07468724,2.34624052,-2.13377333,0.18888259,1.82054603,-0.51797456,-1.31705379,-1.92955244,1.40465307,4.14565277,-2.03385258,-0.82981682,-1.54857826,-0.39158964,-1.65164912,-0.91215706,-0.12242937,-0.14135575,1.05551076,0.00453711,0.36356515,1.89411438,0.1423288,-1.31012535,-1.19895005,-0.91720152,-0.09864324,-0.19337964,-1.59761477,-1.31473482,0.51609606,-1.3289957,-0.01374875,0.17378706,2.14902496,0.13905802,b'6'
1027,-7.27142763,2.5626564,-1.46823311,-1.42902195,9.06024075,0.11795723,5.57996464,3.80342746,0.25444174,-3.33041191,5.77098799,7.73059034,-1.8468318,1.26508701,0.0402689,-6.13404465,-0.20380187,-2.1395936,-0.89887822,1.14130807,-1.16631436,-0.90198213,2.60007811,4.70334339,-2.03370237,-1.11551726,3.24227571,-2.58343053,-3.00442457,1.50385845,2.94467783,0.64776063,-0.19596125,-2.7995944,1.14888561,3.03675914,0.10483718,0.0327279,1.43246579,2.96858096,1.21458745,-0.14947148,-1.75236833,-2.5955162,-2.33421278,-0.13295315,2.21797562,-4.04178905,1.71128941,-1.80312979,-0.30060571,-0.22437638,1.02357745,0.99788988,-0.0373404,-0.38258463,0.44093728,0.83580792,0.03850913,0.28943241,1.82034087,0.14087129,2.42425251,-0.25842372,b'6'
1028,6.74279737,0.93994045,2.83687282,-7.15537739,1.16540325,2.02047825,-5.02399635,2.10795355,-4.07723379,0.41788715,6.19519711,7.23742199,0.22083759,1.90574551,-0.75958872,3.59166384,1.35126567,-0.29199946,-6.04015541,3.8513279,-2.38769913,-2.68669486,-0.0591639,-3.70320582,-2.86254406,-0.69032365,0.59026372,3.15173864,0.87557435,3.75753307,0.39274585,2.03570557,-0.96609628,1.47245669,-1.34522557,2.78345275,1.08126783,0.31062108,1.03253961,-0.71449566,0.73631692,-0.55221498,1.9285897,0.49241477,-0.27023613,-1.17676783,-0.00361679,-2.05285668,2.18217206,-1.09796,-1.52577746,0.62574178,1.51036406,-0.22772694,-1.88601351,0.64077544,-0.91036606,-0.11494814,-0.79037869,1.16848481,1.824651,1.32636428,-1.59608817,0.22599435,b'6'
1029,5.14648628,-2.99880528,-5.49220848,0.33105209,7.80570221,-0.79997206,-4.8427887,-1.3816011,-6.0672307,1.29985869,4.9442687,2.55647087,2.62586451,0.60436583,0.26887298,2.60281205,4.48483467,-0.85701585,1.04171503,1.28223944,1.47139442,-1.07442331,-1.90918458,0.77657652,-1.01726699,-1.57917523,-0.83714223,-1.09646416,0.2903676,0.20689201,-1.77079165,-0.18934083,-1.30994058,1.84930396,-3.10620093,-0.57195711,2.2683599,1.16710591,-0.74871194,-0.5960899,0.04247165,1.61257124,3.15967369,0.04665566,-1.90940654,-1.74374151,-0.45006794,-3.13943982,0.02539258,0.46003473,-0.19022383,-1.33990729,0.88817382,-1.90421963,-0.559982,0.80604064,-0.6941483,1.28109038,-0.76581538,-0.52858114,1.7109288,2.13932753,-0.06040299,0.84531444,b'6'
1030,2.25805902,-3.87980962,1.1679889,2.53749299,1.27857244,-6.78815937,1.82552278,-6.73942566,-8.60919952,-1.69858038,0.36528087,3.26566076,0.29209542,-3.07100868,-3.05029202,-1.17139578,1.68377399,-1.45172262,0.67518651,2.05474091,-0.07529558,-4.67235756,3.25948548,-1.9597261,-4.5940237,-1.5097636,0.68984663,0.47459865,-0.76269913,-2.21045685,1.56420684,1.72480869,2.77779698,-2.6190424,-1.23104167,0.25757948,2.61847425,0.25300461,2.35324621,1.67735863,0.64134157,-0.26520574,1.3112936,-0.44398934,-0.77562535,1.49772286,0.66717786,-0.49334168,1.28124571,1.33409464,-0.81961644,0.31880549,-1.30958819,0.24117267,1.33207786,-0.74577796,-0.39097404,-0.38473475,-0.76954639,-1.81774402,-0.8158204,-0.57384193,0.2667172,0.36667737,b'6'
1031,-0.06319773,-2.98115206,3.79980016,-1.12919688,0.31516171,-0.77526212,-1.97717762,-8.28758335,-7.26237345,-0.35399637,4.01718616,7.3881321,0.29273039,-4.02192926,0.81791496,3.63397598,-1.73777759,-3.47169614,0.61575598,5.4267416,1.7090373,-3.67666292,4.87998152,-2.12232447,-3.69965887,1.92920601,-0.67831731,1.5407331,4.51275015,0.22828722,-3.06927824,4.06022787,0.10253246,0.4303968,3.90011144,-0.32008973,0.7690866,-0.20564407,2.21769571,-3.66194105,-1.52071583,0.27919689,-0.5438205,-0.56739873,0.76539958,-0.24721959,3.19311237,-2.88287091,0.37921268,0.35530293,-2.52304149,0.31912455,2.33383465,-0.3661567,-1.0229907,-0.50738209,-0.28393674,1.26411998,0.59846872,0.17876279,-1.03620386,-0.31266987,0.09269828,0.15002225,b'6'
1032,8.74915409,-1.32352984,5.71090794,-4.53031301,-1.75484538,2.62775946,-6.77512455,3.5325253,-0.36002779,0.40046912,0.8177588,9.45005608,-0.48525,-2.14185143,1.08251548,3.67557907,2.95450377,1.90078115,-8.11826324,2.6013732,-0.4534893,-5.09662199,1.45628238,-1.95323968,-0.50773472,0.54273236,0.0259034,1.89282036,1.78657222,1.08003569,-2.43650913,3.81295919,-1.07222104,2.65927649,0.56200027,0.76237804,-0.95132041,-0.17902499,-0.43580019,1.85476279,-1.67381406,-1.15669322,0.08407128,-0.29448307,-1.93581831,-2.28823686,1.11266804,0.35804343,1.39093947,-0.96292055,-1.11246204,-0.16313481,0.16414928,0.38752973,-0.77498752,-2.20959234,-0.79351687,-0.75439376,-1.04964983,0.33173871,-0.1405459,-0.56007826,0.58185601,-2.66495585,b'6'
1033,-5.11213875,-3.18691945,3.0430398,2.14206839,8.72033787,-2.72469878,2.35563564,-2.21902466,-5.93286085,-2.15185308,7.38534737,5.63455105,-1.97396326,0.57260597,-3.15967894,-3.52613258,0.65245962,0.19036806,-2.04201579,4.16663933,-2.53751278,-0.27706343,2.35447693,0.50554514,-1.18079197,-2.9644053,1.03970873,-0.36715251,-1.28782463,-0.45133966,-0.40528643,1.8662672,-1.86315942,1.92159891,-1.58407927,1.03781545,0.85340953,0.12720942,0.68040633,-1.70706594,0.92670727,1.72657263,2.76791596,0.53081566,-1.03283536,-2.70773482,-0.23474826,-2.51721215,0.52237171,-0.76580805,0.1297702,-1.63352418,0.48610055,0.52125633,2.03584909,-0.16121769,-0.43943954,0.78292322,0.47420162,-1.78060222,1.38601732,1.19754767,0.00929582,0.63055646,b'6'
1034,-5.28699636,0.45432663,1.30224109,3.1265974,5.88915873,-1.27019167,-0.14671445,-3.00602031,-10.93927193,-1.25562513,4.13338995,5.07054186,-1.46630073,-1.01650596,1.81340933,-0.41654801,-0.13207555,2.64215136,-2.60283732,3.03131056,-2.96468139,-0.11029029,6.17811203,-0.70180845,-2.88289881,-1.8691709,-0.04112357,0.29087198,1.06093693,1.31033051,-0.19356525,1.48804569,-2.57706881,1.40362954,1.92441869,1.07165408,1.81202102,-1.86887169,-0.25161135,-2.05486631,1.21148467,-1.50208902,-0.40303266,-0.57906061,-1.85181892,0.39331383,1.08288443,-1.42785716,0.90131587,-0.63859922,-1.84604454,2.38641334,-0.02437019,-1.19460726,-0.57223743,0.05561543,0.39867926,0.46114594,-0.82127726,0.02819228,0.58108377,0.04221681,-0.86402881,-0.3890312,b'6'
1035,1.14546144,-4.27530861,-1.19297385,1.7800703,6.19660807,-3.53661036,-0.28092194,-6.25584793,-7.32693815,-0.02282196,5.84108782,7.26714993,0.26803744,-0.76148897,0.07708907,-0.58383036,1.64176917,1.14486885,-0.07033283,4.99596024,1.13233244,-3.95334053,2.68251801,-1.24239004,-2.23194313,-2.73453522,0.77084363,0.58067524,0.74008417,0.81815672,1.33281875,1.65198565,-1.53446925,-0.20158511,-2.89305115,1.45324779,2.00373483,-0.88854653,-0.32674134,-2.31581068,-0.69181216,1.29460645,1.97175372,-0.70185977,-1.52528131,-0.92142171,1.08901227,-3.24001622,1.27243972,-1.10636139,-1.30173349,-1.23549116,1.19824493,-1.08464336,0.15655541,0.86939514,-0.88677025,1.71775889,0.94747835,-1.77871692,2.04943419,1.43966556,-0.04377931,1.19000626,b'6'
1036,-8.09722042,-2.3559165,-0.37202787,-0.29892644,1.85529339,0.4486407,-0.97236252,2.31408596,-1.32506466,1.06547642,0.71713042,8.33045292,-2.3661437,0.23985669,-4.67821884,-3.87142086,-4.26592922,-3.77047229,-3.56697631,5.00062466,2.44957805,1.77063465,4.11260462,-0.37568569,-2.94484091,-3.29393959,3.3065958,-1.2178266,-0.03743982,-0.12241775,-4.08340025,2.83206511,0.10250317,1.59809256,2.88252354,-1.12364757,-0.20778108,-0.41304523,0.43184984,-0.90949064,0.51110756,-1.52110314,-1.64139831,-3.56859493,-0.74741507,0.72291821,-0.78618348,-3.63066745,-0.20278275,-3.49030113,0.36941874,-1.93934011,2.27917671,-0.05847383,-1.45512438,-2.29383802,-0.59991312,1.10592425,0.23530328,-1.42941618,1.52738523,-0.07267645,2.06686497,-0.78348154,b'6'
1037,-6.7333293,-1.4680779,1.54876304,-0.5372085,9.43263721,-2.74169183,7.05154705,-3.54068065,-5.48186731,-8.57734394,1.70101559,1.86707401,0.09966445,4.76633883,-2.6577425,3.54149294,0.77498221,-0.73923022,-2.57822609,-0.11716914,1.74375224,-0.07682592,3.57129192,-0.54019094,-0.60820222,-3.06514406,0.52810991,-3.33314037,0.5198555,-0.9336195,-0.49524987,0.71666574,2.6695447,-0.5536719,-0.17578709,-1.19122636,3.63454556,1.13082576,-0.47834432,0.44099575,-0.88811326,2.43330407,-0.60862583,-0.47308284,-0.7907387,-1.20059252,0.06164847,-0.8667047,2.18691373,1.21141315,0.28844315,0.18313295,0.22669458,-1.59587717,-0.1537177,-0.5527035,1.22282076,-1.75854552,0.89684933,-1.66895366,0.10180824,0.42756355,1.62380397,-0.45852402,b'6'
1038,-7.60122585,-2.11305046,2.20669055,2.69521213,6.66490889,-0.29275179,5.83375359,-0.58379555,-7.71043921,2.02950406,5.82407284,5.41097116,-0.4911437,1.46248496,-3.90806389,-3.03268003,-3.21172571,-0.09683663,-3.72077632,3.78473473,-2.25627971,0.01399261,5.73243666,-0.04043531,-0.72707069,-0.96206415,1.10814416,-3.31384897,1.26791906,-0.2091186,-1.25036633,1.70898008,0.74099612,-0.07668144,1.77788258,1.27902949,0.03894758,-0.97732395,2.0510869,-1.20651197,1.67443585,2.77636862,1.89619088,0.28637624,-0.95537627,0.35203063,0.21905532,-1.68155885,2.02894354,-0.89205217,1.26617432,0.16903889,1.50142026,0.35310435,-1.2158339,-1.99913764,0.59519696,0.34039313,0.48183471,-1.77438962,0.03952815,-0.32885107,-0.14653677,-1.43894911,b'6'
1039,-4.65552759,-2.14785719,2.34981751,4.71338701,5.0396862,-6.68387222,-4.16900826,-2.52973223,-4.24712801,-2.40716648,5.12889767,6.87395191,-2.59634995,-1.7341404,-1.71945477,-0.52101731,1.9289248,-0.39758188,0.13729084,5.64612055,0.46138883,-1.46658993,-0.50646627,0.57229805,-2.56681585,-1.6925565,1.60803568,2.19953871,-1.61416912,-0.89747858,-0.85892165,1.13060474,-3.30528903,0.31284767,0.06601059,1.91527462,1.09110355,-1.56138539,0.99726933,-1.74809432,1.00627136,0.47473162,4.50737619,-0.77873021,0.03356051,-1.33034313,0.04759018,-2.22901702,1.12057757,-1.58234441,-1.03483987,0.06721491,0.52249122,0.57662988,0.6438787,0.84346569,-1.78809738,0.79080963,-0.92045838,-0.99681842,0.52491623,2.069134,-0.66384524,-0.51753962,b'6'
1040,-9.13967133,-2.00016403,4.32669926,1.48059916,6.46022892,-3.11631131,5.94551182,1.77203751,-5.73443556,-2.11858654,5.38040876,7.13048458,1.94795251,0.85090619,-0.35705662,1.37709367,1.71163011,1.11187124,-4.56184101,2.07820988,-0.13765968,-1.26817441,8.14163494,-0.34320426,-5.17371702,-3.68571305,2.91531563,0.20770609,-0.1495266,2.38813686,-0.00140226,2.12210226,-2.82930827,0.11606139,2.17128944,-0.61735785,0.1714294,0.5381757,0.31087494,-3.14294481,-0.41829473,1.08865035,-0.36240703,-0.04295332,-0.98870695,0.0428683,2.76344037,-2.33102727,2.57601166,0.56378448,-0.15551303,-1.21396828,-0.35032678,0.27423918,-0.47041911,0.53326607,-0.94263482,-0.54116762,0.53617305,-1.15339804,-0.29761198,0.33391255,0.14056307,-0.15692872,b'6'
1041,-4.72712183,-6.7174387,2.81314778,0.35669473,4.23501348,-4.68672943,0.11403894,-5.8468914,-4.53458548,-2.2435236,7.15397406,4.52640581,0.86526012,-0.42445692,-3.48439455,-2.90223789,2.02270865,-0.6902225,-3.01982784,4.48627567,1.58393025,-2.87013531,4.7009635,-2.06593943,-5.91974974,-2.1218369,1.57649457,3.28106308,0.35638165,0.07205653,-0.56392777,2.48189545,-1.75478017,1.31122935,0.77793407,-0.07074109,-1.05442917,0.45100898,1.09975767,-2.36954618,-0.54455209,1.10017049,0.69925785,-0.48203796,-2.21905661,-1.29696488,-0.1030658,-2.34357858,1.96722603,0.38148236,-1.29592979,0.3896074,0.06554604,-1.45714116,-0.15042394,-0.26224059,-0.38351226,-1.10389864,-1.39286244,0.21939373,-0.31388107,1.02085257,0.23249257,-0.06557662,b'6'
1042,-3.91422987,-2.20768309,-2.64364362,4.03158283,6.81272411,-6.28672981,5.65719032,-1.06732464,-9.51782799,-6.15293503,0.11465502,2.37022758,-0.2555027,-3.40660119,-2.90668964,-0.7786417,-0.30987167,0.20511413,-1.08329487,-0.83553445,-0.66653669,-0.76559013,3.28053808,-1.57153261,-2.33657146,-2.22949362,0.49962604,1.43561244,0.75986695,0.22479391,0.12924767,1.60193396,0.50143516,-2.35078359,-1.39126253,-0.33584073,2.26150393,2.33213186,-0.78315842,0.83744836,-1.15128207,-1.41154552,-3.61100292,-0.83729172,-1.77325809,-0.76657641,1.55755317,-2.69111085,1.33402777,0.26762885,-1.02495193,0.82888138,-0.24014211,-1.21928239,-0.28864294,-0.8211574,-0.06200409,-0.71277767,-0.21024966,-1.71435833,-0.02335964,-0.74392182,1.63968956,-1.23527122,b'6'
1043,-5.02406454,-4.92635393,3.47355771,0.32452199,7.91908836,-3.75809216,3.44009113,-3.83117366,-6.60963106,-4.40530777,3.26499128,4.18615389,1.38091087,-4.09704161,-2.31810856,-0.4714396,0.54370356,-0.80200827,-2.83037949,2.81888723,-1.28260684,2.18230176,6.72176504,-1.27846706,-6.7393713,-2.11067319,2.26158762,2.43698263,0.2054801,0.36735404,-1.72428739,1.24503493,-0.53741378,1.0230999,-0.94865167,0.68997574,0.86799216,1.35261834,0.13290942,-1.14987564,1.91838384,-0.79811984,0.21405056,-1.3326422,-1.93332016,-0.60390186,-0.84019649,-0.44339919,0.83364946,-0.48052707,-1.61983347,1.10590386,0.11233616,0.33670759,-0.79226822,0.3365407,-1.63702011,-0.25196749,-2.55016518,0.80021155,-0.44789392,0.58336395,0.26238716,-0.11678041,b'6'
1044,-1.45020163,-2.01298642,-0.47050041,0.61734664,3.79676294,-2.8081224,-1.27714586,-4.30035019,-10.42640495,-3.3299911,4.83764076,4.59235096,-1.1685915,-4.38804722,-4.34169769,4.2467885,-3.77018881,-3.54144955,0.57504857,3.03155613,0.77454424,0.9404304,0.89579606,-3.14621663,-3.04406643,0.23348725,-0.14594311,2.47565985,1.59875989,-0.25446081,-1.04864585,2.60906219,1.66601753,1.03046513,1.25002325,1.77093637,1.27744675,3.74003005,0.54127204,-2.34725332,1.33046269,-0.21745057,0.93402302,0.13685295,-1.0783211,-1.31014645,0.81068677,-0.95641398,-0.47417769,-0.39168686,-1.12660766,-0.57550406,2.56447792,-1.81876493,-2.78482342,0.13113374,0.41372609,0.81399709,-1.97018218,0.48989165,0.01278801,-0.0768024,1.35828197,-1.45397997,b'6'
1045,-8.54869175,-3.17481995,3.14712954,0.71035385,6.80375528,-2.2048254,0.44793534,0.42405784,-5.90370131,-2.93796873,5.33834982,5.39214659,-0.30085278,1.72812641,-2.56047773,-1.83369756,0.40799189,0.56356645,-5.51191998,2.10823107,-3.03999472,1.049981,4.54671812,1.35784483,-5.84667253,-2.49261665,0.58294964,1.72160935,0.09636164,2.78889894,-1.90677416,2.1295743,-1.64427042,3.11650562,2.09585524,-0.69455147,0.32156253,0.05339754,1.78962648,-1.93925846,0.83450305,1.21994817,1.54720151,0.21917208,-0.0312084,-0.09191947,1.28888142,-0.18398499,2.75396156,-0.76738435,-0.20802288,0.21624094,-0.49095511,0.32111073,-1.63976932,0.41037834,0.26938057,-0.28677201,-1.44358349,-0.85423392,-0.3565644,0.6622929,0.36447775,0.1171599,b'6'
1046,-7.45711231,-4.85637665,-1.75361276,4.81719112,8.48786831,-6.02762985,4.74411058,5.48513985,-5.66301489,-4.17830372,2.54673243,2.17330885,-1.93766546,-0.98900241,-4.98598576,3.94209743,0.4385879,-0.50798124,0.4943524,1.14571738,1.41218007,0.31967729,2.80741882,-2.03519702,-4.27955532,-1.50565422,1.49323618,2.82632518,2.25880861,-0.38063389,0.88932598,0.7680285,1.98453605,-2.65353608,-1.45768666,0.48075294,2.34645581,2.86431336,-1.02952564,-1.02966571,0.47529233,-0.43783498,-2.07964134,0.58146751,0.26662147,-0.94176513,0.61133254,-1.47115159,-0.09390062,0.0406388,-0.35513228,1.12542605,-1.00802827,-0.03348827,0.03284281,1.19225323,-1.25371552,-1.50034785,1.80600572,0.27596319,0.19251414,0.29867953,0.05361772,0.45177209,b'6'
1047,-2.69341373,-2.04020405,-0.85896593,6.90147209,5.62003756,-5.3850193,-6.36332512,-3.55465388,-3.280334,-1.78228295,5.28675795,3.54031801,-0.25797403,1.67610788,-2.65594625,1.72292042,2.71681571,-0.80115414,0.2576763,4.53289223,1.82370663,-1.03680563,1.35966122,-0.59338641,-4.25875616,-3.48382401,-0.48934475,2.18977952,-0.18024874,0.46614742,-1.37149036,0.60043621,-1.96779335,1.8497057,-0.27093971,-1.063151,0.50775576,-0.95600456,1.38761628,-2.16221333,0.1797955,0.83727485,2.51590419,0.9664678,0.11168444,-1.57784772,-0.21048589,0.22283292,2.56983876,-0.60445875,-0.75743711,1.74411118,0.48356724,0.29095542,0.86029541,1.3317771,0.85557675,-1.29420507,-0.1964151,1.04401839,-1.24071479,1.47802019,-1.69122601,0.0397079,b'6'
1048,-7.38813305,-2.72255397,-1.42510176,2.9138298,4.81658649,-6.49572563,6.50962925,3.17866826,-2.89338827,-7.82767582,-1.90276146,-0.65416026,1.61174655,0.41797125,-5.17703247,1.3387239,4.51972008,3.20815492,0.39501071,-1.50067639,-1.12895668,-0.36542469,3.70048189,-1.21660662,-1.19333172,-2.09068966,2.56183386,0.87647307,0.11834621,1.3201369,-0.20158589,-0.09951353,0.13711844,-1.32328081,-0.18021619,-2.71928453,0.25194168,4.02069902,-0.94255817,1.21386158,0.95717549,-0.70454043,-2.03778124,-1.23658752,-1.31494844,0.5494656,-0.69506061,-0.79440022,0.40986717,0.84673321,-0.08965419,-2.47567797,0.3031292,0.64273584,0.07446283,1.94021273,0.05686927,-0.3284331,0.4468208,-0.25072271,0.82366318,1.56393385,-0.10277158,-0.68601406,b'6'
1049,0.79279411,0.64385915,-3.05309653,3.98503089,7.53521347,-5.16122532,-3.60583448,-4.44809723,-5.41528082,-0.59184062,3.26568675,6.65019512,0.37013787,-0.40273809,-1.70970297,1.82837868,6.2056036,-0.72087789,3.22592044,2.21148539,-0.56116617,-0.04923677,1.38531435,1.07284212,-2.31771278,-1.91159189,0.0671494,-0.40023965,-2.54424572,-2.61158943,-0.84240162,-0.70002711,-0.83412534,-1.15101027,0.09023046,-0.02147678,0.17781353,-1.10367894,-0.30484211,-0.13437626,0.78295147,1.0883404,2.32941771,-0.2667731,-1.54777062,-1.53257632,-0.01925488,-2.00904059,1.42497706,-0.10184729,-0.84309125,-0.60245633,0.19426227,0.11558557,1.75556767,0.13973844,-0.69257307,1.00698471,1.43964815,-0.77556038,0.1842448,0.09397238,-0.76170361,-0.87022865,b'6'
1050,-2.50872755,-5.20039892,-0.96439058,1.47140002,9.36860371,-7.03616524,0.28372407,-3.12018132,-6.12319517,-4.31260777,3.14859223,3.36254859,-1.45887375,-0.87652951,-5.04736996,2.06946731,1.39550352,-1.41489959,1.76379418,2.02085495,0.52632272,-2.04206896,2.70769191,-0.85528088,-3.84512043,-1.00150406,-0.43716645,1.26873565,-0.23854399,-2.1891017,0.85374033,0.39214277,-0.3832764,-2.62214351,-1.67069674,1.16063702,-0.28932071,2.93028665,-1.69875371,-1.25444221,0.39374733,-0.68216681,1.40080619,0.94409871,-1.43035161,-2.31120968,-0.0188916,-1.89835477,1.72522259,0.45957196,-0.9581598,0.33968183,0.05260539,-1.62522888,0.10398901,1.85639119,-0.56236529,0.73925549,-2.07878876,-0.17440498,0.14124326,0.09199232,0.49639034,-0.83478326,b'6'
1051,-7.83900642,-2.30386353,-0.73609167,1.55847144,9.04537296,-5.19258213,5.74245548,-0.81755579,-6.56227827,-6.21931601,-0.355165,2.66591597,0.23133898,3.04495335,-1.24431467,4.14745951,1.73715091,0.51407242,-0.04337135,1.47039795,-0.22983877,-0.60291547,3.27349281,-1.17632401,-0.92487395,-3.25111365,2.2899456,-1.76936316,-0.08900976,0.16226447,-0.49388778,-0.28196049,1.93307018,-1.98506379,-2.3354311,-0.83263719,1.65155339,2.37810969,-0.23880625,0.74785912,-0.6856342,1.27241707,-0.78217196,-2.3265245,-2.27041769,-0.36015069,0.32502806,0.36784792,3.06899786,2.2185235,0.43996412,-0.31297296,0.12919593,-1.29289174,-0.76046509,-0.41728994,0.26428962,-0.71234369,0.79768878,-0.83603394,1.10462022,1.045295,2.60448217,-0.52211332,b'6'
1052,-0.83543944,-3.44998741,-2.758986,-6.38747549,7.738451,-4.27776146,3.2704854,-7.06655598,-5.3103385,-7.21456575,-1.28325558,-0.60398746,-0.29176211,0.19691452,-2.24487209,5.71102047,0.30054545,-0.11943609,0.0370875,-0.9879359,0.95533097,1.13754332,3.11106277,0.32590771,-2.84370852,-1.80277324,-1.41005635,-1.54543114,0.29214668,-0.93023694,-1.66541541,-2.0282433,1.06217372,-1.01390028,-4.1663723,0.19606176,2.57658505,1.72916079,-2.31003571,1.60810399,0.64963889,0.1802173,0.5150618,-0.85422158,1.55869937,0.83896726,1.41266942,-0.24230266,-2.19748569,-0.11171484,-0.68910748,0.87122881,-1.26767302,0.47182816,0.28544122,-0.48284149,-1.18059778,0.81436312,-0.76327455,-0.88412392,-0.37008661,-0.59251595,-0.96907258,1.28621662,b'6'
1053,5.01229,-0.83400154,-2.49823499,-6.09755898,0.19675732,-9.11463547,1.82859385,-2.11384225,-3.11048079,-2.03926945,0.21802521,-4.69065571,2.24678421,0.19279349,-2.35328817,1.6802206,4.91133976,3.85281587,-0.04274637,0.22426248,4.05032349,0.31016642,-0.16644153,-3.63857293,2.19708061,0.96779066,-1.05947566,0.70427287,0.54159975,0.3115257,0.26564825,1.96938658,0.88959336,-0.5987938,-3.05857635,1.2848407,1.02233863,2.85429311,-0.87025726,-1.01059747,0.65144408,2.08066535,-1.30192351,-0.76095343,0.75230908,-0.02116467,-0.36777198,-1.443506,-0.40785074,0.41960144,-0.59342861,0.52401417,0.02252817,-0.79532337,0.97636616,3.5817728,1.08944774,0.25186139,-0.42913201,0.41135573,0.24387746,0.63579816,-1.83527446,1.61920333,b'6'
1054,2.75288486,-1.89047742,0.88289571,-8.14636993,4.76667738,-8.81633091,5.17904854,-6.50970364,-3.25207567,-1.91878867,0.19438934,-1.96918654,2.49516487,0.29365778,-2.05066872,1.22374225,0.49688029,1.29674721,-1.48353088,2.02142811,0.66199487,0.93202013,-1.36247861,-4.14370346,-0.17535105,0.31037363,-2.64777184,-0.77980161,0.84912372,-3.2407465,-2.00731897,1.48695278,2.36342502,4.18556261,-2.48190331,-1.67491972,3.09712148,0.63263178,-1.87268388,-2.25295067,2.44799519,-0.30535984,2.15618563,-0.92303509,-0.45207763,-1.44601893,-0.9558531,-0.3632791,-0.02080104,2.24098778,-1.13672936,1.64320695,-0.03790617,-2.40374994,0.50417244,-1.03725708,-0.44203353,-0.32768518,-1.07384956,-0.36024785,-0.29554877,0.36341965,-0.52547711,0.08536945,b'6'
1055,-8.77285957,-3.86785793,3.4730835,1.93677974,8.26536083,-4.55267048,4.45666027,3.0246377,-4.92409754,-3.35537863,3.67696524,5.48113251,2.99544835,-0.37507924,-2.4795475,1.63669825,-0.25877273,-2.32425833,-1.73423266,1.97834635,1.00196338,1.80790281,6.36453104,1.2339325,-3.83450365,-3.41064167,2.7671299,-0.37597299,-0.86694765,-0.65278053,-1.50368869,1.20776892,-1.04499507,0.14201206,0.30699873,0.62800455,2.08502126,2.5946188,1.11674595,-1.12819004,1.06547284,3.79090834,1.2178129,-0.53576815,-2.6354599,-0.5888477,1.28822339,-1.67896533,4.13500929,0.59552348,-0.38917673,0.24015361,0.1663456,0.85883874,-0.05405515,-0.16958547,-0.70543218,0.10930873,-0.31270519,-1.8209753,-0.5701676,-0.17744628,0.49475861,-0.66050422,b'6'
1056,1.89781797,-1.46823883,-5.10690641,-5.45874405,2.11253881,-7.49421597,2.67243886,-4.69041157,-1.76097393,-4.16268349,-3.43527031,-5.36768627,0.94420671,-0.01888607,-2.50110579,2.96023846,4.81053257,3.37010884,-1.5223062,0.65833974,5.41748142,0.89915842,2.42251134,-3.52092028,-2.0091176,0.5450201,-2.23757505,0.89093924,1.75711894,-0.11175317,-1.69879901,2.26156425,0.50046539,0.78950274,-1.54457712,-0.06267014,1.11947751,0.72601795,-0.75173581,1.30925977,-1.23067796,0.66141319,0.99794853,-0.14422503,0.93037969,-1.19330585,1.29229558,-0.39433885,-0.30990809,0.21216547,-2.04484701,0.79324228,0.25532055,-0.33102512,0.39521754,2.25635433,0.10032105,-1.42203009,0.28637278,0.4390676,0.02893634,0.12222821,-0.36198029,0.67732555,b'6'
1057,-1.74278378,-2.71095443,-2.02804422,0.5507766,3.10848045,0.19941843,-6.13526917,-2.89163423,-7.68779325,3.99518538,2.10283756,10.70253754,1.29326093,3.59779382,-2.40088797,1.83873785,0.58287668,0.23769104,-1.87848473,5.05487776,1.17989635,2.0377295,2.7713604,0.96950817,-2.08826065,-2.3311553,-0.93037486,0.22468698,1.394526,-0.04051638,-2.85603619,-0.66205049,-2.18332076,2.61506581,2.47070503,-0.19773653,-0.07577157,-0.21123296,-0.26293623,0.43656451,-0.50871748,-0.30065805,0.51187444,0.70737344,-0.26443708,-2.91351938,0.4819169,-0.17687917,0.92855114,0.28535187,-0.99782658,-1.6084621,0.54215205,-0.19880569,-0.24085051,1.680058,0.70005035,-0.02881789,0.01309282,-0.40810382,0.80130321,0.28774089,0.84066212,-0.15043789,b'6'
1058,-6.64786863,-2.86137342,6.65338659,-0.25707892,3.88235998,-3.80811286,-4.29490948,-6.21204948,-2.84874249,-1.26330006,3.74364185,5.53350353,0.65120924,-1.06142437,0.19764805,-2.2743721,-2.76974082,-4.46923637,-4.21608067,6.42564583,-2.38076591,-1.46333456,3.45116305,-1.33729744,-4.00673771,-1.36653376,3.68934441,0.45191276,1.56477618,0.80301118,-1.03494418,2.85230732,-0.48231435,0.52994084,-1.50580311,0.78837276,0.84085989,-0.8822605,2.97210169,-1.43634605,-1.43597031,1.48783302,0.09816609,-0.83384883,1.84149408,0.48366725,-0.57438797,-1.55018735,0.77112603,-1.34874976,-0.50592041,0.16007423,2.25101614,0.598162,-2.9513998,-0.318174,-1.07206798,0.45382506,0.76683658,0.76630366,0.02654596,0.22157264,-0.19346941,1.1667974,b'6'
1059,-7.59630013,-6.96129131,-1.24125743,4.45942974,5.30476713,0.58146179,1.85206628,1.00931931,-3.55801916,3.71878195,-0.09409952,7.2457819,-2.32504773,-0.82457423,1.17434144,-2.29272699,2.65702987,1.63264012,-4.73169518,1.91591215,0.52905768,-1.33844638,6.19105005,-0.37255597,-4.30860138,-2.50783896,1.10922837,4.10645437,1.79280043,2.69450235,-4.17232656,3.18134308,-1.41192591,-1.17155981,2.22997236,-1.28059471,-0.9898181,-0.07986158,-1.24979222,-0.31173295,-0.96398461,-3.33769321,-2.74751234,-1.88691604,-0.56579947,0.20035845,1.63646805,-1.12979198,0.67892629,-1.06184113,2.50122976,-1.80503631,1.61413908,0.33477008,-0.06284237,-1.4654572,-0.54158545,0.57088464,0.07579654,-0.89227593,-1.34230781,0.05702063,-0.08577681,-1.07396722,b'6'
1060,-7.05918217,-1.79199481,4.17733479,7.69377899,0.53633857,-5.53930569,-4.27752304,-4.74737453,-3.00164461,0.0641405,4.40747356,2.03743982,-0.05095994,-4.92959166,-1.56307411,-3.15669584,-0.25754201,-1.5491699,-2.40218186,2.94080257,0.93728495,-3.14135933,1.32902229,0.27726603,-4.49644756,-3.01789784,3.11489201,3.30540466,0.76386809,-0.15808284,-1.08141863,0.58812666,-1.86508179,-0.05589551,1.48812258,3.55091453,0.12142467,-0.99961263,3.32286549,-0.75687611,0.05253053,0.85619575,2.16547966,0.12998325,0.61373043,1.09102571,-1.15832257,-1.48378921,0.09827381,-0.37518835,-1.44806361,-1.21323335,1.17428041,-0.50297344,-1.10830069,0.93379176,-0.28637409,1.32104552,-0.15115693,1.56003153,0.83021444,1.26791692,-1.64584494,-1.19254041,b'6'
1061,8.48808575,-0.20035219,3.00794339,-6.44874954,-0.11369139,-2.37355232,0.21095705,2.36011386,-6.36610079,0.21429616,5.48571873,6.90887356,3.07742071,-3.40921998,-2.34193039,1.64044082,4.20680904,2.36689639,-2.74767661,3.65540314,0.09547382,-0.54037958,0.80373716,-1.58027101,-1.87371564,-0.61282468,-0.69816405,1.45638299,0.31752801,1.62339461,0.52431571,0.97909904,0.61934823,-2.63809681,-1.96627784,2.11746383,1.28749895,0.55775511,0.97097087,-0.21467239,0.70928717,1.78014028,4.40545034,-1.66036654,-0.64897025,-0.22786319,1.31030476,-2.55961442,1.65792465,-0.7073164,-1.43523705,-0.6219722,0.9057225,-0.55320096,-2.84883976,0.60161948,0.94333196,1.30275857,0.19056302,-1.26080549,-0.60177231,0.00321287,-0.4192597,0.93539476,b'6'
1062,11.57824707,5.12440395,3.28328514,-0.13862951,-1.73791718,-1.25453591,2.17186499,-3.5222075,6.23461246,-0.02912974,3.10054183,-0.16608167,4.66530991,-6.3082304,-1.21418285,5.07356739,-2.34229088,2.00281978,2.93467236,-2.42887378,0.84625471,1.05134892,-7.98424959,0.40399361,2.70024109,1.85292816,-0.10488087,0.39487135,-0.66892004,-2.92263031,-0.52453578,2.18395519,1.77752221,1.62793016,2.49543834,-1.42289233,-1.56918037,-0.77653378,2.1614089,-2.30857134,0.78393257,1.50744569,-1.06688976,2.38533354,1.95316958,-0.89920205,-0.6495108,0.56199408,-0.45336509,1.62682164,-0.00574252,1.92465281,-1.97242665,-0.33244824,-0.32202822,1.33635974,1.6008122,-2.02722692,1.69484758,1.01722109,0.53021163,-0.71257144,-0.33947796,1.01660132,b'6'
1063,3.12576866,-3.59008789,-6.94047976,2.15252042,2.4439826,-8.58554268,2.95707369,-4.67473221,-2.16788912,-5.07786322,0.25801063,-0.10995483,2.30941248,-0.23907962,-3.70716524,2.14731479,4.41640377,3.54939818,2.00743413,4.06459904,1.98372841,-2.60261583,1.78641808,-2.92570114,-1.56890869,1.74440169,-0.61122525,0.62986743,2.92121649,-0.30206472,-0.27409017,1.09751272,1.00774395,0.31452751,-2.83741117,-2.39939237,0.56409121,1.54849601,-1.3282131,-0.35292614,-0.37530589,-0.74501717,-1.96116483,1.81013346,0.85514295,-0.81512529,-0.11532839,-1.09991193,0.10504606,1.44438398,-1.46373737,2.1733861,-1.20513535,0.46037078,1.21972549,0.96440661,-0.44349217,-0.19468273,1.04277134,-0.46213979,0.13815151,0.74735802,-0.69472504,1.45352709,b'6'
1064,-8.84993649,1.39695787,2.85426903,4.30780029,5.92415667,-4.10453892,-1.64209986,2.41979551,-5.50246572,-1.54159713,6.68112516,4.93754101,-2.0270071,4.03757763,-1.06673956,-0.32635808,-0.4166044,-2.09759045,-2.8261559,2.85372591,0.12252504,1.81919777,3.32849908,0.02649975,-1.55757618,-3.83092475,1.50594473,-0.75901556,-0.3838625,2.64675665,-2.79481077,0.90074635,-0.51677072,2.57219076,2.31972837,-0.76252723,0.95340824,-0.66485184,0.48906469,-0.87054169,0.8979919,2.09437561,2.34543276,1.48210168,-0.62212992,1.42205036,1.58768308,-1.49273276,2.91416717,-1.19549072,0.41325143,-0.7790302,0.78092766,1.80495465,-1.92732096,1.57316732,1.38207269,0.57924712,0.21145761,0.07604337,0.274804,-1.1354568,1.15860009,0.07440987,b'6'
1065,-7.1268425,-3.5304985,-2.66161013,-1.70947897,7.41690636,-1.22698021,2.39946127,-5.16041088,-2.55237198,-0.83408105,4.61601782,5.20759296,2.54659939,-2.95437217,-2.98030901,-4.17409277,-0.24478984,-0.83413494,1.06246519,3.46211338,-1.6103518,-1.59059215,6.39597368,2.49577475,-2.639359,-4.21906948,-0.01339796,-2.34998035,-1.36873102,-0.30119371,0.64527893,-1.21540201,-2.07245564,-1.26409173,-1.12210202,1.19004023,-0.18358517,0.20529443,-0.53687656,-0.49730456,-1.84567881,2.76855397,1.26808178,-1.10206211,-1.2321955,-2.16187644,0.82219589,-3.69323707,0.95625728,0.35018444,-0.0966716,-1.80913091,0.44134641,1.10615909,-0.84567863,-0.27113926,-1.27152014,0.53357077,-0.06983405,-2.57453632,-0.55360574,0.4540844,0.33035636,-1.02081108,b'6'
1066,5.40232849,-1.88879633,1.59613681,-5.73095655,1.32981145,-0.53389108,-6.31541157,1.50890613,-3.71920633,0.42083317,6.80788851,6.70142317,4.15455198,4.57495308,-1.22279596,3.19209456,3.03017592,2.28277493,-4.08160639,2.08172703,-0.49546635,-0.72915095,0.94422746,-1.42035067,-4.56059361,-1.85790193,0.08512259,1.06506491,-0.37277794,4.43325329,-1.82322824,1.07053661,-0.49629956,1.49157572,0.34398264,1.05586219,0.11193705,-0.23587471,-1.69969785,-1.49361193,-0.38521957,0.25247461,5.13434124,1.39262605,-0.58808088,-1.49087119,2.18160343,-1.34323764,2.1886034,-1.21322286,-2.21556592,-1.16456902,0.60677493,0.24588621,-1.7803936,2.1806519,-0.58753371,-1.10876012,-0.99376357,0.71246445,-0.74874985,1.13375735,-0.48892251,0.02117617,b'6'
1067,-7.73005247,-4.0517416,0.17216206,0.53025711,8.50398636,-2.89628434,0.74713826,-4.76509857,-6.35663939,-2.05789781,5.89156055,3.83112836,1.0698036,0.83072221,-2.76037264,1.31303287,-0.56443238,-1.92109239,-3.26190209,2.75510168,1.25017667,0.27829283,5.22441769,0.58983088,-6.11953163,-4.46761417,-0.86116624,0.1586802,-0.31342649,1.67170775,-0.82549369,-0.36677003,-1.39080119,0.6323415,-0.73001587,0.0804069,1.23910236,-1.28054142,-0.36395752,-2.08051968,2.01888442,0.6915108,2.09086394,-1.0253135,-0.8850199,-1.3923049,1.01071584,0.1040957,-0.05370292,-1.09268343,-2.36299658,-0.05285162,-0.57993245,-2.00311518,-0.49353117,0.50838614,-0.66986823,-0.86232364,-0.46481949,0.88765931,1.01501477,0.47665,0.23756385,0.17810303,b'6'
1068,-5.95598555,1.9187398,1.76612735,5.16580343,8.11906147,-3.66993451,2.93231249,0.38657993,-1.50896883,-9.71753788,4.39120626,1.41055059,-0.79917622,1.84000337,-1.85331297,1.61272359,3.14669299,-1.75217986,-2.88333845,0.58639836,0.85041952,-1.85666275,5.90794325,0.48784804,-3.18641567,-6.10822916,2.68030167,1.1662848,-0.71138763,2.32309771,-0.13639557,1.36721373,-0.1752106,-1.52535653,-0.99694002,-0.59600627,1.90614581,0.92876017,0.87242466,0.24649876,-1.21610928,-0.04491039,-0.42737693,-0.5512625,-0.59654462,1.65274715,0.63412398,-1.21617842,0.05138314,0.58548748,0.49689507,-1.15582252,-0.51270485,-0.0241245,-0.4263801,0.50411975,0.58424354,-0.24061285,0.5721516,-0.20771438,-0.69485086,1.18867183,0.9898026,-0.11380247,b'6'
1069,-0.78019089,-1.67938089,-4.09914875,-2.13184857,8.54802513,-3.8620646,-5.11236668,-3.42411971,2.60112286,2.06148624,3.33244562,4.53254557,0.14237309,6.89052582,1.77289772,0.24701715,0.6303277,-2.3192668,-1.07831931,1.61831832,2.41099906,-5.63134289,2.23570609,-1.95841479,-1.87469685,-4.31727505,0.99477029,1.54846144,0.91739655,1.2752136,0.19868994,-2.10412884,0.2499917,-2.69014311,-1.6723237,1.27849412,3.06666017,-0.23535472,-1.50613463,-0.32014179,-1.12686217,3.86388278,1.12692428,-1.32060909,-1.28572118,1.09573996,0.10356237,-2.41350102,5.01124573,-2.58081532,2.46942258,-1.66137362,0.29618382,-0.70222712,0.37328762,-0.52978408,0.90275037,0.95373267,-1.13576186,0.22521257,0.70173413,-0.40849733,-0.591061,-0.92328978,b'6'
1070,3.49871016,-5.11037159,-0.95407659,-7.10515738,1.00638962,0.74454772,-4.03783512,2.74472332,0.34745502,1.84725595,4.51747417,9.37308216,5.03914785,-0.39195862,-1.74513388,2.07743788,1.7660737,-0.00929791,-5.00583458,4.27663755,-0.65163314,-1.65811968,0.03551488,0.05167317,-3.00488758,-3.96529531,-1.39102364,3.0539031,-1.58353233,4.46390629,-2.19479084,1.22757649,-3.58246636,4.38496256,-2.46475983,0.3448469,1.20061421,0.35829717,-0.13061488,1.21160388,0.41594195,0.35241663,5.04940891,1.45005941,-1.34260094,-2.07112217,1.39294386,-0.83909583,1.079072,0.6545018,-0.0901186,-1.74366188,1.66956699,-0.46865928,-0.78999561,0.57736504,-0.8820622,0.19566947,-1.31890917,0.16593814,-1.27268779,0.92950386,0.0690335,0.82219386,b'6'
1071,-10.77328491,-4.77508879,2.28031707,2.60525513,4.74865675,-0.13878882,0.12948966,1.62442064,-4.54884481,4.41455173,3.27541184,5.71062708,-1.76744199,3.17138529,-0.57845354,-3.34926081,0.85132027,2.74756455,-5.1521225,1.35311151,0.73804444,0.19184655,7.16683769,1.97815847,-1.76233947,-1.76646233,0.88661122,-1.19535792,2.54290962,1.52216899,-3.97750568,1.04786611,-1.959764,1.48889446,4.41273975,-1.41996205,-0.20343971,-0.51205081,-0.18464398,-1.81552339,-1.39765573,1.8020649,-1.16034412,0.88444668,0.10467482,-0.29950792,0.4502089,-1.562608,1.35589337,-1.90916193,1.707708,0.01280981,1.49030459,1.36666608,1.03383589,-0.1133467,0.28853154,0.66066152,-0.57646364,-2.80118489,1.57368541,0.15460235,0.1731649,-1.15824258,b'6'
1072,5.25963402,3.14726162,-3.79950809,-8.47757149,3.94577217,-5.72951603,1.13509488,-4.32825756,-5.25426817,-0.41002706,6.04512501,-0.17907357,2.41296768,-1.98643005,-0.35523796,6.0516367,1.2936604,0.47362065,-0.22137523,0.52938175,1.52442646,-0.74678653,4.21960735,-1.4554857,-2.68882179,-4.05997562,-3.44158983,-0.0426718,0.05908632,-1.41940629,-0.68382585,0.27738953,-0.79090202,0.62348628,-1.4549489,-1.8689934,2.75408912,1.04772997,-1.92633903,0.94388378,-1.75032258,-0.88125485,1.29737329,-0.93405026,-0.40172827,0.04658078,3.7629838,-1.72616696,2.10103774,0.30529618,-0.24953775,-0.8300482,-1.14331985,1.4827925,0.80032253,-1.07228756,-1.21921372,-0.00430228,-0.98725295,-1.79428124,-1.09310102,-0.02155191,0.28189623,-1.40243316,b'6'
1073,-1.53909516,-4.10704279,0.56427604,3.30027723,5.88271999,-8.12461376,3.34544182,-3.04120278,-7.1899724,-6.13124847,0.9730792,2.34297633,-0.30076993,-3.4174757,-3.98663139,-0.30733299,2.15685201,-0.23582453,-1.79771364,2.72607756,-0.11605339,0.65463603,3.23297763,-2.49985075,-4.22212744,-0.65537363,2.10808897,-0.52098501,0.25509858,-0.04010165,-1.41182292,1.06447601,1.3773365,-2.65637016,-3.61674094,0.20478214,1.77332902,1.91417468,-0.10463667,0.61773002,-1.34588099,-0.52137518,-1.817101,0.54380214,-0.81957245,-0.26619869,-0.37111616,-2.44926763,-0.78322631,-1.06515908,0.23817933,0.97886133,-0.89431453,0.97867668,-0.00468343,-1.37970185,-0.41133618,-1.68248725,0.21231604,-0.61647552,-0.79290539,-0.56929213,-0.64963537,0.40378693,b'6'
1074,6.57396555,-2.67281413,0.4831571,-6.02004576,1.73150003,-0.6116271,-0.9072752,1.78279364,-5.17174196,-1.44471037,7.90666008,2.38349152,5.47402811,-0.5015381,-5.51568985,2.91776347,4.25638962,0.8954047,-1.53436923,1.76403046,-1.31129694,0.39129466,0.07903355,-1.79024816,-1.76504076,-2.88894868,0.68257296,0.21823895,-2.64008904,0.96045017,-0.97519004,-1.39319861,1.06479347,-2.77392554,-3.56825757,0.33002642,1.5306313,2.00285435,-1.53768194,0.43478864,1.3328166,1.59249198,4.73707485,-1.7684077,1.1962049,1.16465271,-0.86668742,-3.49366736,1.11397243,0.27853853,-0.31504571,-0.83485341,1.46526623,-0.01024044,-1.42900777,1.22103965,0.87549043,-0.73699945,-1.00356054,-0.61224246,0.51100844,0.66081792,-0.4364441,0.38720632,b'6'
1075,-0.80532706,-3.94594049,0.38060975,-1.43849289,5.11090708,-4.48836994,6.08769369,-6.37387466,-4.85761023,-1.5667696,2.38067985,3.85790753,2.95300102,-4.09106636,-2.13861322,-3.82329035,1.73814011,1.75614333,-4.89349556,3.02008533,0.68913174,-0.36929005,7.82617855,-1.80200791,-6.14658213,-1.35764241,0.40174872,-1.77597761,-0.71323252,0.40893936,-0.41762674,3.5508213,0.50557733,-0.7100516,-0.63710618,-1.97573125,-1.38602626,-0.00170231,-0.47630203,-1.89346051,-2.39776564,-0.79113489,0.99939984,0.08687757,-1.34368479,-1.57754207,0.50244987,-2.85122132,1.99300337,-0.14599884,-0.27505308,-0.30811262,0.56763351,2.00637293,-2.04844332,-2.27196121,-0.13983798,-1.53358197,-0.75343907,-1.97820878,-1.51242828,0.23878455,0.16725665,-0.48075756,b'6'
1076,-7.45969057,-0.47302938,1.83795023,4.49897146,5.98288298,-2.66565228,7.71489763,-0.38139796,-2.56045055,-4.60832882,2.78860307,3.72296786,-1.43275905,4.12496185,-0.53511858,-3.85477924,1.1957159,0.58640373,0.2348268,4.30307198,-1.22396076,0.81027687,-1.14310992,3.36206245,2.95095348,-3.17077804,3.97916746,-3.24643302,-2.35827446,1.44323194,-2.36158752,-2.18515611,1.14795005,-1.69128895,-0.36404085,0.51839101,1.87668014,-1.54277444,0.47547781,-0.62219894,1.42905307,3.42055821,1.27173316,-0.11896159,-0.98767197,0.56585991,1.52914584,0.71516216,0.5820449,-0.01618844,1.5925914,1.10872591,0.49819863,1.74241221,2.03008986,-1.46099234,-1.91432619,-0.02578078,1.42113686,-1.72604537,0.35008156,-0.71964407,2.16254759,-0.777879,b'6'
1077,4.39176846,-5.04715824,-0.60619193,-3.42121029,3.7574501,-0.03572989,-3.16538954,-1.86317182,-8.61139488,3.05286169,8.25942707,4.21243048,3.73364544,4.12237644,-0.62525225,0.28068411,-2.35059142,-0.38914591,-5.19351959,2.07007408,-0.68709552,-0.9613542,2.56044817,-2.25833464,-4.08068705,-1.76797056,-0.22642073,0.03166592,1.22128391,2.07155037,-1.67442024,0.92720628,-2.21124125,3.83045554,0.34244823,-2.04199052,1.79728675,1.00428486,2.2594862,0.84204459,0.16630936,1.36572683,-0.33054489,0.84033442,-1.41474831,-2.36834621,0.95498282,-0.60530448,2.77894402,0.57498705,0.50153565,-0.69856346,1.99895382,1.63442516,-0.58416897,-0.89204657,-0.90144205,-0.27331483,1.16427946,-0.35923094,0.0107048,1.84209108,0.9599117,-2.15811706,b'6'
1078,-3.96517992,-4.55288887,-1.15619516,-1.54192054,6.32635832,-5.92171955,7.47505379,-3.46456409,-5.7796092,-4.31159401,-4.00935268,-1.68977857,-3.73531675,1.30052757,-5.03830433,-1.88603044,2.214463,0.99447823,1.67118049,-0.6973598,-1.64097214,1.27240372,3.2332809,-0.78553009,-1.4343611,-1.5061816,-0.02974063,1.73720694,-0.53724384,-0.01309454,-1.56971872,2.12337208,1.40132606,0.38295823,0.00174266,-2.91122746,-1.58411312,2.75274968,-0.438151,0.63595927,-2.30706263,-3.03882599,-1.99019504,0.33386523,-1.00994027,-1.50442636,0.65691561,-1.55432248,-0.00844942,-1.39644969,-0.44913739,-0.77814126,0.94916368,1.38632894,0.29506445,-0.63767755,-0.12140727,1.05609298,0.89495581,-0.35432833,0.45789886,-0.48653907,1.6600858,-0.47082224,b'6'
1079,4.3841939,-1.64152312,-3.84613085,2.64346457,6.25611639,-4.98111439,-3.92907381,-3.98596549,-3.08667612,-0.8877821,5.0757618,2.97584486,6.04416752,-1.63078213,-0.83434439,4.99897528,5.48405552,-0.03137112,2.66516638,2.58384657,1.56242192,-1.56753373,3.63471127,-1.07044828,-3.46285486,-0.44001177,-0.6793533,0.06917238,0.03880358,-0.09219623,-1.29226649,2.32735205,-0.52982008,-1.16994953,-1.2982738,-0.56150365,-0.64577973,0.01395667,-2.10164499,-1.84252906,0.32515788,2.09937429,0.68574065,0.08951561,0.30098593,-1.15791106,-0.48705167,-1.59655023,0.8202607,1.00553596,-0.62594157,1.75255358,-0.5923667,-0.02475309,2.85997987,2.28590393,0.72170949,-1.99754512,-1.80652428,1.99501622,0.36604273,0.40262562,-0.52738929,0.62508392,b'6'
1080,-4.74409533,-5.21108389,2.00269723,0.15784159,8.71073151,-4.83574677,-1.57395506,-5.39844799,-4.63958216,-2.72680402,6.41408539,3.43440843,0.14090049,4.02699137,-3.63585901,0.82350099,0.1273905,-3.32511187,-0.60726845,4.00435638,1.8542881,-0.18267256,3.11167693,-0.18716764,-3.49614477,-4.18015957,0.10236037,1.0791378,-0.52976084,-1.08919179,-1.53713596,-0.27509737,0.15133004,1.07764828,-1.68696833,-0.34173957,1.68544841,-0.68969291,1.2172693,-0.78727376,1.65226841,1.32632637,4.20957613,-0.36526549,-1.01428807,-1.59887528,-0.28589725,-0.70906377,1.03727984,-1.03771639,-1.44329202,-0.31399083,-0.72941947,-2.10587764,0.2715134,0.55729496,0.24279833,-1.42493105,-0.18758014,0.26275992,-1.24676347,1.37664127,-0.0106377,0.09395336,b'6'
1081,-0.32082009,-0.82803321,-2.1805377,-6.67572784,4.62760687,-6.53257275,5.75237083,-3.99000573,-5.3022666,-5.5263176,-5.11192369,-1.22162986,-0.00811934,2.01190257,-0.9775176,1.50315082,-0.43620586,1.77893639,-3.47932315,-3.565485,4.67381811,6.34133339,1.33682644,-1.73687577,-2.5232048,-2.18948746,0.46161354,2.56711507,0.49326873,-0.98884118,-1.44653451,1.53544807,2.56694102,-0.15270799,-1.56713891,1.56381845,2.95518708,2.59368515,0.73344177,0.1711849,0.43331611,-1.31941354,-2.33638501,-1.22391081,0.15029562,1.02640557,-0.75649083,-1.01284695,-0.03640009,0.86515176,0.4038831,0.03312522,-0.28386211,2.24849701,0.83942175,-0.05837125,-0.91432333,-0.20622645,1.25325513,-1.12005794,0.03949012,-0.75887054,-1.09158289,0.43127212,b'6'
1082,-8.06015015,-2.08624649,4.91311979,4.31891251,5.04903078,-5.4556551,1.90793788,0.8540436,-4.61926508,-6.16448879,5.42149734,2.78033972,3.80848551,-1.97548187,-3.03230095,2.49657631,2.17661476,-1.51442671,-0.49280497,2.31572437,-0.07355984,1.11090863,4.2973485,0.44709396,-3.39793253,-3.81977415,3.69863415,3.7263341,-0.4372716,-0.5284819,-0.31167948,1.88523912,-2.24962854,1.6390357,0.50753903,1.13609207,0.54365444,1.38204384,1.96613073,-0.42701191,2.90983939,-0.44523215,1.81986523,0.10702784,-1.43155158,-1.16463625,-1.88942921,-2.88475823,2.00390244,0.49252582,-1.5031575,-0.37558079,-0.4215517,1.14313376,0.32956827,1.11129069,0.73656607,-1.33288229,0.50250703,0.85797179,0.28270662,-0.98109442,0.75604451,-1.20418644,b'6'
1083,-7.84096909,-3.68643427,-0.71027488,2.38395596,7.32342052,-1.67529845,0.41100383,-1.03927326,-1.40352058,-4.71737242,5.60833168,3.96411276,1.18049979,-0.08121478,-2.92081928,-4.25652409,1.68957281,-1.05400574,-0.76586282,3.0824914,-0.6553911,0.79693532,4.85556412,4.16424322,-3.17319107,-5.80607462,0.83477819,-0.14649385,-2.2517314,0.00322449,-0.28319681,-1.22865558,-2.78562021,-1.20136595,-3.0366118,0.56573665,1.63952136,0.55783147,-0.07069874,0.24949354,0.66098607,0.96958333,1.59099233,-0.87954998,-1.17134058,-1.38237786,-0.38694793,-3.45701814,-0.22371437,-0.02572435,0.21699393,-1.38031125,-0.3474071,-0.04045618,1.38868785,0.88801777,-0.42687154,0.12172244,-0.07303023,-1.25710452,-0.33100539,1.07775831,-0.86348969,-0.68705326,b'6'
1084,-4.32964659,-2.13975954,-0.54807442,-5.67255116,5.01136446,-4.44389153,7.97961712,-4.74485683,-4.95201063,-5.04317284,-5.94806957,-1.73722863,-0.57519186,1.95010555,-0.60142803,1.12422156,2.03835607,3.92898297,-3.09028602,-3.00573707,2.49718928,3.50207853,3.50757504,-2.713902,-1.67216623,-4.3696785,-0.13053787,0.48154688,1.04482055,0.43863642,-2.25174999,2.59662962,0.8282088,0.63648677,-1.40066814,-1.22924924,0.87768292,0.87062883,-1.5835067,-0.82719308,-0.43809295,-0.21517079,-0.92824733,-1.9579885,0.5397442,1.08656359,0.04322965,-0.68678284,1.94706011,1.38446367,-0.15881829,-1.1519177,1.38208258,1.27048719,-0.78683442,0.29658699,-1.22263503,0.48349345,1.69346714,-1.02305841,0.62276435,0.60498124,1.32076895,-0.0328185,b'6'
1085,6.40416527,-4.99738789,1.01815617,-1.16543365,-0.91964591,-3.54872108,-2.5265007,0.62772566,-4.08951616,-2.94865584,8.05456734,7.10527897,4.83999157,-0.18924239,-4.20552444,2.27067828,2.69473767,-0.61663806,-1.68550754,4.97508049,2.44385576,-0.41789573,-0.8581475,-4.26171494,-2.70654297,-2.04714966,-0.20610103,4.0882616,-0.22872019,3.96479082,-3.78837013,0.73641968,-0.23878576,-1.22774673,-1.32464981,1.65547585,2.48188329,1.73991227,0.58362961,0.03719527,1.9508605,0.61148739,1.98458993,-0.21772912,-0.23175848,-0.07807004,0.71719998,-3.11139703,0.2602953,-2.28490496,0.84818101,0.57282269,0.51275563,-0.19377983,-0.31567699,1.1837306,1.50849175,-0.58776665,-0.57519341,0.52901971,-1.34975719,0.15734613,-0.70418942,0.58302629,b'6'
1086,3.83074856,-6.8409729,-0.93751746,-1.14556873,5.82006836,-3.02554345,-2.26520634,-4.06590176,-5.97787046,1.68152142,4.08825397,7.26447964,6.53091145,2.9369669,-1.13600111,-1.11853242,3.15058255,-0.33537662,-1.45631635,2.46174765,0.40143567,-1.48784304,1.47142422,0.34319735,-2.96566391,-3.23907542,0.35173929,2.05195093,-0.6550436,-0.63009745,0.13713801,1.12662625,-0.87941062,2.1620574,-1.66139531,0.33233216,1.34560895,-2.18531394,0.40218246,-0.61472338,1.0223093,-0.09753557,0.74171448,-1.54573643,-0.1883105,-0.10457905,-0.49189329,-3.52314115,0.81081933,0.0735001,-2.08007169,0.10128862,0.07836747,1.03233969,-1.66818929,1.48077917,-0.50530171,0.10497437,0.85631102,-0.64091814,1.06917548,1.16666746,0.17945671,3.18056703,b'6'
1087,11.28402996,6.4879427,1.83648705,-0.54831278,1.41399038,-0.37474072,-2.22217035,3.26218843,9.8742981,-3.22355413,2.15464449,3.75906658,3.33218837,-6.73671532,-1.58086729,5.05568504,-1.41407502,3.10416055,-1.27490211,2.64407063,-0.40265852,-2.51229739,-4.90726709,-1.98569763,2.92610931,2.00012469,0.0802294,2.42137861,0.77005863,-0.31347883,1.05513668,2.52550888,-0.37544149,-0.17795056,2.69969845,0.52890855,-4.52904892,-0.94508654,0.01422763,-1.91362286,0.88063669,-0.17659391,-0.98870325,1.76058197,0.64993823,-1.32378459,0.00255691,1.46238863,-0.55549407,0.81542861,0.40752536,0.7247594,0.27351427,-0.87785697,-0.22661227,-0.5177269,0.53509951,0.13221821,0.2974804,-0.81806314,-0.93902522,-0.49809527,1.55107939,1.07446134,b'6'
1088,-7.73937273,1.42645168,0.93954372,-0.19965456,5.39012098,-2.20520711,1.29659295,-3.71893191,-4.67287874,-4.20707846,6.58186388,4.47610474,-1.85492778,5.49549389,-2.57889509,-2.55436373,-1.45054209,-1.99304879,-1.49796772,3.78093433,-3.21334815,1.11409903,4.80112696,1.57672834,-1.67037749,-1.95415771,1.41787589,-3.80375671,-1.30067205,0.44641542,-1.50130069,0.53641391,0.85642219,-2.12512374,-1.09121919,-0.04202834,1.04985166,0.22192419,0.66615939,-0.66851896,1.37817168,3.00841689,3.35548067,0.70670551,-1.60758221,0.84685713,1.24415672,0.26973891,1.41867566,-0.16025394,0.00548939,0.0572685,0.18884301,-0.05057752,0.42579365,-1.1361866,2.3183651,-0.83158034,-0.50425959,-0.04363835,-1.54189038,-1.24925542,1.17117059,-2.21697521,b'6'
1089,-3.92397785,2.05720043,-2.92953324,2.91993952,4.59745598,-7.57112503,2.39613771,-3.36094975,-3.85009813,-7.79407024,-0.57278824,1.20944095,-1.14197302,-0.78630257,-2.61985588,5.95324469,3.30920815,4.76008606,-0.02907056,-2.78610992,0.00738116,0.97537935,4.45031166,-0.24999189,-2.52078938,-2.99385619,-2.05796909,-0.07712376,-1.37340498,-1.25615692,0.26669407,0.61299229,-0.49289262,-0.37436444,-1.91259003,-1.73531878,2.91624379,2.93557286,-0.78709543,-0.14016643,0.7535063,-1.03362811,0.39147422,-0.64219368,-0.54189062,1.7804718,-0.10186927,-2.77568173,1.38390589,0.59831214,0.32945544,0.76901114,-0.44687724,0.35932577,1.39021015,0.99947536,1.50007999,0.46191841,-0.98375797,-0.02534258,0.43185139,0.99206847,-0.28248602,-0.1542469,b'6'
1090,-2.85101509,-4.09351826,-0.36132473,6.55655718,5.3964386,-2.92196727,-1.71657848,-1.50928807,-9.8901577,-1.80691743,3.71406007,5.18822098,-0.12550163,-2.5321393,-2.00833559,1.87240386,-0.47672665,-0.27196121,-2.44339609,1.40618825,1.81103301,1.25545466,4.11160564,-0.81210971,-3.87411833,-2.87090898,0.33670616,2.4012785,0.53349543,-1.10913348,-1.37354457,3.21596527,-0.95472282,-0.87988287,0.23689979,-1.00774729,4.42655087,-0.63532585,0.94017267,0.21222955,-0.63252717,-1.52615905,-0.27124727,-1.13011789,-1.16483414,1.42742932,1.94912469,-3.88537765,0.16456398,-1.63644004,-0.98156536,0.56701654,0.46496272,-1.32789969,-1.09232664,-0.2811324,1.24263477,-0.81548899,-1.15884709,-1.4724226,0.54478955,0.44518363,-1.11056662,-1.03500748,b'6'
1091,-1.50122678,-1.0294292,2.47041082,2.29045916,4.6631217,-5.79329872,-2.77005291,-7.09836102,-6.33074236,-4.60994959,4.91790009,4.7137351,1.50004184,-6.21158409,0.22831583,3.50640869,0.52637744,0.69240344,0.0257248,5.66082382,-0.6687206,1.01136792,4.11830711,-2.31419134,-4.71183062,-0.37622792,1.29627752,3.40072632,3.00070381,0.20634031,-2.40572023,3.14047813,-0.10336916,0.82503504,0.65647429,0.57937169,-1.08836865,-0.15087718,2.13644743,-2.29780626,-1.76483345,-0.17749284,0.88704932,0.1713613,-0.58602679,-0.3556422,0.72814208,-2.65709805,1.04951501,-1.3063525,-1.26230717,1.68793547,0.93259895,0.60168827,-0.53615123,-0.13614666,0.95509565,-0.44355446,-0.23193535,-0.63207519,-0.16740885,-1.48171186,-1.51672244,0.42659914,b'6'
1092,-9.08042622,-3.57219601,0.96746314,6.25147057,4.20898581,-1.40737414,-3.71113396,1.79957056,-6.89048624,3.26168728,0.3197813,6.098279,-2.1499927,-0.1843197,-1.28362894,-0.2896359,2.48503947,1.04988956,-5.00291348,2.1566391,-0.67481196,-0.53791302,4.14625168,1.08480334,-1.6248492,-0.34226963,0.32925725,2.73939466,0.05052423,-0.48647922,-2.6962781,2.45490456,-1.17198098,1.50899923,2.93831754,0.88678336,-0.22327662,-2.97983217,0.48708904,-0.10626855,0.40841162,-1.25194776,-0.04941767,-0.78082049,-0.72636223,0.23958075,2.15172982,-0.77960753,1.76309919,-1.99782121,1.78680515,-1.74899864,0.46418095,0.39723217,1.44206524,-0.91271281,0.29235721,-0.00221051,-0.52730894,-1.2153244,1.31619203,0.07988799,-0.18578976,-0.52511042,b'6'
1093,7.88941908,1.2252841,-1.49724627,-8.7755127,2.34455347,-3.67539477,0.79425979,1.0038867,-6.07141256,-4.14241838,5.47523785,2.44188786,0.89397061,2.2189064,-4.30965805,5.07462692,1.69099879,-1.93822837,-1.93374598,2.36049747,1.38427186,-1.12467647,1.58457637,-1.1556232,-3.95897293,-2.3225913,0.25318885,0.85330892,0.98385143,0.87178791,-0.99467933,-0.30502462,0.75332654,0.33035934,-1.75727391,-0.2310032,2.39274287,2.38785267,-1.89799011,-0.27019829,0.01638889,-0.05948706,3.2396543,1.23167038,-0.51221097,-0.8310979,0.51569802,-1.50277734,1.92750764,1.15354359,-1.93437028,-0.28960633,-0.68020201,-0.87140298,-2.27191401,-1.01677322,0.08734465,0.16434947,0.53763336,-0.91624427,0.16159801,-1.59885669,0.37741983,-0.42375222,b'6'
1094,-7.73646259,-6.82210255,2.00967503,0.63948429,8.68777275,-2.47236085,-1.85262871,-1.81789875,-2.30773163,0.33249354,4.49970484,5.56777477,0.68812734,2.32376575,-1.75921059,-1.401721,-0.98565108,1.72415686,-3.87399864,1.04011536,1.83706784,0.71979213,9.21893406,1.62092733,-6.35077238,-4.32284307,0.99080586,1.03589392,-0.03393936,0.4532752,-1.40785754,0.90391684,-1.495327,3.49798203,0.28151113,-1.18058825,0.58947253,1.1656673,-0.95721662,1.01355529,-1.86094475,-0.2259116,1.15634704,-0.87517524,0.14813983,-0.90620345,2.46573424,-1.29933953,0.79994172,0.75570273,-0.38353181,-1.01504242,1.20230591,0.90275002,-1.33321095,-0.29909039,-1.21473074,-0.49266922,-1.18412971,-0.4834584,-0.12533599,1.080338,-0.13587081,-0.82355058,b'6'
1095,6.65310621,-2.94895339,2.35547853,-5.76904583,3.04446888,-0.80467033,-4.72406387,2.0546205,-1.90925789,-3.03974509,7.61817169,4.77979279,2.94250774,2.11176848,-1.40405607,4.88541126,4.03223324,-0.43911421,-2.63873458,4.32234955,-0.46519202,0.00471199,0.28156173,-2.6998117,-3.21405649,-3.89366937,-0.87834203,3.02720737,-0.28443289,4.07087994,-3.74543953,0.75393677,1.23636293,1.80335605,-1.97177577,-0.01971778,3.2431438,2.26635218,0.99054056,2.07257438,0.52845275,-0.59383619,4.76994991,0.73683101,-0.3685137,-2.27300978,1.47592604,-0.41274858,0.76124471,0.46898401,-1.0350045,0.24146464,0.5254854,-0.60442281,-0.98630399,-0.2468195,-0.02047777,-1.54176807,-2.95565081,-0.24622256,-0.5324685,1.03407907,0.45464551,-0.14162183,b'6'
1096,1.53775537,-6.89886904,-0.80490547,-1.46867943,5.13588572,-1.90700126,-1.93320084,-6.12908459,-5.2946887,-2.15509272,7.69267654,4.79708052,4.87763929,2.63833523,-2.17921352,0.68873906,0.6942668,-0.68928456,-1.84051669,3.27490902,4.25837803,0.74930871,6.39305353,-0.41855168,-3.79300356,-3.01093864,-0.21792588,0.65794742,0.18346596,-0.34818247,-2.79311228,1.26660848,0.61196703,1.76088274,-0.68396902,-0.48200914,2.57666373,2.47373319,2.60065937,-2.27534127,-0.65491176,1.550771,1.49236965,-0.77724564,-1.27222455,-1.27887988,2.63573122,-2.63636231,2.74025226,0.08286321,-0.08474939,-0.60380375,0.49572301,1.15203989,-0.31292802,0.76378441,-1.49230337,-0.7827906,-1.84274173,-1.39298463,-1.30788016,1.07078695,0.48797119,0.61225086,b'6'
1097,3.37593651,3.50134754,0.48323935,0.20570615,-1.43408656,-6.32581234,3.22216344,-7.64225864,-3.2306571,-0.7788744,2.81676483,-2.27757335,2.25944662,-9.7732439,2.11294317,-2.19400501,0.43379831,-1.32737219,-2.26183629,-1.2360996,2.40982914,-2.93888211,2.02235675,-1.10220206,-3.95612192,-2.25739813,-3.77032995,0.58026028,0.77204323,0.9454267,-1.7769047,3.55730152,-0.6550684,1.63645566,2.96912265,-0.64202929,1.21023846,3.22283387,1.47963345,-1.55069554,-2.30210114,-0.42085177,-1.71553636,1.71878588,-0.40704679,-1.66190267,0.433846,-2.13927913,-1.1330117,-0.27021331,-1.30182624,2.13139248,1.09905243,0.26347792,0.77745205,-0.1899035,0.11728263,-1.14481699,-0.41376552,1.74401248,-0.14384258,-0.68340081,0.03641093,-0.17080995,b'6'
1098,-4.29583597,-1.87490749,4.31114721,4.6876173,5.88024187,-3.66119075,0.12634015,-2.4274509,-10.33361626,-2.7821722,4.42405748,7.43750811,-0.17309523,-0.36435193,-1.94807291,3.85145807,-1.12541509,-1.39220119,-2.39611816,3.85571527,2.23610854,0.60915709,1.19162142,-2.05805826,-0.70126963,-2.07591176,1.04149473,-1.02206039,1.26955986,2.37357903,-1.16159809,1.06985545,1.16059744,-0.45487839,-0.45390522,-0.51572609,3.0860126,-1.29039145,-0.25180137,-1.2939136,-0.10648715,1.69149029,1.35915601,-0.91173166,-1.10599649,0.29632622,0.47775608,-0.78017831,0.55895269,-1.34292519,-1.54721892,-0.68339038,-0.14370084,-2.2452805,-2.27423477,0.75288653,1.53396773,-0.54646456,-0.3645376,-0.1864236,-1.40180016,1.42202449,-0.92735952,0.89411765,b'6'
1099,-0.20137382,-4.02567339,-3.08961654,3.93062615,2.88693428,-7.5533886,-2.67011881,-4.01613998,-2.04526949,-4.34797525,5.07554626,2.24540234,1.95405841,3.05045605,-4.5611763,2.54901385,3.7526257,-1.47398043,3.2333467,5.28778028,4.60931063,-1.40939045,0.4372687,-0.88497448,-3.12213564,-3.05738473,-0.3348763,0.93108165,0.76050925,-0.10263443,-1.36099446,-2.29991841,1.72081423,-1.88195968,-1.4019711,0.12409973,2.20952725,1.67473936,0.18650818,-1.82342684,0.94048429,2.60747051,0.03682132,0.47520036,-0.46477222,-0.68778861,-0.2529937,-0.74032521,0.80772394,0.8614459,-0.50197417,1.5432179,-1.13418102,0.3401283,1.14836299,-0.23824137,0.99109304,-0.90317094,0.1508314,1.05805695,-1.55770457,-0.66601419,-0.24429524,0.25567952,b'6'
1100,6.70463896,0.31393504,-0.07067591,-9.00547981,1.22012365,-9.26566696,1.96486294,0.74909431,-3.92932749,-1.05100572,2.11313963,-2.49100614,0.98012257,-0.77776474,-5.08794308,2.15761471,1.62161183,0.09435189,0.37791216,0.17655349,4.11271143,1.91078472,-1.29337621,-4.42483616,0.28775805,-1.98910642,1.02025235,0.89753413,-0.26577854,-2.09862041,-0.31003416,0.95755124,1.24105704,1.00624859,-1.61224437,1.81848133,3.10464835,3.34295416,-0.04293013,0.72698617,0.41836894,0.63246524,-1.243137,-1.08331978,-0.83599949,-0.83289313,-1.14955139,-0.91420102,-0.42358786,-0.0581373,0.01984455,0.85791993,-1.00807619,0.54643863,0.08810776,0.32908463,-0.22707605,-0.08829954,-0.56177294,0.01814389,0.36020845,-0.65558767,-0.29374295,0.28310058,b'6'
1101,0.50824535,5.8182106,-0.99506193,11.97351074,6.78877401,-1.26642871,3.52687216,-3.87319684,-0.81622934,-4.22704935,-0.35033989,2.0765481,-0.06082499,2.45034885,-1.09952879,6.28924179,1.08069062,0.05574799,-0.91954821,-2.11989117,1.43047535,-0.41929477,3.20296478,3.05158472,-3.04415369,-2.57967043,-0.31178206,0.60552287,1.1162293,-0.69756848,-0.56022322,1.11756158,-0.48820019,-2.01915526,-0.02940559,-0.49077383,1.73685479,-0.37956506,-1.01996624,0.19289863,0.04256499,2.34145284,-2.24017549,-2.05296278,-0.31470442,-0.98742539,0.86069787,-1.02476406,2.53012252,0.22527772,-1.1152494,-0.27703589,0.55984843,-1.9029839,-1.31580377,-1.29224181,-0.86604929,-0.68927085,0.20006871,-0.5368278,-0.12498885,-0.48843884,0.77329326,-0.78819633,b'6'
1102,-2.92427182,-2.10716677,-1.09329748,-1.74685848,3.81418085,-2.81431508,-0.62017298,-3.35047507,-6.7914958,-4.00263214,0.82024002,6.30945969,-1.80468822,-0.42108384,-4.58159828,1.47917974,-1.66261744,-1.08705544,2.30462646,5.75761032,-1.42313623,1.06958365,0.29219395,-2.69787455,0.8609724,3.60364795,1.69144046,-3.12689137,-0.67860651,0.60155427,-0.93492329,-1.10480475,2.59372735,-3.12149143,-2.38424683,-0.72684371,-0.47798038,3.38254809,0.40098405,0.0185433,1.37932897,2.12717271,2.85916018,-3.27854323,-1.95783746,-0.60306937,-1.01883578,-0.71543956,2.14408493,-0.07222039,-0.24218698,-1.67174911,1.46216679,-0.42543519,-2.12649012,0.10205323,1.1145736,0.14139062,-0.10336322,-0.35047108,1.05822325,1.08873057,0.01190197,-0.48497632,b'6'
1103,7.6658473,-4.28802395,2.3728931,-6.41798353,0.74132633,0.70308071,-4.1595273,4.49051094,-3.70002317,-0.12368089,5.82631779,7.33008766,2.05787659,-0.26898995,-2.42601538,2.65091968,0.26508689,0.66338038,-5.18345165,2.83661556,-0.98526847,-1.10958338,1.14698601,-1.65244937,-2.7380352,-1.9777149,-0.31593341,2.60070038,0.69683719,2.27417707,-2.45716095,2.77842569,-2.53613234,3.76940131,-0.71720541,1.10953462,-1.0469147,0.38927901,1.60526025,-0.64974511,1.03803778,-1.57516682,2.06231761,1.05773473,-1.71578705,-3.03536034,1.02753055,-2.44279408,-0.0476113,-0.13692439,-1.51092815,1.64109302,1.70434141,0.77257347,-1.38726997,1.43642402,-2.25319386,0.1575236,-0.71877372,0.92788017,0.04541944,0.92314011,-0.93401915,0.47964174,b'6'
1104,9.02806091,-3.75155902,3.43791509,-4.68318033,0.45206332,-0.73749185,-3.98125982,2.45637989,-5.26791525,0.75383031,8.3280611,7.92866325,0.92360103,-0.61011708,0.47235751,3.2105372,-0.80172384,0.00416207,-5.48416328,3.87392807,0.04503988,-1.51620674,0.02593236,-3.59772754,-2.78282166,-1.90942323,-1.29699063,2.79365754,1.48394036,2.52672386,-2.4814024,2.82451057,-1.00403297,2.57347918,-0.42639148,1.10627925,2.33111024,1.76638174,1.99657059,1.89627194,-0.21754152,-2.68564653,0.08273455,1.22883487,-1.11219609,-2.15956783,3.1923213,-1.9198544,0.89060754,-0.53976119,-0.90900612,1.78564858,0.62585604,0.52369171,-1.01900268,-1.41328001,-1.39066744,0.13615134,-0.54021299,0.04700494,-0.06935515,0.55760026,-1.2579385,-1.26762676,b'6'
1105,-3.68386698,-5.72758198,-2.35410905,2.81926966,7.54426765,-2.01070046,-4.06874275,-2.4419446,-5.83299303,-2.3161664,4.29243183,2.74560356,1.20571375,-0.89118344,-3.9510231,2.45400357,-0.33095443,-1.4166261,1.67690611,3.14013433,0.40667006,0.9270035,2.62618732,-0.44448733,-2.6306591,-5.17268753,-1.53711772,0.77116978,-1.1920557,-1.05414999,-1.65141451,-0.91350722,0.53948551,-1.22414207,-2.12399268,-0.22314939,2.95799232,1.57898617,0.05242407,3.47955561,0.07344723,1.26820421,3.58687043,-2.13379836,-0.00839281,0.95449424,2.181494,-1.98981214,1.30641627,-1.37816846,0.91350901,0.75767249,1.59936726,-1.55574965,1.48119712,0.43452227,0.9007076,0.18323699,-1.57701731,-2.23233604,0.6162132,0.17148364,-0.15886641,-2.11402678,b'6'
1106,-2.60369015,-8.63736916,-1.46687198,-2.93384266,8.42655182,-4.14281559,0.76206899,-4.75094795,-0.36236095,2.45501781,5.00054741,2.2703712,4.90248203,4.47144508,-0.82031107,-2.0812006,-3.0167501,-4.11175919,-1.25122094,3.83620453,1.36160254,-1.0171032,2.75072265,-0.27150226,-3.74953365,-2.53005242,-0.748905,2.33772016,0.76582551,0.30320895,-2.88273907,-1.7700088,-0.32075483,-0.34511441,-3.0522964,-0.95935476,1.86769032,1.54864895,-0.30984199,0.72587001,-0.47248727,3.88985181,1.43104362,-2.82653618,-1.73048985,1.07708299,1.91005599,-2.12573266,3.94755626,-0.1079042,1.28609324,-1.8488965,1.41552806,0.74001914,0.20943886,-1.12372661,-0.07616138,-0.08597025,-0.62459785,1.0577091,-1.31471145,-0.48592371,-0.75412095,-1.45608008,b'6'
1107,-3.40467405,-3.49213576,5.4558816,1.73530889,2.57002878,-2.82754493,0.93452549,-7.04297256,-6.9092536,0.2963177,5.86286449,6.82854891,-0.31521666,0.30522233,-3.01340437,-3.91602993,-0.87489057,-2.17729664,-3.85676861,5.17131519,-0.55472028,-3.35168982,3.83658767,-2.35102892,-3.68883371,-2.25793719,1.28346837,-2.80709743,1.08412647,-1.07292414,-1.34051502,2.7376709,-0.08728497,1.21248019,2.37716556,0.77263761,1.00517201,-1.49865794,1.70545161,-2.16702652,0.67195511,2.60325575,1.63488197,0.95795745,-0.04709399,-0.02481993,-0.03160636,-1.02063107,2.01309896,-1.01834261,-1.3444308,-0.41118121,0.29488921,0.08459413,-0.93062717,-0.13411808,-0.33130598,-1.11127102,0.21205902,-0.30748296,-1.11369908,0.51777899,-0.31944531,-0.58818394,b'6'
1108,3.24222279,-2.31053352,-4.14546967,-4.55886745,7.83463669,-1.14303184,1.86420524,-4.91322803,-7.67123652,-3.51741695,1.80539155,1.688344,-0.89568734,1.71862173,-2.37680674,4.62160492,-1.81074464,0.88705063,-1.63095355,1.85300159,2.34094357,1.02015519,1.57182038,-0.99056911,-1.93967879,-1.66239011,1.38562381,-1.65616298,1.93690085,0.61525059,-0.85911477,-1.86289406,1.86944294,-1.82829762,-2.56245828,2.36952949,0.33500862,5.45474958,-0.44940674,0.45722264,-0.48128134,4.71941566,3.24053073,-1.56380033,0.07246661,0.5892489,-1.40708995,-0.33452964,1.3496058,-1.57704365,1.07032609,-1.58915663,1.25437915,1.51547742,-1.26363015,-0.44493008,-1.38832474,1.53349137,-1.45841837,-0.5602259,-0.63945478,0.65585893,-0.0241034,-0.53320098,b'6'
1109,8.03285027,-5.21879435,3.43708038,-4.86615992,-2.03834629,-0.54045081,-2.1250639,1.97548866,-5.1802516,2.24372625,4.22686291,7.63358498,5.86239243,0.54167843,-2.79757404,-0.73140097,0.35829258,0.44664598,-6.91650486,2.26711893,-0.6823281,-0.40863758,1.4083097,-0.0132432,-2.16215324,-3.07146263,-0.92897147,1.09541416,0.26300192,0.02914691,-3.72834206,3.40656424,-0.30550402,3.05824494,-0.59206784,0.00712952,1.72756124,0.2261374,-0.04881239,2.27756214,-0.97862703,-0.84479374,2.08218026,-0.10474312,-1.33494508,-1.52159286,1.16174853,-1.7701962,-0.40992761,-0.78276157,-2.34634352,0.16098934,1.39001358,0.41837484,-2.40483141,0.67896998,0.93328679,0.28486514,1.32334423,-1.23551846,-0.96700346,1.18930912,-0.31860465,0.8443923,b'6'
1110,-5.44205332,-0.11285543,1.75071645,3.03934026,4.85756063,-0.33182895,2.74690795,-4.71245575,-10.2258091,1.16396189,2.97292805,4.25954628,-4.13195658,-2.95900154,0.67561221,1.61499429,0.95137,0.37590051,-3.19872332,1.716537,-1.79282141,-3.0372529,6.70372391,-1.37269783,-3.59296083,-1.0898,-0.91375911,1.29560208,0.51974654,0.87697244,0.49563217,2.87728691,-1.30929744,-0.60434252,2.64432883,2.52977896,1.22015905,-1.60639715,0.19928968,-2.85546565,1.49683118,-0.63460791,0.17844798,-0.09161622,-0.07071555,0.36016941,0.79853737,-2.12313581,-1.65080929,-0.02444327,-1.96114087,1.31740427,1.09160829,-1.29331779,-0.8820706,-0.02556509,-0.03640676,1.14687014,-0.93768579,0.2515198,1.55176497,0.28510702,-0.23064733,-1.7721858,b'6'
1111,1.93046653,-5.36951256,-2.24234962,-2.29203033,-1.59313726,-0.45876992,-4.60127163,0.0989219,-2.42155027,2.07607412,6.33122253,7.00788879,4.36505795,0.74511427,-3.35165644,2.62620282,3.66572499,0.32471943,-1.82057619,5.9929266,1.05031419,-1.12258768,1.24296188,-5.1452651,-5.5813694,-3.95295405,-0.68741697,3.10307407,0.12633443,4.01754427,-4.3876071,2.43889713,-2.24783754,2.4463048,1.94621778,0.49841008,2.09574199,-0.75214249,0.00911319,0.62258446,1.32011294,-0.76326078,2.23140645,-0.19950134,-3.20013952,-1.47337377,1.3246671,-1.33769751,1.19875169,-1.26288784,0.53167784,-1.59557271,2.65894198,0.95899892,-0.74041563,0.06457937,0.43828249,0.16751626,-1.185642,-0.20172018,0.1740614,-0.18880686,-0.55156112,-1.04343462,b'6'
1112,-6.80977488,-6.95537138,3.49098015,2.91547012,4.04367113,-4.56367397,-4.64210606,-1.30093932,-3.82479811,0.18021417,2.88939714,6.4966197,-0.44296885,1.77079475,-3.16570568,-1.91640377,-0.01408005,-0.40087187,-3.02470398,2.90073395,2.56741667,-0.52469128,4.74772024,1.31107759,-2.09320259,-0.17419106,-1.06478548,0.36532676,1.58158565,-1.79505706,-4.22358751,2.59139061,-2.11800098,3.38856149,1.61790109,0.15543094,-1.01120901,0.82349157,1.71565199,-0.63686889,0.07211018,1.52056742,1.58245385,0.06727769,-2.33069277,-0.91652924,0.91676199,-0.74127698,3.79769683,-1.06439602,-0.55591732,-1.41619563,1.10522723,1.92307234,-0.02904636,1.43037581,0.63892293,1.52419555,-1.50506151,-1.25387621,0.6691435,1.34969473,-0.80613756,-0.06056536,b'6'
1113,-5.48996401,-3.24465036,5.07966518,-0.48957843,8.55647087,-4.21693897,2.98504496,-6.88874435,-5.41807127,-0.95156491,7.96167564,3.23367262,-0.65616047,2.72594833,-1.92242908,0.16539347,-1.29874229,-0.80680168,-3.60227513,6.7522459,-2.01684976,-1.09985471,2.95582175,-3.09048176,-3.75829887,-0.14555544,1.16447139,0.1573596,1.41386914,0.55030024,-2.16541672,-0.93599153,0.54715884,1.23045123,-0.7221626,1.48018253,0.79284763,-0.4109444,1.59798801,-2.29370642,0.08039498,2.25551677,1.34093177,-0.12052863,0.83185446,-2.01134801,-1.32398319,1.945081,0.68996876,-0.01698983,-0.17935477,0.6546014,1.01965117,0.39555526,0.63598001,0.75574708,-0.03864431,-0.55453366,0.47273487,-0.15452337,0.95097357,-0.54595822,1.30772316,-0.89986604,b'6'
1114,-5.51935244,4.22222471,4.24157667,2.31477618,6.30594349,-1.39360332,0.91013265,1.55974984,-4.13222551,-6.95406151,4.82297421,7.83233166,0.3144868,1.22677362,-0.52896643,-0.43474483,2.211447,-0.40316963,-2.76008058,-0.10766768,-2.04931283,0.53774548,5.97914553,2.36559629,-5.18415689,-3.73739457,1.56268895,0.79257464,0.77239251,2.11550045,-3.20261288,1.50797701,-0.64635581,2.12570286,4.60284328,-2.56347322,0.32290578,-1.78547525,-0.37069452,-0.99913263,-0.32063645,0.15120953,0.87048137,0.13346456,-0.45034468,0.21277136,2.41362691,1.21680582,2.77726436,-0.14169914,-0.90771651,0.84450066,-1.76896882,-0.17024374,0.04401606,-1.39198267,0.55643868,-0.89302623,-0.95083237,0.16866732,-2.35556936,0.45633703,0.77150619,-0.58988309,b'6'
1115,-8.72689438,-3.72015786,5.60458279,3.05885005,2.38799667,-4.03023243,0.39516902,-3.55001044,-7.73104334,-2.33072543,4.84994793,6.94882774,-0.3532722,0.4278143,-2.45339727,-0.86449027,-1.78806293,-2.23125505,-4.86446476,4.861269,1.68976355,-0.03880662,2.81944299,-1.75993752,-1.89204502,-1.44860125,1.16765356,0.83692122,1.81930399,1.4852618,-1.86653817,2.97719812,0.95390308,1.86744237,0.48828614,-0.11050138,0.19143105,-2.19562745,1.10230064,-0.96601248,1.10479999,1.00029314,2.21665406,-0.14666024,-0.86875331,0.15067571,1.01621461,-1.40454745,1.51019096,-0.5364719,-0.00571419,-0.30407572,0.62837851,-0.3235575,-3.01242304,0.06887251,1.3925668,-1.47424197,-0.04522938,0.12746143,-0.61681587,0.68327087,0.98444092,-0.42453548,b'6'
1116,6.77930975,-2.53733492,0.40080705,-5.71765757,3.99546671,-1.1171546,-2.58982897,3.45632458,-1.17307758,-3.0916729,5.75878716,6.37775517,3.86180186,-0.41914901,-2.27674913,3.01901722,2.76629376,-1.20005059,-2.60650086,5.63067055,-1.50764537,-0.53058785,0.11550109,-1.27243698,-3.31459856,-3.25321913,-1.9542793,3.97718811,-0.60479212,3.95133305,-3.81211424,1.27832699,0.25561947,2.36904573,-1.06177592,1.836393,0.58079934,3.93299603,-0.17482245,0.54897463,1.10280275,0.33245596,4.78479815,0.87132925,-2.18453598,-3.0778091,0.17253265,-1.33586073,0.68527919,-0.65548712,-0.75739765,-0.26238805,2.24368954,-1.53798819,0.12872654,0.80671358,0.01415968,0.63806319,-1.91768074,0.67970443,-1.11895978,0.91710943,0.30682576,-0.15008205,b'6'
1117,-7.83127451,-2.53052473,2.12645507,-0.66217029,6.3577013,-3.32960057,-1.33916616,-5.20558834,-6.05676222,-1.10028124,8.41691208,4.1003232,-0.66213357,2.20883727,-3.36085558,0.18575203,-0.74289012,-2.31294203,-0.98170841,4.54942703,0.50635999,-0.3390817,2.49399447,-1.74533188,-5.09772825,-2.7154038,0.08423632,-0.32248974,0.11518455,0.20488191,-0.33979166,0.91226912,0.56221378,2.17523503,2.3387289,1.8251785,-1.32798541,-1.21190882,1.810624,-2.58180737,2.43713903,1.16545832,2.23383689,-0.38655579,-1.63699162,-1.3818754,0.27342844,0.06369328,2.48683262,-0.53345931,-1.76460695,-0.66762102,1.12216365,-0.83057213,-1.13344145,0.73657811,-0.64796185,0.00088653,-1.22971618,0.49642789,0.29942977,0.27961916,0.56550145,-2.01344967,b'6'
1118,-8.47822952,-0.46836591,1.67263865,3.7458179,6.91534948,-4.93745232,-1.41510248,-2.56277633,-4.43686247,-3.26784635,6.26546812,0.89979434,-1.16824579,1.27330434,-2.00648832,-2.793468,2.05767965,-2.0796113,-1.40536427,3.44577122,-1.89898276,0.77143103,2.40110779,0.38350606,-2.36791801,-2.83036399,2.58515406,2.9168942,-2.62396383,1.0141474,-1.07550991,0.76273799,-1.27659965,-0.76202029,0.99059552,3.13042378,-0.83122683,0.60461932,2.25909734,-0.9317925,1.77424502,1.28966522,3.2262094,0.5242728,-1.65733778,0.58188915,-0.96645677,-0.15364003,0.65635467,0.17748475,-0.77968502,-1.20970333,0.41742826,0.13033056,0.19067615,1.01044667,0.26677895,0.03303911,-1.59187031,0.25687706,0.55156875,-0.02584127,0.84078693,-1.83752835,b'6'
1119,-11.46541691,-1.67347074,5.81846094,-1.20405269,4.64102983,-0.57836187,3.72320509,1.58931661,-3.57122564,-3.55818439,4.98838806,5.97647858,3.14535499,0.09538183,-3.52632475,0.78805816,-0.16166782,-1.77293277,-3.52772641,3.63769817,-3.28310275,0.61210084,6.33524752,-1.11329639,-3.92156458,-4.90959072,1.54243815,-1.52123833,-0.70703411,0.59296262,-1.23687899,0.43882227,-1.06928313,-0.41434544,1.19314849,-0.94770372,2.83525395,-0.05023426,-0.72000539,-2.02643633,0.30773556,2.70048261,2.11056542,0.07779402,-0.42629647,1.26450074,1.40204847,0.11953878,2.50613475,2.5740881,0.75223631,-0.01900858,-1.08235621,-0.73495293,-2.00237918,-1.00740838,-0.41930699,-1.25724161,-0.97074747,-1.89056754,-2.22302651,0.10097855,0.294976,0.01062357,b'6'
1120,-6.13304806,1.85917997,-1.76891041,7.38211393,-2.15396786,1.8764751,4.10769939,2.14613438,-5.55075788,2.16388464,6.77589893,8.93555355,-0.65675116,-2.90924001,2.08411765,-2.81496334,0.16111755,2.04475451,-0.35124591,1.40652776,3.71984458,-0.98679239,1.82301986,2.33230972,-1.13040113,-5.1182251,4.33868647,-2.97790051,-2.49576902,2.15971041,-1.52984369,0.06120944,-1.67986262,-1.90038443,2.95339108,1.26242161,0.79685187,1.29014051,-0.23705137,1.5087676,-0.18495417,0.16372561,-0.63170773,-4.30592012,-1.65313351,1.17395043,1.49420261,-0.31376266,1.87887836,-1.88564241,1.4669199,-0.74537396,1.93141675,0.40260565,-0.51682347,1.18067908,-1.89480639,0.83075452,0.67873472,0.39120889,-0.27176321,-0.10214198,0.28835607,-1.11736441,b'6'
1121,-5.40281487,-2.94662428,-2.47101951,1.36536133,7.16505241,-5.00953102,-2.0110445,-4.79751205,-1.79347992,-6.28489065,2.35722589,1.33032751,-2.53309155,-0.79605067,-3.35726595,6.40416861,3.81509328,-1.63816893,2.10930395,4.44148922,0.85267341,-1.25406075,2.47750926,-0.28998208,-1.98324502,-1.93617833,-0.37584454,1.43753123,0.93175149,-1.21778452,-1.75822961,0.20802402,1.79393005,-1.68963027,-1.99602699,-0.54213345,1.44648623,2.01682258,-1.09725916,-1.49657345,-0.73472613,2.26528788,1.24001622,1.22298121,0.87367666,-2.28244162,0.98527259,0.13981557,-0.88676226,0.27600718,0.48595178,1.63831365,-0.04018831,-1.72768617,1.68154502,0.11368197,0.44882703,-3.46313858,-2.1488781,0.41671014,-1.6172806,-0.36631134,-1.05858862,-0.60861522,b'6'
1122,-3.10039377,-5.71188116,4.75469637,-1.47497749,8.95054245,-5.5295763,1.96358693,-6.124753,-2.85213995,-4.15432882,6.00657558,2.69038033,-1.06795597,1.57621157,-4.55931759,5.58702278,2.28703666,-1.0728277,2.46786118,4.2042017,1.50423765,-1.04977489,4.82961655,-2.39587283,-0.47776538,-1.27488935,0.67811561,-0.52440882,0.2822063,-1.50212204,-1.78737772,-1.02046049,2.5830195,-1.19597888,-4.66678619,0.10331479,1.28574085,2.1254108,-0.52265966,-0.52351737,0.36237717,2.52364421,2.0962038,-1.27385998,-0.36443353,-0.23694077,1.45474911,1.60729837,2.86782718,-0.46421486,-0.25729954,0.13720998,0.21666455,0.5869031,0.63892782,0.29327071,-0.55972171,-0.68181252,-1.90755248,-0.06368184,-1.25334382,-0.38833219,0.54647303,-0.76212144,b'6'
1123,6.12627888,-3.42944145,2.12103939,-5.81270409,1.66854489,-0.13591421,-0.71334839,0.90373713,-6.8542552,1.51746619,6.36421394,7.73484039,3.54308653,3.3048265,-3.16181517,2.24419475,2.0794394,0.18410802,-4.15672874,5.41610289,-1.41520107,-1.51544213,-0.3220059,-3.67596507,-2.28842282,-1.37874889,-0.18780532,0.72685063,0.4399178,4.4509263,-0.45855749,-0.76782525,0.49104851,-1.38801336,-2.37617302,2.39599848,2.51541495,1.32871389,1.03072464,0.0899148,1.71875954,2.15391922,3.54380751,-0.52276886,0.90623772,0.98276138,0.00768161,-2.5175488,1.66382551,-0.7807886,-0.06489246,-0.82755733,1.54793286,0.05333698,-0.77874881,0.56329191,0.48704553,0.18175715,0.25808412,1.07353866,0.30530179,1.03037095,-0.43147773,0.52217048,b'6'
1124,1.8094734,-3.24852133,-3.55364513,-3.38457227,8.30240059,-4.24057198,-0.87949371,-5.35511589,-2.3424778,-6.34197044,1.56712544,-0.91134572,3.21540189,0.08767179,-2.77890253,1.82459044,2.22136855,-3.92592072,2.55492949,1.12455726,-1.36529112,-1.2364881,4.48954535,-0.2744844,-2.59484005,-2.3820107,-1.16904044,-0.46314824,-0.55972242,-2.65937233,-0.08448184,0.14994836,3.0062263,-3.56271458,-5.48401928,-0.94836533,0.25754809,1.4453795,-1.14134824,1.0901581,-1.29278088,1.8692975,0.32725069,-1.34769845,0.45667672,1.1058563,0.21445794,-2.90066266,1.69266081,-0.43825603,-0.30687588,0.44555545,0.55327642,-0.06337643,-0.23112077,1.63851547,-0.61777878,-0.97305596,-0.61189348,-0.61352432,-0.64709806,-0.97802401,1.04142272,0.54665983,b'6'
1125,-4.80775213,-7.82130194,6.49965525,0.34425333,2.40106153,-3.67730498,-0.8456068,-6.50809765,-5.20740747,-0.946455,7.47692013,7.66874695,1.70680022,-0.64470714,-2.76938391,0.22460449,-1.61896825,-2.08171082,-1.10086966,4.23344231,3.32331896,-1.09305024,3.65677381,-1.23141778,-2.77951908,-2.04592609,0.76026011,1.83185911,3.54017973,-1.59051275,-2.9244709,4.07018757,1.68689072,1.94054818,1.92954779,1.6157006,0.02396584,-0.21286517,3.48370075,-3.05221152,0.94921398,1.7602551,0.384812,1.07138062,-2.6351347,-0.63896596,-0.38848281,-2.77220893,2.75796866,-0.95188868,-1.81336808,0.79585791,1.22940564,0.58850962,-1.2618885,-0.2023102,1.63313138,0.41907579,-0.87288755,-0.43950295,-0.98666084,0.56821859,-1.37988746,0.30543968,b'6'
1126,-2.22961736,-4.31454086,-1.64739442,-2.52494454,7.40389252,-3.05269456,-6.15868473,-4.32694721,-0.62952232,2.22505951,5.88327122,4.24201488,4.05814075,6.17616463,-1.04248285,2.03712296,-0.30341327,-4.84387589,0.35665131,1.24658918,0.87272358,-3.31073618,3.33560252,-0.34556508,-3.27692652,-3.50831413,1.11889541,0.1708833,0.07932043,-0.54284209,0.89411008,-1.78311872,1.76642692,-3.58031464,-2.92527151,-1.33596551,2.35804963,-0.83076602,-0.23647594,-0.0241805,0.04031742,3.17991686,0.10610612,-2.6462667,-0.34098065,0.81502199,0.22134505,-1.94609094,2.89887047,-2.02837324,-0.04816674,-1.57048583,0.3853898,-0.01832473,-1.33985615,0.93805969,0.65979004,-0.95225072,0.26515853,-0.10672379,0.43796241,0.00334245,0.1187343,0.15281978,b'6'
1127,-9.23232746,-4.65399599,7.62079334,2.55858135,1.87591541,-5.80168629,-1.85373259,-1.67373872,-2.66000366,1.3494637,3.72082591,5.15294981,-1.27039838,-5.52938604,-1.8684864,1.41786492,-0.97078496,-2.98579741,-2.54798484,3.26066685,3.09449863,-2.0603447,4.51192188,0.93783307,-3.31263733,-1.82210326,1.77560651,3.82709217,1.54681206,-0.62362301,-2.47846937,4.12380695,-1.82342339,0.0169853,3.01140594,1.68272901,0.44190168,-0.18939883,1.56272984,-1.90811026,-1.55037928,0.10311715,1.74641109,-0.80663443,1.27414715,-0.0790254,1.60172606,-3.47986865,-0.18124305,-1.87750328,-1.72151065,-1.07095778,-0.63642454,1.38175201,-3.03111696,-0.18323839,-0.71350193,-0.04866074,-0.23158404,-1.10054576,-0.35542619,-0.44801193,-0.46709475,0.55978906,b'6'
1128,-2.22360849,-3.64862442,0.324359,0.97943187,5.36984587,-6.26166821,-5.04093838,-5.67336559,-4.66512156,-3.23782158,4.97808456,4.1105299,2.34200191,-1.54693377,-2.72184324,3.73760009,1.30550575,-2.35668468,2.47609687,4.86601257,0.58380651,0.13572699,2.83334184,-0.29053211,-4.22401667,-2.24417186,1.12949932,1.19245911,-0.09300995,-1.76543236,-2.41416979,-0.84642994,-0.82264465,0.41715246,-0.63934219,0.2864778,0.57087469,1.07879055,-0.00862837,-1.20273304,1.34535551,1.49172151,4.49199915,0.14834018,-1.75073564,0.02501404,-0.90280128,-1.19994187,1.5939064,-0.84094691,-1.3878442,1.75220239,-0.15644908,-2.16662335,-1.43688226,1.39229202,-0.16308856,-1.15449321,-1.79434824,1.38045657,-2.0031302,-0.13388374,-0.978181,-0.47009596,b'6'
1129,8.23028946,8.57241154,1.54537821,-3.25777411,-2.83371067,-6.1624279,-3.62767601,1.94945884,3.95732474,-1.96140563,2.85179782,1.49291348,2.38484168,-6.89270401,-3.15133667,5.91494179,-0.53283131,0.44965303,0.8948642,0.46367812,0.66507798,-3.15380383,-2.87325549,-2.22027493,2.14364338,-0.79799825,1.00813138,2.10190177,3.83120894,-0.55206871,0.43421042,2.34338045,0.23516592,-2.54640985,0.58090091,0.11784574,-1.19204044,-0.12922651,0.27939153,-1.69052553,-1.13404989,0.56216133,-1.20285976,1.43118227,2.67441249,-0.2904183,-0.39424258,-0.76708245,-1.3072958,-0.4362185,-1.05913973,1.71398032,-0.14425182,1.33195889,-0.80435365,1.42473078,0.22614932,-0.10564229,-0.29359487,1.91793239,-1.16677392,0.59326476,-0.30115241,1.33678508,b'6'
1130,-3.80908394,1.7101264,-0.83974224,1.67728698,2.50350237,1.81940913,5.99284077,0.43774271,-5.01012278,1.6968255,5.74781322,9.06741238,-0.50288641,-2.06438971,-1.17999697,-7.70581341,-3.75540543,0.27736151,-1.18958533,2.73540306,1.15767002,0.79327464,2.31130862,4.98385096,1.98595369,-1.79063451,7.42021179,-4.86277103,-0.79888582,-1.50080514,0.76283371,-0.08498192,-2.83477283,0.41162539,2.02660441,-1.09742153,-0.79789126,-0.15930527,-0.99307001,1.18920386,0.8317759,1.36442018,1.39004254,0.51462162,-2.82285357,-0.16927236,0.18025735,-0.61390853,1.36072397,-1.50491548,1.61376667,-1.08000255,1.30721354,0.79869354,-1.40389967,-0.39999127,-1.15621185,0.29578269,0.10177827,0.5876298,-0.70955801,0.92030901,0.13052934,0.43493241,b'6'
1131,-0.01656866,-9.96417618,-2.98908877,-3.72809744,3.29599571,-3.64951634,-3.45666027,-4.24047947,-4.03060007,3.48138356,3.49267912,7.14698648,4.16723013,4.89180756,0.41001177,0.47479665,1.42205572,0.66332257,-1.49562132,1.8628664,1.10792673,-1.66782093,1.4850378,1.05896592,-3.91444397,-2.72274923,-0.59935391,0.70333028,0.41656685,-0.16448402,-0.25977814,-0.18548703,-2.01236129,4.13862181,-3.82679391,-1.04829848,4.12746525,-1.54689693,1.75966048,1.97429752,0.44548845,0.71492827,0.53271455,0.72220737,-0.82950449,-0.94002646,-0.41114563,-1.57015014,0.37362748,2.04963875,-1.25206852,-0.16093934,-0.30515051,0.87064326,-2.06895685,1.41255164,-0.73068166,0.05171272,0.80097526,0.03149545,0.72125053,0.60738283,0.29838324,2.7534976,b'6'
1132,-6.15218544,-1.0978179,-0.01800466,-1.81298876,8.36644173,-5.19270992,3.01449823,-0.11843371,-0.51791763,-9.10127163,-1.61694336,4.10833645,-3.15724087,0.72126979,-4.56128216,6.3315444,2.58751082,-0.13435978,-0.32962868,-1.86980104,1.00505674,-3.09586716,5.48565865,3.14376783,-0.5355432,-1.70379972,0.08371407,0.06168222,0.11110139,-0.14934045,1.12152839,-1.60203087,0.85801673,-0.85401946,-3.57668996,-0.72066379,2.36211324,1.77610016,-2.76764297,0.93008208,-0.93950343,0.25268459,0.88921434,0.78954077,-1.43636429,-1.85710609,0.82903755,-0.27711034,-1.30624843,0.24039578,0.29538167,0.72377861,-1.85426068,-1.82811022,-1.40736651,0.61806142,1.64490223,0.10843038,-1.47897077,-0.97330928,-0.19973078,0.37846041,-0.24586022,1.10253894,b'6'
1133,-5.55328369,-4.04031849,0.3538228,0.02518293,6.02550459,-2.50970793,-4.04829264,-5.24738312,-5.85324717,2.51531696,7.87910271,4.47832346,-1.67344141,0.89596653,-1.02114153,0.4420532,3.41059089,0.77717745,1.36345422,4.39452362,1.6105783,-1.01201868,0.34965748,-2.64293027,-3.33115482,0.07038978,2.79311037,-0.1845789,-0.96470499,0.41735005,2.49062109,-2.49872017,-0.12562841,0.8522625,-2.39828157,2.10688925,2.44479871,-1.33662486,0.7078355,-2.54596281,2.28761959,2.93705535,2.76798654,-0.41903687,-0.94319928,0.05396312,0.71424937,0.80234325,2.18235207,-0.13248676,-0.54686242,-0.47707796,-0.40216851,-0.85885715,-1.60533237,1.12422776,-1.23824167,1.08806074,-1.72822165,-1.08079398,-0.59285873,0.11667544,-0.90223312,0.25134525,b'6'
1134,2.79082441,-6.58468533,-2.09260201,-6.20989084,3.15314007,0.07419634,-1.08146477,-0.32101095,-2.14106226,6.46061945,6.82533455,3.76298833,8.25927544,4.26340771,-0.82983255,0.93874788,-2.79269767,1.50159121,-5.25954437,1.45648932,-1.45551693,-1.08830857,3.1475873,0.69157505,-2.23867083,-4.24041128,0.37077647,-0.93157828,1.41389918,2.24603033,-3.04679918,2.0473218,-0.9139415,4.07002687,-1.3633368,-0.5742619,2.08116698,0.71740985,0.84503591,1.79096866,-0.30288124,1.37405837,2.3985033,-0.45940632,-0.33381402,-1.62261486,0.70912677,0.08362961,3.29722714,-1.70919085,1.51229692,-2.9183116,3.2605269,2.02726603,-0.93679589,-1.33362448,-1.34171486,1.30077827,-0.78115547,-1.17130792,1.58586919,1.15993929,0.15735316,-2.03318119,b'6'
1135,0.37147355,-2.65981293,-3.0596323,-2.55656838,5.70089531,-2.32787395,-6.35721016,-0.75845528,-2.23702145,1.16649878,6.22685432,7.13570309,2.57719445,4.09214544,-3.28501129,5.52127361,2.23766541,-2.03976178,3.25956702,1.74357224,0.08153486,-3.11654687,-0.9090631,-0.79263115,-2.39258671,-3.20730901,-1.89701879,-0.96804434,-3.19872141,-0.57549357,0.11531699,-2.75289273,1.01382434,-4.26938581,1.35954189,0.67888755,2.06268811,-2.38890028,-2.19757223,-3.44765449,2.25725436,1.55619538,2.20996308,0.18005417,-1.02164042,0.66837037,1.72511041,-1.16919637,-1.55119371,-1.06078362,1.22205186,-0.1279639,-1.17051363,-2.3377912,1.34633124,0.78416777,1.15535653,-0.1528085,-0.47905138,-0.00929844,-0.72390687,-0.14615428,0.12984496,0.62757754,b'6'
1136,2.5953145,-6.82813072,1.59232509,-6.26249361,-1.88556099,2.03470969,-0.22863364,0.47312903,-4.14651823,7.12201118,4.41422939,7.65829563,3.77423954,2.67898917,-2.31993246,-1.44790387,2.21726251,1.52072883,-4.49094868,0.63341093,-1.17923594,-2.28584003,2.17324901,-0.19240165,-5.38913631,-2.86120868,-0.22169414,0.23199344,1.23575854,2.16593695,-3.62114286,1.40958595,-0.4935903,4.43820667,0.99753284,0.19212174,3.64953256,-0.40745586,0.52528095,2.01660299,0.14109468,-1.1735152,1.90356588,1.786134,0.65355533,-1.62090445,0.28959551,-0.31561685,-1.58723307,-0.27512437,1.25032377,-3.38723612,1.0338285,1.59506702,-0.87565476,0.17934513,-0.09026456,0.14663473,2.67855763,-0.98531872,2.97436857,1.09549522,1.17528355,0.8880806,b'6'
1137,-6.66694164,-2.87923002,1.59381104,-0.8544811,7.85764122,-6.0978508,-0.28505325,-6.70961094,-4.05031538,-4.26194286,5.23745346,2.65695906,0.13615131,1.20292497,-2.12935209,0.25484753,0.55587959,-2.44107866,-1.22680163,4.75224686,-1.04072762,-2.36300159,3.29257274,0.56378317,-4.80273771,-2.2925117,1.72060001,2.027282,-0.40505457,0.61129367,-0.52065575,-0.62451792,-1.020069,-0.62927061,0.31350827,2.50856495,-1.97344542,0.7360301,1.29567409,-1.26854622,1.07099581,0.68981898,3.02522063,0.87719136,-1.69614875,-2.60936093,-0.9025892,0.0009973,1.25912833,0.03453922,-1.93820667,-0.28557253,0.64062822,-2.46937799,-0.00857812,0.54910719,0.02310896,-0.34956574,-0.44204125,1.40763533,0.12308465,0.07661554,1.53047764,-0.17422158,b'6'
1138,-7.92122889,-5.95213318,1.74006653,3.27804303,9.77661228,-1.57121515,5.06886673,2.53577614,-4.54244757,0.98815536,4.29587984,7.71311712,0.40661925,-0.29346323,-0.84659386,-0.66044164,-2.87655759,-0.71499431,-4.1899786,3.23514318,1.48710084,-0.92034227,6.67282152,0.62829256,-3.33942842,-3.58688521,1.11137891,0.30402279,1.98011255,1.68533027,-1.00939286,2.87468529,-0.77175337,1.64638448,1.3500464,-0.27408484,0.37552953,2.57963133,0.91165853,0.33889568,-0.39133888,1.84101605,-0.90469211,-1.74676645,-2.38464165,-0.68747067,-0.03646554,-2.45786929,2.76042867,-1.4606061,0.3670004,-1.40621209,2.08796,2.47939134,-0.25709599,-1.39068282,-0.81818724,0.19618353,0.12261289,-1.16721833,0.42227006,-0.04186383,0.48925245,-1.402408,b'6'
1139,7.66290331,-3.34752774,-2.84172964,-3.66372824,4.15460348,-2.28956747,-5.05446911,-0.68737507,-5.22694063,-1.52327621,7.36600351,5.71683884,-0.17319739,2.81117249,1.18703985,5.93163157,1.87418771,-1.20748973,-0.07394212,0.82871628,1.84011912,0.05803829,-0.42006847,-0.0139606,-3.25701475,-0.98285419,-1.27141738,1.72083426,0.3953805,-0.3389892,-2.24956369,0.61711168,-0.81090569,0.01123124,-1.52494764,-3.45835185,4.44549942,1.21999121,-0.70424879,-0.43730187,1.02030563,1.27991867,3.87031412,2.07414508,-1.4914614,-1.92860734,1.05209267,-2.5864327,0.72875082,0.21064156,-0.7108925,0.13217315,0.70791221,-0.30837274,-1.58479118,0.87475097,-0.84457779,0.65335304,-0.48408285,-0.204063,-0.27120009,1.94558668,-0.49804187,0.84390074,b'6'
1140,-2.12414026,-5.30261993,-2.35154557,0.15540722,8.73380566,-5.55373383,1.98794496,-4.89622116,-8.58245659,-2.68997836,3.38434505,2.64998865,-0.73134685,0.99591869,-4.07005978,1.64629114,0.41686082,-0.50947022,-1.11096358,3.08833313,0.68610466,-1.77060127,3.61787534,-1.71188891,-5.13184738,-1.39177263,-0.20475312,0.95712066,-0.07836533,-0.73479909,1.61084199,-1.3966707,1.58596408,-0.32287902,-1.82742739,-0.52712238,1.24412084,2.66147757,-1.26182091,-0.02858222,-0.37268007,-0.00187884,0.41976288,-2.41262484,0.21986562,-1.30702126,1.22152007,-2.41039586,0.93626195,-0.31379223,-1.94424534,0.35157466,0.18132234,-1.31831336,-1.11253166,-0.31835055,-0.65416932,0.46988255,1.34966564,-0.91079795,1.350106,-0.6753788,1.14560795,-0.27019501,b'6'
1141,8.52083874,-4.11491442,-1.91337776,5.04498196,-2.67298508,-1.9707191,-7.13208771,2.45793724,0.99053955,-0.1372171,5.47219706,8.12430668,4.97337055,-0.43043372,-1.70282316,2.20515943,0.70194864,1.4017427,-1.97860229,1.49259973,1.03074932,-0.72077495,-3.05498219,-2.8503089,-1.84541106,-1.01462197,-1.27544403,4.1741271,2.19456387,3.81403112,-4.51899242,1.41991043,-0.00759028,2.9148469,-0.70236444,0.93257761,1.86446309,0.64208341,-0.04678345,1.15626311,0.57021189,-1.38438785,1.13456511,3.4578476,-0.26423681,-1.33329916,2.62245059,0.45279765,-1.33659816,-1.24310732,-0.80081737,1.18164074,0.49183345,2.42341948,1.07327938,0.83372748,-0.84617114,-0.13037987,-0.64463556,1.34342873,-2.58762193,1.76985502,-0.45781094,-0.63783067,b'6'
1142,2.78512049,-3.12207198,0.49334496,-4.81085539,5.6166172,-6.73086071,8.40176678,-8.06006145,-4.54533243,-4.34643745,0.65924907,-0.4411037,1.91625166,0.82260942,-1.22787666,-2.30836678,2.04872942,2.0197854,-4.22892094,2.47326946,0.93502843,1.16332161,1.50845754,-2.11351538,-0.22100592,1.68621266,-2.05531502,-0.86112976,-0.30879307,-0.9340899,-1.6885041,1.14496803,1.91893196,0.76765883,-2.68144441,-3.46950936,1.18624759,2.66384149,-1.71527731,0.22002703,-3.05680418,-1.22631478,-0.81827307,-0.27505377,-0.53305399,-2.14218426,2.12175298,-1.17186713,1.08923984,0.41733336,0.69396091,0.06196105,0.36492872,0.53324831,0.87636149,-0.93642235,-0.14297891,0.08063185,1.29252505,-1.81412303,-0.13207343,-0.1411474,0.79608417,0.78825736,b'6'
1143,-5.36546564,-3.98629665,2.14663076,5.8760767,2.19272375,-7.2767458,-3.992342,-1.45238066,-4.01172113,-1.8378588,6.24883318,4.20070744,-0.94414783,-1.66968369,-4.8663969,-1.33485746,-0.73518181,-2.06716299,0.34595948,5.02725124,3.25061107,-0.35693783,1.69283533,-2.88363242,-2.24782896,-1.63106096,0.51512665,2.40606809,1.79430079,-0.22155327,-1.40926158,2.20068884,-0.51033396,-0.1481989,-0.11302805,1.41910326,0.13077688,0.2233029,1.62727368,-2.07884121,0.94178581,3.13523078,2.04227304,0.65703446,-0.08597088,0.40057409,-0.72328484,-2.15423656,1.65444374,-1.7132231,-0.93815792,1.30966604,-0.12236214,-0.53921211,-0.57072192,1.89815378,0.87422252,-0.93854284,-1.919945,1.40526974,-1.05818486,0.9968521,-1.13768637,-0.28655952,b'6'
1144,3.26418734,-2.55569887,2.05317426,-5.14161158,1.16033733,-0.24394786,1.91453612,-2.52673125,-6.13732481,3.08073783,9.87597847,7.81675196,4.36591673,4.97477531,-3.65038395,0.02704477,0.35381269,-0.29166621,-4.63320732,5.881814,-2.72514796,-1.32356215,1.64746511,-4.34500122,-2.71551657,-2.21840453,0.09810662,-0.33265048,-0.25903654,2.65601301,-1.5151273,-0.71168852,0.07614368,-0.31206816,0.40260363,1.95706952,3.21568036,0.46314275,0.65872514,-1.48186183,2.06696296,2.26843548,1.9021256,1.0953629,-0.76489389,-0.41500729,0.56253684,-1.03439212,0.17363343,0.66003728,-0.16227983,-0.72225881,0.97320759,1.42206597,-1.08490252,0.93994987,-0.2935586,-0.63274366,0.43459433,-0.04359961,0.94993693,0.02309495,-0.06633806,-0.04247808,b'6'
1145,-4.55107212,-1.73028803,-0.52370936,6.73546076,7.16355133,-1.38537312,-2.47084141,-0.40855575,2.51083159,-0.46243933,3.96504188,7.54326534,-2.08824325,4.58572006,2.3852756,-4.89105272,2.05355549,5.26791668,-5.66718102,-4.53890896,-0.94369948,-2.67093658,0.03997794,0.94676065,-1.35638487,-4.44773579,-1.97888458,-1.42249966,-1.33674097,4.40263081,-5.66777372,-1.35561526,-0.21609718,1.52231526,2.72302556,0.82409501,-1.88263988,2.65755272,-0.72466218,1.94870949,-3.17553353,-1.22572625,-2.2449913,-1.28245521,-0.97777212,0.05181462,-0.21142204,0.08178663,0.38692236,-2.40344501,-0.47767401,0.02412122,1.1154815,1.41866434,0.44997683,-0.40822455,-0.00867748,0.83032393,-1.25895214,-0.31094563,0.53317893,-0.22271219,1.66702044,-0.45012769,b'6'
1146,-6.57515717,-5.22280407,-1.77330399,1.64609301,11.57113838,-1.70010042,-2.4346838,-2.98006892,-2.28827667,-1.53984714,3.0832324,6.19241905,0.33626139,-0.47449812,-1.3956008,2.8384428,2.2460959,-2.47642374,1.70050883,0.53526616,3.13078451,-0.31507379,2.81313205,4.09874487,-1.98238719,-0.77078921,0.05558759,0.74292266,-1.51644802,-0.66908872,3.46552324,-2.08189845,0.68081421,-2.49453521,-4.28799915,-2.13826299,1.33109379,0.51116395,-1.78365242,-0.04718825,0.38032818,2.16185331,2.63332438,-0.19297861,0.53545111,-1.382568,1.45023179,-1.75252318,0.13091952,-0.36339337,-0.90980959,-0.51268148,-1.23010659,-3.20613098,-0.82774347,0.33534491,0.9749347,-0.56703961,-0.12547275,-1.17588198,-1.49462879,-0.59921014,-0.09347832,-0.06940199,b'6'
1147,6.80476046,-5.7616787,1.71790266,-6.18867588,1.60766518,0.36380756,-2.82801914,1.77341115,-5.93422174,2.12421942,6.95760918,7.26984358,6.18058014,3.06280971,-2.59757328,0.10879445,-1.01866341,0.97289062,-4.86584759,2.72520256,-1.14296103,0.6049999,1.43143618,-1.40764177,-4.40816736,-3.45864463,-0.4743278,0.66656125,-0.433424,2.46108961,-2.31437492,1.45656919,-0.58372295,3.81125546,-0.34245956,0.11314389,0.91665101,-0.03564495,0.2215929,1.91865611,-0.03387117,-0.45981377,1.25277591,-0.18714562,-0.1206311,-2.00275803,-0.19608305,-1.69778466,1.19110179,-1.2530458,-1.77561903,-0.42260253,1.5289855,0.79330158,-1.36690235,-0.45181054,0.04036903,-0.83953488,2.36698818,0.31302476,-0.02686499,1.39597154,0.37472785,-0.24357003,b'6'
1148,-7.29993153,-5.67086124,4.51743269,1.14984739,5.70564985,-3.01831555,-1.02279997,-5.52933502,-4.79679251,-2.4304142,6.02259541,6.21218586,1.14852023,-0.92775565,-1.043396,0.44075024,-0.54936159,-0.32884383,-3.20454359,4.33601475,1.78569651,1.6922009,6.52209759,0.75150466,-4.63380051,-2.19699192,1.35082865,1.47519732,1.94771051,-0.60925311,-3.9195981,2.85908604,-1.0944351,3.86784029,2.70235944,-0.26711419,0.22240233,1.23982418,1.57801485,-1.92003155,0.34072936,0.56114733,1.72204542,0.63298583,-2.23012638,-1.66363502,0.81560063,-2.47732472,1.31310892,-0.37495661,-0.89686489,1.1400528,0.82172287,0.9167968,-0.93850213,-0.22821164,0.21490455,-1.31554031,-1.87477899,0.37548757,1.02702594,0.5891872,-0.85359865,-1.00768673,b'6'
1149,-8.19236565,-2.5935185,0.81601292,2.48741984,7.01139069,-1.97840762,-0.17463565,4.31408787,-5.44043493,0.16924,5.60893059,6.86206913,0.30764061,2.15823126,-2.43306637,1.54392552,-2.01293659,-1.04177439,-2.11298943,2.62242746,1.67978287,2.31496096,5.02288055,2.06152248,-3.43839979,-4.52940464,1.09995425,-0.6059792,1.35372829,1.40027487,-4.39604187,1.50882387,-1.07399559,2.75411558,3.83645296,-2.80829287,1.21178126,0.05635583,0.92839992,-0.12869528,-0.10054445,1.40462816,1.97932899,-0.74073333,-2.57115841,-0.8545683,1.29173613,-1.64656568,3.25531054,-1.81382298,0.81209815,-1.52700067,1.02532864,0.48984975,-0.9971922,-1.27373314,0.25824356,-0.94131541,-0.07443964,-0.91108721,0.13610147,0.31605697,1.05006862,-1.2854836,b'6'
1150,0.99888861,-6.57407331,0.04359716,0.74512339,7.21090031,-7.83437538,-4.29733753,-1.42451406,-1.77914476,0.27301633,5.99575806,5.70801973,3.07399368,4.42964268,-1.59302902,-0.45789003,0.40538073,-2.30227518,2.34889388,1.47517705,3.89520001,-1.13674879,3.0661149,0.03128982,-2.56181145,-2.5040791,1.08854961,0.67126489,1.07603478,-1.33992577,-4.10463953,-0.57847381,1.17807376,-1.23111773,-0.51531518,0.10713062,1.86547494,1.09716177,1.92797041,-1.60791266,-0.12275982,3.0967443,1.12891662,-0.44079161,-1.74455416,1.44172585,0.44520557,-2.69140124,3.80455089,-1.38342166,0.55901474,0.25114298,0.83232939,0.97211289,-1.7052803,1.41693687,-0.29730296,1.54261053,-1.23202658,-0.0943948,0.23058014,0.78334612,1.01984072,-0.41201034,b'6'
1151,-5.88334417,-4.39324903,-0.00440878,0.21894971,10.41656876,-3.45058751,2.34484601,-4.23630428,-7.78040361,-1.61754012,4.5433712,3.94309688,-0.16772497,2.87689018,-3.92982578,3.21796989,-0.65692222,-1.59544659,-1.75352955,3.49949169,1.2359314,-1.06030536,4.23110056,-0.01641059,-3.16071892,-3.09470105,-2.01586246,-1.34137297,0.89298248,1.52535379,2.15039062,-2.20225191,1.3383342,0.51533866,-2.54332376,0.1039992,1.35757804,0.42866743,-0.56003034,-0.58274305,0.62151432,2.46069622,1.81184554,-0.28553939,0.98119485,-1.38918805,0.53124094,-0.76633382,-0.22373216,-0.70791024,-2.13026524,-0.62918854,-0.87412238,-1.1111033,-0.62088186,0.09226447,0.18562722,-1.05596018,0.90065461,0.32614768,0.20756637,1.03200245,0.69081581,0.37516937,b'6'
1152,-2.34727049,-6.84767914,5.35370922,-0.52547765,2.4117012,-6.44251728,-2.59065533,-3.39125609,-3.11315203,3.9351387,7.62034416,6.89295959,1.84884119,3.07400322,-2.78477907,-3.36307526,-0.7994442,0.22782481,-2.03468227,3.5756731,5.85380316,-1.12714338,3.2363956,-3.37460399,-1.30641901,-5.99390268,-0.24469145,0.64917541,1.40862799,-0.79076207,-1.62965238,2.06533527,-0.4474926,1.17864347,0.61207545,0.45849955,2.53186536,-1.88817835,2.45095563,-1.17046511,-1.5259403,2.05024648,-0.6534915,-2.81643224,-1.44001782,-0.14517045,0.90734053,-1.93623614,1.87545991,-0.68989325,-0.982162,-0.47554934,0.81247294,-0.2037946,-2.30856586,1.1346035,0.30404162,0.56725073,-0.5191654,-1.10786092,0.58880728,1.95385265,-0.40450975,0.69804609,b'6'
1153,-1.17418551,-0.78660417,-2.9300015,0.82523572,8.06320477,-4.6056366,0.89299917,-5.54395008,-4.73163462,-4.80381203,5.05256701,0.88821173,1.77532625,-1.81786764,-1.83806705,-0.17233419,3.11413693,1.24756336,-1.81051147,3.21855736,-0.48881543,0.32993275,7.10193253,-1.84753096,-7.40079784,-2.71637869,-0.54106027,0.15610266,-1.24223137,1.35943854,0.56830621,0.7464633,-0.93713057,-0.51912719,-1.27382302,-1.03779316,-0.09104657,1.03421676,-0.39918268,-1.10242701,-2.09198308,-0.68342751,1.97024846,-0.61489493,-0.76767969,0.05280821,0.75271147,-2.52967429,0.27998853,-0.86531669,-0.19644709,-0.30244565,0.43464231,-0.54731536,-0.06457675,1.02002203,-0.37618423,-0.82280868,-1.10329747,0.44330752,-0.09308922,-0.10055071,-0.25945973,-0.24922132,b'6'
1154,7.11635065,-2.67019272,4.10790968,-3.27686977,-1.56570661,0.19707704,-6.63153744,2.32863235,-4.78243589,4.42273951,4.68892527,8.64441967,3.23712945,0.21818554,0.46425533,3.35072756,5.09469318,4.03514194,-6.87743568,1.78049517,-0.63974464,-1.88870788,0.99213099,-1.14940536,-1.4970367,-0.42095062,-0.08281755,1.56539369,0.9939971,2.20996284,-1.73181975,3.18661308,-0.4042564,1.67210448,-0.24526346,0.10935125,0.41026568,-0.54020888,0.051211,-0.0297676,-1.64186192,-0.63978243,1.84182,0.15006284,0.1893335,-1.40812099,2.82856941,-0.79625869,1.29570317,-0.74473643,-1.1020968,0.03738004,0.52259064,0.15918541,-1.83324075,-0.58459628,-0.33546495,-0.15385257,-0.86467338,-0.24709326,-1.52005482,0.77466136,-0.55187869,-0.54608881,b'6'
1155,-5.73301506,-5.76408625,1.25986028,2.28118443,8.72722244,-3.0334909,5.61945391,-1.57908916,-9.0965004,-3.4418478,1.9722271,4.12854481,0.9144007,0.22029325,-3.29592276,1.72941375,-1.76240396,-1.10135674,-2.00290537,2.81218481,0.30870467,1.3550396,3.45707941,-1.14510202,-2.23821115,-1.91303062,0.60380852,0.27068019,0.75197363,0.6183362,-0.71171439,1.21538925,2.4733665,-1.67533469,-2.71603513,0.47810042,2.1306169,1.39267504,0.10485113,-0.50455952,1.16132712,2.70956206,0.0188942,-2.73336172,-1.73936045,-0.67267132,-0.14403193,-1.82346797,2.0173924,1.13545144,0.28365844,0.69390363,1.34927201,-0.23743165,-0.18275315,-2.03260469,0.82069159,-0.06896801,0.71488601,-0.85891163,1.43680668,0.94355482,1.13590729,-1.73589694,b'6'
1156,-0.48437756,-7.52359772,-0.83437663,-3.83615708,2.53050566,-2.15550423,0.56739283,-3.76478696,-3.2174201,3.07651424,6.29105425,5.30958223,6.46317625,2.26954126,-3.88001108,-3.04730368,3.16605306,-1.26595759,-0.89916217,3.17488146,0.93076706,-2.63419557,4.63200712,-1.28579223,-5.58857822,-6.13819122,0.44875801,-0.71617556,0.21860743,-0.25615281,-3.00768471,0.30350733,-1.42728484,2.70045161,0.11154175,0.37382475,2.67281938,-2.61342931,-2.43210745,-1.20564663,0.87393475,0.41764021,-0.01739178,-0.21402973,-0.79474962,0.30790848,-1.23201025,-2.84960866,-0.16517392,-0.18071097,0.02667627,-0.99727273,0.20074582,0.08750701,-2.2842412,0.66886532,0.14820313,0.2017276,0.29180992,-0.76569623,1.23422194,0.39679104,0.16869676,0.75341916,b'6'
1157,3.95439577,-5.36548567,-2.53770161,1.80440331,0.93267334,-5.76321125,0.53497267,-3.80669856,-8.53219223,-0.51103348,3.00640488,2.25258899,4.07068825,-2.50289774,-3.75957441,-2.09678316,1.62459898,-3.017277,-0.02375287,2.26222324,0.67152286,-3.64981079,3.07548308,-1.45368993,-5.29690552,-1.97621953,1.18829405,0.81954908,-0.27757359,-2.35049033,-0.07560241,2.85127831,1.05673814,-2.42789841,-0.60720146,0.5225929,2.73334336,-0.11523157,0.70077819,0.64862227,-0.21249604,1.09835458,-0.41730106,0.3915565,-2.65413475,1.04147482,-0.1058939,-2.97582841,0.52202046,-0.62255138,-0.92042613,-0.40774298,0.17458606,0.55561215,-0.48728114,-1.13878226,0.79095697,0.02958924,-0.0977979,-1.17303562,-1.02613521,-0.82596338,0.9844116,0.98131198,b'6'
1158,-5.74297667,-4.24533415,6.1268568,1.5664283,3.27764463,-3.98242688,1.7406795,-6.28880978,-5.8855958,-2.06427717,3.74965358,5.36021709,0.11800265,-4.0454402,-2.49170971,-2.38667011,0.45576143,-1.79878616,-2.44520879,4.52937794,0.46015006,-1.48616838,5.72967482,-0.48006272,-4.38275385,-2.05326819,3.23723745,0.9444344,1.06449032,-0.93229264,-1.98165429,3.83033943,-1.02029634,0.94835871,3.08239412,1.67216814,-0.22273517,-0.7639342,2.13381028,-1.97995424,-0.76427567,-0.13828738,0.65521139,1.02170312,-0.74657214,-1.489411,0.23893294,-2.53985858,0.841649,-0.69005781,-1.25068843,0.43626437,-0.43831706,1.87833977,-1.5596509,-1.70156538,-0.88016462,-0.34624875,-1.37543106,-0.98823875,-0.69634342,0.49441779,0.22662222,-0.62383515,b'6'
1159,-7.55558157,-5.73641777,5.01555729,3.63528419,4.33010483,-7.1556921,2.86355042,1.15310454,-3.29932165,-0.27351031,3.9872551,4.92015076,-1.65360093,-2.10568237,-2.92473364,-3.58707333,0.73715854,0.09235263,-3.74436855,1.60760736,4.17185354,0.52265596,4.5253005,0.8275826,-1.16937745,-2.01982212,2.6934638,1.86283898,-1.76469088,0.59883773,0.76235461,0.40972304,0.39059323,-2.80245924,-2.87229371,1.84875226,2.04050899,1.1880765,-0.19989336,-2.04844832,-0.04639268,2.9428103,1.3349092,-1.46084595,0.36315942,1.95215631,0.4505136,-2.9155395,-0.81531757,-0.36205566,-0.80490863,-2.11442947,-0.02187991,0.58974653,-3.04496765,1.21352279,0.63134837,0.20027858,-0.21791324,-1.59755015,-0.03873095,-0.07057983,0.35682487,0.76135677,b'6'
1160,-3.86824226,-0.01062751,-0.14275467,8.99563408,4.31289959,-6.23601818,-2.99869967,-2.03450251,-4.76777601,-3.78759861,5.85371113,3.10856938,-0.81313324,-0.88662499,-3.80397224,0.63122165,0.77989888,-1.08205223,0.3213951,4.07075405,1.88755178,1.20083678,2.68247414,0.36596584,-5.81066227,-1.58018613,-0.11396566,3.36861324,-0.24833155,-0.94063413,-2.09312487,0.92737961,-2.26707244,1.4295541,2.60089445,-0.4793165,0.78858352,-0.40285927,0.72176415,0.89665079,0.66772389,-1.37627912,0.90332097,-0.06137065,0.71915567,0.83442569,0.3543849,-0.79369426,0.73655814,-1.51401758,-1.50995243,1.37985849,-0.23802948,1.40632069,0.67688853,-0.13895977,1.3048445,0.25963524,-1.1704247,-0.07832575,-0.41374117,1.23875618,-0.07256317,-2.70937276,b'6'
1161,5.71188736,-5.64178133,1.64432096,-3.3007071,1.23789704,-1.01387501,-3.30870628,0.8651371,-6.88581896,1.93766141,7.50233316,6.15379286,6.31394625,2.29114032,-2.71090031,-0.46966672,1.41020274,0.3085264,-5.79754639,0.75314355,-0.98806405,-1.24427438,1.19094336,-0.62589812,-3.68220234,-3.01068282,0.08204889,1.97424126,-0.23937225,1.16696799,-2.56346846,1.97463608,-1.20229232,2.25703573,0.83092594,-1.08775127,2.18620038,-0.5506348,1.0072701,0.23499334,-0.34996843,-1.54175496,1.41730034,0.70610541,-0.26468134,-1.46051633,0.86480033,-3.23243451,1.49546146,-0.42194808,-1.06000638,-1.07089365,0.69227183,0.35006201,-2.31370735,-1.3189801,0.35099411,-0.30996937,-0.4159207,-1.20075321,0.30735737,2.32576418,0.33043802,-0.78456777,b'6'
1162,-7.64172029,-3.30076981,4.14319324,2.71163869,5.109478,-3.65445447,2.6089139,-0.56865573,-7.64666319,-6.03644991,4.58813715,5.9991684,-0.09687555,1.23547351,-1.38596916,-2.50507498,-0.75781476,-1.8285327,-3.8917973,3.21293831,-1.27749276,1.87642598,1.83840036,0.25923777,-3.91703081,-2.73054862,1.66616046,0.28861296,0.62149143,-0.94065988,-3.21554232,1.78034925,-1.25007331,1.22896528,0.54687822,-1.74234378,1.50593209,1.06165361,0.36501908,-0.88446778,2.10402513,1.1912992,1.14211941,0.21362101,-1.16236722,-0.28064853,0.9691183,-1.77605796,2.99253821,0.15540302,-1.46860051,1.43394113,-1.22724891,0.06590736,0.54958838,-1.23156881,-0.09619832,-1.69833887,-0.43355796,0.60001838,-2.50976133,0.26729238,1.01822293,-0.39495122,b'6'
1163,-4.37265062,-3.39374781,2.04975605,3.3091538,5.81394243,-1.7743988,0.83008981,-4.00881195,-9.40974426,0.59663796,3.81157494,7.67403412,0.55594528,-1.52563536,-0.599226,2.94638801,-0.28586519,-0.16845316,-3.36300373,2.79199553,1.82401216,0.55163813,5.88837671,-2.04847479,-6.04070473,-3.33095694,1.09761989,-0.70595807,2.20715666,1.1821655,-2.48850298,2.28988981,-0.74541098,0.61645472,0.61261725,-0.38711306,3.73226619,-1.0786047,0.52530038,-1.77008796,0.08325374,0.99564433,-0.84114438,-1.72385252,-1.08690464,-0.3467868,1.5185746,-0.92954111,1.32297516,-1.14819169,-1.65943432,-0.40645528,-0.12405562,-0.60287595,-1.91483545,-0.19251013,-0.12191582,-0.20840238,0.31986153,-1.38463926,0.72684735,0.40307665,-0.67870241,-1.46383667,b'6'
1164,-0.27364373,-2.90360403,1.61696649,13.62438393,1.25452626,-4.57126045,-0.74393034,-1.89865923,0.93848038,2.96002126,2.81106806,5.09598064,-0.37280822,-3.16621232,-3.8242197,0.75994074,0.34003282,0.35436594,0.94780815,3.51508427,2.59135294,-1.95000911,5.61596394,2.05657578,-4.89732409,-2.11228466,1.41678321,2.98995686,1.74491024,-2.33999944,-1.10510504,2.24435234,-0.90661383,0.46153641,-0.73480856,0.02567482,1.36460781,0.01346409,1.25231695,-0.69850194,-0.41881263,1.52175903,0.50604123,1.32219505,2.38974953,-1.6934514,0.22680464,-1.12721181,0.10691121,-0.74354893,-1.60669386,1.19230974,0.27621818,0.91483849,0.69107485,1.98086524,-2.43472338,-0.34091157,-1.1035676,0.77243865,-1.59717,0.11435133,-0.70979685,0.80875713,b'6'
1165,-6.45279074,-7.39197922,-3.16251469,3.89950538,5.69453812,0.4125883,0.61773753,-0.6129756,-3.03839636,4.12362671,-0.02151132,4.86224556,-1.9138968,-1.88229799,-0.92287779,-3.06878328,2.93490005,1.21057057,-4.22601748,2.37978697,1.0102936,-1.20956373,6.15896845,-1.75743377,-6.63883495,-1.83727312,0.88599205,3.41144085,0.95246267,1.9064461,-3.52694702,2.88576555,-1.61833119,-0.62945777,2.17834902,-0.87996209,-1.59999657,-0.69039077,-1.41734707,-0.14252606,-1.49492681,-3.43060851,-2.18276191,-2.44140148,0.33223796,0.55260974,0.86994451,-0.14799666,0.0466558,-2.29163074,2.49028873,-1.99651456,2.53652048,0.19433761,-0.18587953,-0.17647809,-0.85796165,0.18655533,-0.28796828,-0.08334607,0.08104788,0.37719405,0.30653632,-0.71008784,b'6'
1166,-6.6285038,-3.36067438,3.55716658,4.88392544,8.60937786,-5.10877514,2.79381514,-0.54430008,-6.09758329,-5.2068615,6.40940475,3.76730227,-0.98227143,1.88204896,-2.66313696,-1.05130339,0.6777122,-2.06626272,-3.77651596,1.41419005,1.74258089,0.47553757,3.42907262,0.13865662,-2.636374,-4.11505318,0.21552342,2.60497403,0.04188538,1.62399375,-1.84392583,0.65408754,0.97343779,-0.47176272,-0.21867394,-1.85559881,1.29627419,0.60588527,-0.3152858,-0.16364068,-0.46366793,0.15299404,2.13239288,0.32960463,-0.39912319,-0.24997513,1.24875081,-1.85108876,1.15063977,0.23660517,0.44823325,-0.43568063,-0.92581558,1.97557831,-0.08343536,-0.50939006,0.89164519,-0.53821069,0.22005343,-1.38882196,0.56144649,0.87592083,1.16796362,-0.47716132,b'6'
1167,5.99192572,-7.47005653,1.93473768,-0.11954151,3.6856389,-2.58758879,-1.55852079,-3.37418675,-6.46810198,0.23866987,7.7364769,7.19139481,6.25725889,1.68995345,-1.80341911,-1.62216616,0.37283635,-0.61976147,-2.61900783,1.78766346,0.72763318,-1.56059718,2.68499279,-1.24535024,-2.21438694,-3.23904014,0.24227905,1.48852468,0.89285994,-1.53439808,-3.25244713,2.01238871,1.453282,-0.22195727,-0.22595191,-0.95647991,3.50152755,0.38038319,0.96281618,-0.66429472,-0.04106987,0.56765676,-0.27350828,-0.42647213,-0.68817091,-0.35705125,0.8630712,-3.29322982,1.34532952,-1.15349174,-0.67573166,0.55708557,0.6622088,1.20670629,-1.63750768,-0.3583129,0.23927188,-0.96146739,-0.51658499,-2.19963026,0.2196133,1.56844354,-0.71754092,0.6564824,b'6'
1168,-6.28046083,-2.93862367,3.91389298,-0.79371047,6.14193535,-4.49444389,7.71101665,1.71761012,-6.47404242,-3.69773912,2.89590073,5.1057744,2.07665968,-1.00624847,-4.51313591,0.05728972,1.3974278,0.95506048,-3.00579643,1.29133344,-4.01005745,-1.27480197,5.31212997,0.11674905,-3.25673151,-3.75673223,3.23269415,-1.17632461,-0.94069815,0.6631484,0.51948309,0.78188205,-2.25000548,-0.13858622,-0.6238724,-2.23888922,2.9510119,0.47262746,-0.87627017,-2.36734462,1.49817014,1.0002116,0.09011178,0.29651475,-2.03854179,-0.66464168,0.10602617,-0.35235786,0.74494123,1.66696823,-0.19003128,0.26855403,-2.01013494,-0.38123965,-0.69333702,-1.91115284,-0.25330782,-1.30879736,1.07142162,-1.6256175,0.81639832,0.59129661,0.27784407,1.39497924,b'6'
1169,-6.59175253,-4.47308731,0.44293308,1.21313906,4.94835472,-3.36855912,-3.97207832,-5.65436745,-6.24622774,-2.25202656,6.53495026,3.57363892,1.40462184,-2.01325965,-1.56135941,0.64633596,-1.08165979,-1.46540499,-1.63360536,3.44366455,-0.21366702,1.08950031,2.75695109,-0.72207546,-6.50828648,-2.84912157,0.50911462,4.14373589,1.02932,-0.34658438,-2.00582409,2.71939993,-1.79812264,2.89032245,1.36558712,1.07657373,0.22669458,0.53298557,0.83226627,-1.21745741,0.95220947,-1.44118321,1.72354639,0.46967858,-0.84984207,-1.9534061,0.47443396,-2.12747598,2.04453444,-0.06907117,-2.47810888,0.36562988,0.89885831,-0.62549853,-0.05251831,-0.10124165,0.50051117,-0.64660275,-2.07665825,0.49812996,0.47550851,-1.30457687,0.60310125,-1.00341761,b'6'
1170,0.64057958,-2.29025674,1.11221719,-3.14680123,3.05938196,-0.33389127,3.53467679,-5.70236588,-7.32308435,1.29683495,10.51694679,7.3926506,0.2172085,4.76610613,-2.19959545,-1.38182688,1.34220958,1.98995996,0.31154621,6.30584621,-2.48571348,-1.31253672,0.54509586,-4.09089184,-0.57239866,-0.94672126,-1.80635393,-0.32573003,0.10814428,1.55458319,-1.48946226,-1.56227756,1.14077187,-2.48034286,-1.96369243,4.19994593,3.0497992,0.17166805,0.69368422,0.0755381,1.75842261,1.368554,1.284235,-2.8215313,-1.08663738,-0.09002529,0.45923126,1.03118765,0.10098612,0.02652967,-0.1289923,-0.22363585,0.3705101,0.3233006,-0.58097845,-0.37001628,0.2619493,-0.15494771,0.95971376,-0.13616729,0.442222,-0.05377916,0.39603519,0.68097126,b'6'
1171,-1.2500515,-8.24490166,-1.05032444,-1.35737038,4.5666852,-3.93204188,-2.9223094,-5.26042271,-2.47579241,2.50840592,5.08200216,7.84250784,2.90497351,4.23342085,-0.17770052,-1.23364282,2.4155128,1.20336056,-0.73093307,3.77461815,3.19062567,-2.05210733,5.47365189,-0.51161885,-4.84682131,-4.65766668,0.2257458,0.72174335,1.72644377,0.71760988,-2.73466349,1.99052143,-2.14767981,5.0165658,-1.60783172,-0.63026249,1.24914384,-1.75200152,0.56106102,-1.3164444,-1.29646516,-0.12969764,-0.44068956,0.53731316,-1.47442114,-1.26557994,0.83873999,-1.7165463,0.92210871,1.2487514,-0.93147182,0.04639065,0.85291719,1.12612641,-1.48735547,1.92910552,-1.96055079,0.27353352,0.95999688,-1.13405967,1.08511782,-0.71178842,0.06660271,0.79679769,b'6'
1172,-7.29993153,-5.67086124,4.51743269,1.14984739,5.70564985,-3.01831555,-1.02279997,-5.52933502,-4.79679251,-2.4304142,6.02259541,6.21218586,1.14852023,-0.92775565,-1.043396,0.44075024,-0.54936159,-0.32884383,-3.20454359,4.33601475,1.78569651,1.6922009,6.52209759,0.75150466,-4.63380051,-2.19699192,1.35082865,1.47519732,1.94771051,-0.60925311,-3.9195981,2.85908604,-1.0944351,3.86784029,2.70235944,-0.26711419,0.22240233,1.23982418,1.57801485,-1.92003155,0.34072936,0.56114733,1.72204542,0.63298583,-2.23012638,-1.66363502,0.81560063,-2.47732472,1.31310892,-0.37495661,-0.89686489,1.1400528,0.82172287,0.9167968,-0.93850213,-0.22821164,0.21490455,-1.31554031,-1.87477899,0.37548757,1.02702594,0.5891872,-0.85359865,-1.00768673,b'6'
1173,-6.82703924,-3.5841372,2.90531707,-1.25057185,5.26776266,-1.41675401,1.08923817,-4.41482449,-6.29753256,-0.19011363,6.46459246,6.01132774,0.9128958,0.49341953,-5.77761745,-0.67244601,-1.34996247,-1.13549232,-1.78667879,5.4220109,-1.56894481,-1.58618069,3.39691114,-1.35274351,-3.26860523,-2.93216801,-0.51332366,-2.69871926,1.20607734,-2.50419283,0.03009152,1.3793025,-0.37952906,3.18538117,2.69767976,1.20359242,-0.3700695,-0.90330869,-0.01906276,-0.570059,2.50567126,2.05779958,1.61941445,-0.0784933,-1.17897856,-1.47150946,-1.48708427,0.70510375,4.74690151,-1.26602936,-1.071684,-0.17887813,1.37105012,-0.27871943,-0.85461181,0.70113862,0.41255808,0.06620049,-2.51166487,-1.33819091,0.50423044,1.08830357,1.0609709,-3.02504992,b'6'
1174,-3.16805506,-2.2590456,1.87972069,3.57749581,7.02405787,-5.92317867,0.60780287,-3.47807622,-7.38972712,-0.0303205,4.82868481,6.00851965,0.72507507,0.59314573,-4.67031193,-2.79186773,0.16971529,-1.1805017,-2.34952164,3.27470779,0.13464847,-1.25024343,4.96541977,0.363518,-2.41746998,-2.65149474,2.44104576,-1.36528671,-0.7290678,-1.50953054,-0.68310344,0.24778795,-0.5747903,-0.29311639,0.88643289,0.29659724,-0.94191432,-1.74583101,1.93383026,-1.13583732,-1.45948172,1.3745513,0.54849148,-0.08745616,0.73628557,-0.0931972,1.55871117,-2.57135797,3.84994912,-1.46003997,0.12018455,-0.95663488,0.84850621,1.39768028,-1.49912667,-0.92555904,-0.37488031,0.21918249,0.71844155,-1.53965855,-0.19525418,1.14305997,0.72699189,-0.68739259,b'6'
1175,6.00964403,5.32616329,-6.85535049,-4.79055738,-0.60877103,-1.46502781,0.64176965,-1.86607862,2.56277347,-3.73313141,2.45697212,-4.47390842,3.13073611,1.27318323,-3.72368145,6.05430126,2.23996377,2.31815314,-0.97904623,4.29794121,1.56183696,-1.91074443,0.48625737,-0.84196615,-0.62054563,-2.16855502,0.78251743,1.13588977,2.5099988,-2.01142883,3.52201796,-0.73191893,-0.00194258,-1.1686542,-0.76977062,-1.88397443,2.54841924,-1.99070048,-1.77707231,-1.34461391,1.7723856,-0.17317779,1.43765903,1.43006659,0.50653768,-1.2931205,-0.59483618,0.27536607,0.08434272,-0.57091153,0.4880057,0.82699466,-2.22201228,-2.0994091,0.42845213,0.54965568,0.38173461,-0.90620899,-0.78646421,-0.21219885,-0.43908378,0.20549697,-1.72153401,-0.98555779,b'6'
1176,-7.86465836,-2.91440058,1.33953488,-2.18469048,6.87777376,-1.48921347,1.96462071,-6.41287613,-3.88076639,-0.81165683,8.66915512,3.92142439,-0.36447001,1.1509403,-1.35815144,-4.76146936,0.78806615,0.8370018,-0.6956048,4.21268082,-3.28593445,-0.75562519,3.81668353,0.89705229,-3.923594,0.08872947,1.40594018,0.35278463,-0.92399979,-0.1321739,-0.16226017,0.32635689,-1.10183108,1.94278097,-0.36794162,2.4344027,-1.10802603,0.59907639,1.26294017,-2.34415245,2.42305946,3.8295269,3.69240093,-0.36445266,-1.38549912,-2.11338019,-1.28789055,1.79685199,2.10011339,0.666628,-0.0273786,0.25585201,2.1276226,-0.32514536,0.6311034,1.1862148,-1.12334442,0.84006768,-0.23894528,-1.03024769,-1.5918957,0.33765489,0.355093,-1.25205886,b'6'
1177,0.021855,-6.06186676,-3.69088221,-2.53633285,-0.22953486,-0.51239336,-5.19702339,-1.59392667,-4.52395105,6.6858511,4.98902798,8.42444706,2.57405806,5.39673662,-0.180583,0.92640901,4.40935802,1.66129613,-1.94510078,2.9761672,0.26737085,-1.93886113,2.13631105,-0.40211177,-1.77591109,-4.01465368,-1.7160778,1.098315,-0.17737579,1.23728144,-3.48038721,-0.88055646,-3.02481723,2.75455832,1.6106925,-2.00257015,2.13428569,-3.67671752,-0.79428661,-1.96216869,1.05996466,-1.28191245,-0.23560907,2.21200895,-0.28746688,-0.93398154,1.18723226,-1.64569545,-0.82003862,0.4625963,0.19194008,-0.47160578,0.64356112,-0.07190263,-1.20480061,1.6146853,-0.49108648,-0.99953544,0.26605803,0.22533321,0.93334204,-0.13724428,0.42023945,2.16648984,b'6'
1178,-3.60857868,-6.90807676,0.69447982,6.6707921,3.29197121,-3.63988233,-0.25397587,-1.53089833,-8.89215469,1.44677198,2.71180272,6.02798748,-2.37314057,-1.61733186,-2.5734086,-0.04963565,-2.21233511,-3.34767437,-1.38014138,0.74059629,2.82023263,-2.64144778,4.40356159,1.6953702,-3.83550215,-3.49618983,-1.3020004,1.83781791,0.73102069,-2.81190825,0.11476731,2.4490881,1.39081144,-1.81471777,0.03600556,-0.02613452,3.20554471,-0.51123947,1.88410699,0.50002289,-0.40772736,-0.33608931,1.4276129,1.1773982,-1.76825488,-0.80994946,2.52512908,-3.58849168,1.25219488,-1.82776439,-1.45439517,0.58491927,0.71538091,-0.02788162,-0.32914609,0.19573182,0.5528605,1.07799923,-0.01966512,-0.46902454,-1.13627493,-0.11638018,-0.43904895,-1.52305877,b'6'
1179,4.698843,-5.29497623,-1.04059768,-0.19517095,1.68409026,-2.99433255,-4.08690643,-2.02201462,-8.43400002,0.66167521,8.17043018,4.81613302,3.06599259,1.34387839,-3.06809378,1.20549667,1.2562685,-1.84795856,-2.56483889,2.26582193,1.71734583,-1.08264184,0.02117604,-4.03928709,-3.87448978,-3.09816265,-0.72023702,1.64623451,0.27941871,0.65261662,-1.41604364,1.1155324,-1.13416219,-1.20465994,-1.24820185,-1.51541436,3.04579616,0.24088734,0.95416057,-0.60523319,0.31132865,-0.65255368,1.22469079,-0.0438621,-1.32948172,-0.30556267,0.65100741,-3.94053864,1.80560017,-1.09607029,-0.65536612,-0.19842952,-0.17352891,-0.64510965,-1.20729399,-0.40048948,-0.21810365,-0.02816412,-0.82074714,0.04109633,0.31514782,1.30959606,0.04931092,1.32555211,b'6'
1180,-4.62131786,-3.26900578,2.33377838,1.07380676,3.84343624,-2.93668771,-6.72305298,-3.82935882,-6.5377326,0.16443068,5.09163475,7.8789587,0.20999634,2.13067913,-2.57728386,-0.53722572,-2.52047801,-2.16139627,-2.03585505,4.65942192,1.06349874,1.73977423,2.83055186,-2.09630132,-4.24680471,-1.23378098,0.78421295,0.96977019,1.26685309,0.35674024,-2.54071522,2.18864202,-0.75092214,4.35579014,1.19275618,-1.66395056,0.97574234,0.51581633,0.82110173,-1.1806463,-0.30689961,-1.40850985,1.54880989,-0.27757055,-0.66008735,-0.8851257,0.93001151,-0.91882586,2.63924146,-0.79348803,-1.27944314,-1.86183429,0.92990804,0.24382067,-3.48405313,1.34350824,0.11164808,0.72569978,0.1820389,-0.98498464,0.0023804,0.5787316,-0.14450318,-0.91542494,b'6'
1181,1.87990081,-8.34739113,-1.11114359,-2.55078912,0.88223839,-2.20403671,-0.67054319,-1.70535827,-2.54802847,1.58786321,7.95205402,6.6044054,6.71612072,1.12423694,-3.82265234,-2.86189461,2.83808827,-0.39771241,-2.5275116,2.49417734,0.73032671,-0.72790664,1.90940785,-3.42087483,-5.71998978,-5.18358278,-0.82421517,1.97101426,-0.41218662,1.4740361,-4.6274581,3.3229351,-0.11598366,2.3020854,-0.04579687,0.84440124,3.24408317,-0.42179722,1.11833227,1.31207442,-0.32729882,0.0098722,0.19426952,-0.65490431,-2.40969372,0.03382733,0.45904726,-3.88992524,0.23023349,-1.89058244,1.22105968,-0.04094154,0.28058505,0.44400704,-0.94321805,0.30760562,1.19973934,-1.00930858,-1.79021931,-0.57902783,-0.69994527,0.55171835,0.11472064,0.84786344,b'6'
1182,-5.38340378,-5.89787054,1.22668672,-0.18474588,8.28224945,-2.71127439,-2.11706495,-6.48135853,-3.57477999,-0.88170087,6.52119637,5.05321217,1.7921505,3.13560319,-1.18699217,0.10574186,-0.49951839,-1.45600069,-2.78919315,3.79312611,2.00898957,-1.01553679,7.8473897,0.61184216,-4.68353033,-4.47092628,-0.87878525,1.12526846,1.10247397,0.44909513,-0.84873641,-0.47100544,-1.07277083,1.43804395,-3.04769969,-0.51744092,2.07409596,0.91642797,0.57119644,1.6616528,-0.32186061,1.17139316,2.34160066,-0.30035794,-0.22676873,-0.48236567,2.04253936,-0.6574347,2.31867027,-0.56642348,-1.79925776,-2.09100723,-0.0517621,-0.40145278,-0.0891282,1.11034715,0.44435239,-1.15594518,-1.29837584,-1.10742092,-0.66227573,0.23483199,0.16621065,-1.02180588,b'6'
1183,0.43531549,-2.02885962,-1.35754824,0.59406817,4.97251987,-7.41697025,3.19109797,-5.45061398,-9.62026596,-5.93437529,0.42034149,2.65161872,-1.83074403,-3.3784132,-2.51419163,3.3745122,0.28089666,2.20579314,-1.24104941,0.52852416,1.14960706,0.50875831,2.52513266,-3.19374418,-3.12194967,-0.00673338,0.06238371,1.13156343,1.32832503,-0.41403836,-0.50075448,1.67725801,2.47814608,-1.25137115,-1.53394818,1.05052245,3.51362586,1.88958955,1.07392776,-0.4580901,-0.91888964,-1.11310506,-1.30154657,-1.02106571,-0.22729778,0.59818631,1.65638447,-2.07004857,-0.79971915,-0.88252956,0.13670211,1.80946779,-0.83817244,-0.11056817,-0.83952898,-1.81026769,-0.03756332,0.04790817,-1.12092888,-2.0307703,0.21429829,-1.14744508,-0.44801641,-0.14836207,b'6'
1184,7.29182577,-1.46082902,2.11825895,-3.77949309,-1.61003804,0.38326478,-4.04364967,5.16913128,-3.52191305,-0.91546726,4.78557301,4.45475864,3.5788734,-3.05036569,-3.49957895,-1.84418297,2.11169481,2.5021553,-6.40504742,4.26941919,-1.52985406,-2.11108756,0.45487791,-2.41996264,-2.64062786,-3.56900787,-0.42167562,3.4262166,0.13753247,3.58979559,-0.6413461,3.43475866,-2.6897161,3.57789564,-0.12940288,2.14894223,-1.24953544,-0.83339447,1.5120753,0.24238491,-2.0610702,-1.08880556,1.39682961,0.76642793,-1.63671911,-2.11694193,1.45204246,-0.64627194,0.8770327,-1.7725594,-1.01260841,0.68104416,1.40622389,-0.86493039,-0.2630102,0.81339896,-0.4689219,-1.20560801,-0.19218022,0.47110188,-1.18655741,0.74614936,-1.43432879,0.41688624,b'6'
1185,-3.54104757,-1.46305466,1.14021134,6.60234261,4.20042753,-7.62940216,-3.08538818,-4.6914711,-3.61381578,-5.60358286,5.77224159,3.49272251,-1.58798838,0.55438697,-3.78027201,3.81000662,2.84217334,-0.20906717,0.3238259,5.04029369,2.8009274,-0.51507634,0.94698417,-1.33480752,-3.68467712,-2.1793685,1.00405455,1.98218393,0.87965941,-0.0461846,-1.215294,0.99605703,0.27291644,-1.15161204,0.08337229,-0.51636159,0.53867173,0.46762162,1.71305466,-1.08318603,1.06512928,0.93805939,2.66109824,1.05791569,0.0891968,-0.57406747,0.14369169,-1.24807096,1.31563139,-0.86063802,-0.4233253,1.39982212,-0.14504218,-0.51361942,1.14118636,-0.16755551,1.87550902,-0.2602759,-0.20051566,0.81848335,-1.42333114,0.982907,-0.175448,-1.18153417,b'6'
1186,2.74022865,-3.56289291,-2.88128901,-3.3741312,6.82537794,-6.55084038,2.27817154,-5.04833317,-8.36046791,-3.37914586,2.24114394,1.27440333,2.4411633,-1.97156465,-2.96114445,0.60452509,0.33991647,-0.59151489,-0.23340307,2.2753067,-0.26122636,1.23340058,3.61533904,-1.60735273,-4.50637007,-1.62054932,-2.34784627,-1.44880533,0.35424399,-2.28933764,-0.30315483,-0.89031076,2.18552804,-0.00259095,-2.66410708,-0.94463098,0.90023804,2.61771941,-0.07969189,-0.26143301,0.79839063,1.84366047,1.44756496,-0.27920365,-2.24045753,-0.9758746,-0.06952633,-2.32499957,2.39655399,-1.0275563,-1.30593503,0.95989299,0.19113564,-0.07499492,0.02403253,-0.95614082,-0.06757426,0.69096327,-0.28224006,-0.85380292,-0.18095282,-1.05253077,2.20542622,0.06397378,b'6'
1187,-6.20604897,-0.24490285,0.52298677,6.32874775,2.71102715,-5.22406101,-4.50845432,-1.09978151,-4.74085283,-0.93329394,4.45422459,5.63830996,-0.59296107,-3.03435326,-3.17944527,-1.50017333,-0.10299873,-1.36796832,0.16358674,5.93985558,-0.86013198,-0.85537916,1.54054165,0.00675678,-2.9399581,-2.74809361,1.05627441,2.79565334,0.19721413,-1.07767713,-2.1812191,3.70245123,-3.43407106,1.89961028,2.99196887,1.90757358,-1.38455522,-1.4370594,0.70885378,0.08210933,0.12905478,-1.01727915,0.44373387,-1.6102128,0.51869571,0.33352065,-0.39387095,-1.02081633,3.23972297,-1.55299914,0.18594888,0.0512892,0.99085772,1.1474148,0.37897366,-1.41243196,0.18331623,0.17043176,-0.87683147,-0.20136249,0.33286381,-0.22381711,-0.20922875,-2.23346186,b'6'
1188,-6.87180519,-2.82468963,0.78942043,3.71122956,8.20685291,-2.31240487,0.35974717,-3.64400458,-6.12581301,-1.40294743,7.95132256,5.6869998,0.26986104,4.14564848,2.03557849,-0.77587342,-0.79572701,1.77033806,-4.63217735,2.69286108,3.25689197,0.52090132,6.45079708,-0.05990076,-3.72424841,-4.17478561,-0.35691077,0.70472407,0.86828566,5.13324738,-1.9918915,1.45275593,-0.29254466,1.5753665,0.96655154,-0.1008133,1.40431595,-0.18745786,-1.06361067,-1.72743893,-2.40682602,0.35804707,-1.14304316,-0.12196536,-0.6743046,-1.43571234,3.44317007,-0.76803422,2.70988274,-1.63589966,-0.73490423,-0.57071781,0.46287537,0.8920598,-0.80773562,1.56383371,1.52169609,-1.07161272,1.14422989,-1.55371261,0.29292536,-0.71162748,0.61616969,0.38448772,b'6'
1189,-10.61579704,-2.40582919,4.99413443,-1.0215292,8.43541145,-5.92273331,1.77953053,1.96511269,-1.33703232,-5.51272631,5.21370745,2.46182871,-1.90097165,2.55863571,-1.99247837,1.03525925,-0.28002155,-3.42891717,-2.06541204,1.54895639,3.09858871,1.76449871,3.58432388,0.63079739,-4.36223459,-4.59710407,1.57503879,2.39236403,-0.2437892,0.484056,-1.6821245,0.31911564,0.80111009,0.44177055,0.8972249,0.62501663,3.88314223,1.41102266,-0.8641907,-0.05050316,1.33501744,1.28899181,2.42577338,-0.45640904,0.52177978,-0.1686254,0.73894042,-1.32217288,0.33609337,0.15734577,0.31932986,0.00636011,-2.12163424,-1.13720942,0.35326195,-1.27888799,-0.51707268,-1.3133539,-2.55764818,0.51173174,-1.15158713,0.23049355,1.60351503,0.37497655,b'6'
1190,-1.30131352,-2.71541667,-3.28359008,5.00908947,4.48343849,-7.99999142,2.65747643,-0.85575879,-5.76143503,-3.64993429,-0.88327384,0.92131543,1.06262994,-5.29508257,-5.18801975,-1.95560455,0.72215557,1.47782707,-0.90869802,1.90515089,-2.10967231,0.1752274,4.38554001,-1.99663782,-5.13188028,0.62789148,1.88384092,0.3077035,0.9794786,-0.52863425,0.96085989,0.97712374,0.47522932,-4.6216445,-2.37560678,0.79032815,0.92317343,-0.01714557,1.32577515,0.74332166,-0.57266551,0.81840765,-0.11304323,1.92026663,-0.81545258,-0.45088202,-0.80296588,-1.54747081,-0.37653226,-2.50891924,-0.8173424,1.48512983,-1.37220955,0.92313695,-0.19510823,0.40450752,0.25228834,0.21125096,-0.00860906,-0.07157683,-0.00839248,0.23165864,-0.26445556,0.57932979,b'6'
1191,7.73220587,-0.37678814,1.28470194,-8.49177742,2.32203341,-0.85079646,-0.05632615,1.01909697,-4.66766596,-1.61887538,6.55927467,5.64113903,-0.79592752,1.09982705,-0.992342,5.59078407,5.78832912,2.37853932,-1.40418124,3.50079918,0.63543844,-0.42520553,-3.31546855,-3.49435091,-1.99670064,1.39559972,-0.23445955,1.10082436,0.40353894,2.64336777,-0.44080412,0.23124981,3.00348592,-2.18203759,-1.42333174,3.84498739,1.43832684,2.34649587,-0.50084746,-0.25624275,2.30184913,2.12340045,3.70650601,-1.07269442,1.61329651,0.41789657,0.66450274,-1.66709113,0.87080687,0.30816454,1.24811006,-0.33626735,0.88284099,-0.31730723,-1.49143624,0.8476243,-0.16885567,1.31253457,-0.49469507,-0.486462,-0.07067065,0.69929951,-1.02798796,0.6209954,b'6'
1192,-8.31227398,-0.85310602,2.247895,0.79315722,1.74087012,-3.06985354,-3.1377368,-3.63442349,-7.10407782,2.505512,6.9291029,6.65954828,-2.69516754,0.90551442,-0.98515749,-0.39245915,-1.79398298,-0.9232378,-0.62390816,6.84013462,-1.06764293,-0.53742284,2.21869946,-1.94367194,-1.18239379,-1.23501122,1.84582913,0.01836991,1.13397884,1.29082811,-1.07214463,0.33440423,-0.59406286,0.75833714,1.20371222,2.99165988,0.06052065,-0.07477623,0.61102843,-0.89441919,1.59018755,2.19096327,1.49409056,0.3115167,-1.29946434,-0.25790718,-1.39535546,0.71547258,2.49364018,-1.25819063,-1.20240653,-0.24029911,2.19099426,-0.71569538,-3.68945646,3.02262783,0.80595195,1.1575861,-2.54465914,-1.23953629,-0.45947316,-0.69773096,0.66010165,-2.24517298,b'6'
1193,6.1931963,-7.05600452,1.7160542,-4.61113214,1.56905377,-1.86732531,-0.83980846,1.08001184,-6.88225889,1.04327035,8.13221931,5.21425343,5.99785328,2.30648899,-3.7480979,-0.8951292,-0.5460453,-1.83484101,-3.71034145,2.12716532,0.29310244,0.41740623,0.86884844,-0.16816282,-3.02308416,-2.59046721,0.43712687,1.96407986,0.77056527,0.69426811,-3.45787859,1.2579987,-0.45145667,1.42795801,-1.23379588,-0.58795726,2.64152837,0.69687152,0.00568914,-0.59545857,2.06327033,-0.10517399,1.68402135,0.59217936,0.31000006,-2.7014842,0.0288787,-2.51102662,0.80421942,-2.00533438,-0.39734805,1.14017022,1.10319757,-0.29285908,-1.47035933,0.55827057,-0.12688279,-0.15626098,0.08793646,0.55438554,-0.93618071,1.41762304,-1.06107402,1.69637156,b'6'
1194,-10.07409859,-1.37239838,-5.30060101,4.90259647,7.5145731,-2.26807714,4.7528162,5.06233406,1.36431241,-7.87435913,-1.81378937,0.45837092,1.07000434,-0.15564099,-3.41056919,6.99886703,3.10396886,0.17269087,1.25586081,-0.04853129,2.4799118,-3.40426826,1.85409939,-1.5088135,-1.18674457,-3.65386844,-1.21685958,-0.60169309,0.49018621,-1.51530349,0.30094421,-1.49767995,0.21757539,-2.28887653,-1.9582808,0.39915538,-0.0473268,2.75476527,-1.92117035,2.37530518,-0.77209961,-0.15630679,-0.93602055,-1.88212633,-1.78370202,-0.16144562,0.8479597,-1.49859738,0.53915298,-0.09584916,1.59720051,-1.91273212,0.42030072,-0.69024348,0.34820396,0.14215595,0.25613189,0.08248056,-0.43531308,0.08306479,-1.30245256,1.38399124,0.00969499,-1.24740088,b'6'
1195,8.61913872,0.38421774,-0.04903913,-4.64522409,1.09883559,-1.57705307,-2.79316902,0.22077459,-8.24655342,-1.41786921,5.42482519,4.62546539,2.06084967,-0.19666645,-3.60020161,2.38202906,2.42322659,-1.24136198,-3.66780901,2.57456779,-0.47087812,-0.83068258,-1.69595361,-4.241786,-3.19396687,-3.04346681,-0.34695232,3.23303318,0.45086384,0.33237004,-0.34926331,2.09358072,-0.60354525,0.63209748,-0.31159449,0.26107016,2.2248261,0.41642708,-1.09140384,-0.28636059,-0.63983703,-0.3264305,2.13556457,-0.48931342,-0.78670776,1.11565852,-0.80976641,-3.47385335,1.27982736,-0.72192931,-1.13525248,-0.30197066,-0.50303006,-1.31477642,-1.7248528,-0.01440918,-0.32315946,0.92910415,-0.342053,-1.04602337,1.53296995,0.31481314,-1.3208698,0.73187351,b'6'
1196,-7.84990835,-6.08803654,4.96839142,0.34549686,5.1485815,-3.68570018,2.23771572,-3.24043918,-4.88073301,3.72778606,4.80422211,7.29345512,-2.31712103,1.01742172,-2.48477602,-1.77117562,-0.89827824,-1.26422548,-2.008111,4.56432915,2.73107719,-2.0762291,4.66192722,0.32180643,-3.18193102,-4.13652897,1.47218978,-0.45778942,1.37691212,-0.29482692,1.83782768,2.37050056,-2.28005338,3.60559654,-0.69727874,1.81921422,0.49554825,-1.9637413,1.36575913,-1.7404871,1.76415682,2.94493103,1.45224142,1.46878314,-0.16497576,-0.67475361,-1.0942167,-0.31155801,-0.54975903,1.10871339,-1.22609437,-1.03032172,-0.52425957,0.97639072,-1.38238335,1.31560683,-0.4727726,0.09053043,0.54656655,0.15257299,0.48563278,1.83441615,0.85286641,0.22783807,b'6'
1197,-8.19343185,-2.99311566,4.91973972,-2.14804339,5.81536627,-4.06475258,-0.75347757,-8.08265781,-1.647192,-2.28569317,8.12503433,3.9832375,0.64686543,3.90419817,-1.74225664,0.1992079,0.62117028,-0.9530741,-0.98353761,6.86118126,-1.15008593,-0.91315562,2.72218442,-0.67716384,-1.10110891,-3.31505728,1.70127475,-0.47040492,0.41290808,0.43657863,-1.00119269,-0.90680051,0.98624635,-0.48358327,-1.80233598,2.66282153,1.07119584,-0.2528618,2.43189144,-2.03355408,-0.04751468,4.49523163,3.84868956,0.67151523,-0.02407646,-1.12786627,-0.56221652,0.25834918,2.15050507,-0.6907469,0.39414126,-0.43136561,0.90674698,-0.45674014,0.20022607,1.15403116,-0.19749951,-1.30644691,0.50479501,0.47204709,0.66972709,-0.74899304,1.51839697,-0.93486702,b'6'
1198,0.91695869,-6.44992542,-0.38585991,-1.16910756,5.88492537,-2.45414472,-1.54807568,-6.45475674,-6.25667143,-2.80817723,6.7686739,4.25314569,3.72951627,3.19123816,-1.99155998,1.19129455,0.42878747,-0.03932589,-1.41384077,3.17636108,3.56548357,0.86981183,5.1673975,-0.35820174,-2.48512316,-2.16884279,0.28859735,-0.83469272,-0.75278807,0.25081885,-0.98094618,-0.21895242,0.87177384,-1.8077383,-2.32231402,0.89591801,1.99123597,2.75031495,1.47339427,-2.22261047,0.59719288,2.54684496,3.45480657,-1.51559448,0.00677907,-0.59248161,1.21054173,-2.749089,2.13973522,-0.68330276,-0.37124091,-1.36865175,0.34823203,0.50941557,-0.87297064,2.13284516,-0.76652431,0.00201979,-1.72472596,-0.22458923,-0.74927598,0.63277811,0.3835181,1.74008727,b'6'
1199,-4.46936369,-1.93236828,2.72206688,0.21786645,8.31186104,-5.07908344,0.97530746,-5.61567307,-7.0975852,-4.8620224,4.10173416,3.97550964,-1.71815872,0.85315132,-3.91485214,5.87691545,1.8986342,1.10935163,0.08096746,4.1027813,0.95990229,-0.61190945,3.90298772,-3.020015,-1.93956602,-1.98052943,0.13330346,-2.4497509,0.60059857,1.27578461,0.10435688,-0.48954701,1.51244521,0.00065023,-2.01760221,-0.13752219,1.79329133,0.83636278,-0.53446019,0.15936643,-0.82859045,3.03631306,3.03190351,-1.33740377,0.0921675,-0.65172452,1.27627575,0.06609178,2.47396278,0.3136797,-1.16470957,-0.23929799,0.14197087,-1.35906529,-1.48555136,-0.31503105,1.18081224,-0.8565529,-1.42458141,-0.72670782,-0.45546085,-0.00417271,0.16229516,-0.86934906,b'6'
1200,-12.186553,1.17156935,-1.01507878,-8.78770065,-2.4124949,0.75604463,1.49814653,-5.62796593,-1.90756226,-3.30061555,-3.2547946,-1.59693551,-3.40953732,0.20104077,-3.5436039,-1.54499888,-1.8486768,-1.22112858,2.7970109,-1.13668346,-3.73246241,0.15995419,3.68309188,1.42786789,2.52866793,-0.53764766,-0.38222617,-0.09139913,0.39718032,-1.15613472,-1.30315411,1.75850821,-0.59442002,1.11945426,-0.51467454,-0.07570258,-0.81782961,-2.19781232,0.75727779,-0.02629018,-0.01436865,0.00531884,1.265347,-0.65395242,-1.73157609,0.7544359,-0.53152901,-1.28467965,-0.53333557,-1.3337878,-1.37176275,0.6795978,0.90867686,-1.41132665,-1.08650184,0.77734864,0.9660908,0.90419632,-2.44689679,0.41349173,-1.55850661,-1.10268331,0.72665644,0.337253,b'7'
1201,-13.28781414,-0.43674541,-0.26856059,-3.915025,3.90349579,-3.21297336,1.81853831,-1.1774478,0.39809799,-5.91059494,-0.07440782,-3.24556804,-3.23856449,-1.46088076,-4.02149582,3.21495008,2.85818887,-1.81359696,1.70374727,4.00753164,-2.57882571,-2.63287187,2.39776945,0.99007964,0.90189922,-0.64106005,0.391406,0.59285223,0.34909272,1.21654189,0.56104851,0.95696163,-0.35762131,-0.07347256,2.26506186,0.65866315,-2.17495465,-0.14722723,-0.18646681,0.62244868,-1.84394813,-2.58070397,-1.44228339,1.86560583,1.27321112,-0.97784954,2.73253274,1.41396785,-3.57260394,1.77429545,-1.23900521,0.4791199,-0.28278732,-0.18735909,-1.00180387,1.36335349,-0.24971032,-2.00670457,-1.88848519,0.26400089,-0.63879031,-0.31700405,0.4163506,1.77974796,b'7'
1202,-9.02733231,-0.7580893,4.04179668,-6.29658937,6.49811125,-2.40571856,-1.76184511,-3.5392487,0.85551977,-7.09217548,1.53697765,1.76440406,-4.56754732,0.22443196,-5.69617271,7.39764118,0.40423083,-4.29012489,-1.28061819,1.96065712,-2.17054653,-4.44860411,0.84740412,-0.86139631,-2.08688235,0.23026228,1.10478663,1.18843126,3.00086045,-0.37504596,-0.60220397,-3.11501479,2.64260817,-2.38016272,-1.95485806,-0.79361379,-2.07806897,0.71049023,-0.89804327,0.25354725,0.49082434,-0.46716231,1.36257839,0.03279001,1.69348979,-0.31303364,1.08723557,-0.34724593,-0.88099837,0.4678787,-1.81717467,-2.27230716,1.30598068,-2.5676105,-1.21889305,-0.57865703,0.48636746,-0.90685666,0.03100818,0.38819563,0.15001683,0.30473626,-0.31459674,1.84689713,b'7'
1203,-9.2427702,-0.93197131,1.66230059,-5.47481441,4.30059147,-2.24377728,0.8052299,-6.61808968,-2.65086746,-11.38132191,1.32461464,0.74268699,-1.94855905,-0.81113809,-3.26934719,5.41094542,-0.70743382,-3.33534145,-0.13252367,1.50695968,-0.41928649,-0.59093684,2.70818329,-0.11855888,-1.01579976,-0.08553147,-1.69783235,-0.06406331,2.63946557,-0.42542765,-3.36655521,0.90471315,3.00469804,0.03945321,0.07486838,-0.4933677,0.64835501,1.51520562,-0.06509972,-0.07139516,-0.89997959,-0.5550223,-1.01774096,-1.02102494,0.8211841,-0.90441293,2.00051737,-2.37096524,-1.08325076,1.56773174,-1.52329028,-0.24354959,-0.27189183,-1.20574594,-0.68632287,-1.29442906,-0.06699109,-2.27936006,-1.86086631,-1.02768135,0.3851347,-1.36415398,1.36288798,-1.45818818,b'7'
1204,-13.64966297,-2.36793423,3.29450607,-6.00616646,1.76155746,-0.21807814,5.93026066,-4.04967499,-0.61915874,-2.89892435,3.75232029,-3.26965261,-3.93183184,-4.3436079,-4.51115036,-1.49167657,3.72972846,1.6901648,3.11650872,-0.24857306,-5.35694027,0.84016895,0.16474847,-0.19134855,-2.45596695,1.98143685,2.15396357,0.23824334,-2.29225588,0.58411944,0.19759512,-0.63824105,-0.09957503,1.53965271,2.28063965,-1.62670147,-1.56782067,2.4916029,-0.75005424,1.05221879,-0.45042807,-1.01917112,-0.53741288,-0.13137445,1.16203856,-0.12692626,0.80244195,-0.24293637,-0.5660733,-0.53572625,-0.74659353,-0.16767788,-0.73838687,2.57212639,-0.12203962,-0.05373526,1.24458063,-0.45371383,-0.05216485,-0.23162884,-0.08922677,0.0456689,0.44023025,0.98855555,b'7'
1205,-14.02517319,-1.10620093,3.54373741,-4.24398899,4.8039155,1.7052443,-1.62106609,-6.12113285,-1.67646074,-2.92018914,11.77476311,3.73946571,-1.05240631,1.08490443,0.48281264,-1.16555619,-2.58089662,-2.6544323,-0.26752198,2.04340363,-2.93353438,0.21621484,2.64475203,1.01577139,-3.72087336,-1.10648465,0.73352015,0.73402083,2.22092676,0.51433492,0.4778738,0.02300119,2.7562201,1.27892113,-1.79108071,0.36753857,-1.5170064,-0.84851712,1.14926863,0.05440795,2.18806934,1.90161622,2.18749475,-0.91429311,0.78860402,0.43960488,1.67943144,-2.3932302,2.02045798,-0.95169687,-1.55408442,-0.13442373,1.32339454,0.61323655,0.06657451,-0.02424163,0.07389712,-0.47931433,-0.07701218,1.39362085,-0.95384163,0.5676561,0.29789007,1.00623,b'7'
1206,-14.46183586,1.45898914,-0.26462352,-8.91590214,0.05760562,2.11380625,3.71084261,-5.7682066,1.01565599,-8.10213184,-1.00437641,-0.37000728,-1.9253664,-2.36780667,-1.17867661,-2.04022646,1.73732853,1.43593693,-0.95790374,-3.82481003,-2.87799931,0.27987152,2.89311743,1.79310083,-0.6021452,0.28644902,1.46210933,2.22216702,0.66736603,1.88919747,-1.44939435,0.9348104,-0.37119251,0.39756089,0.21734935,0.92592305,-1.0340085,-1.28602219,0.88005757,0.12007135,0.20474589,1.91031969,-1.13800406,-0.64609659,-1.10776079,0.19099289,0.25924787,-1.32197022,0.76788682,-0.59610975,-1.02680194,0.4498598,1.67616427,-1.14540792,0.03899956,-0.21029228,0.02796578,-0.37867635,-1.26818013,-0.51739377,-0.2204164,-0.10715637,0.88348877,1.03149211,b'7'
1207,-11.4851799,3.55183935,-4.78898811,-7.14657879,-0.53169531,1.25554061,0.90348482,-7.06128788,-2.70499229,-8.84695721,1.51659596,-3.21547151,-1.5148654,-1.72546625,-1.99008465,0.22612381,0.38161349,2.01662183,1.09883821,-2.07007885,-3.09065032,1.80139911,-0.75604701,0.07871509,0.26069981,-0.11176665,0.40076143,-0.32951581,2.42847729,0.68081069,-2.31527376,0.90297651,1.69618261,0.78042638,2.76938748,0.99908769,-0.09473729,0.73411691,1.57511795,2.08438277,0.35348463,0.80883408,-0.94418502,-1.51872325,-1.37007391,0.81830096,0.89876759,-1.36997056,-0.72374529,0.05172062,-0.10548736,-1.52173162,1.51527786,-1.52098942,-0.90029615,-0.95614791,1.62227178,-1.20362723,-1.4369359,-0.06647563,0.53341693,-1.26488829,-0.34830993,0.85690504,b'7'
1208,-16.45930481,-0.71465564,4.21964264,-4.78358459,3.32794905,-2.36969066,1.61740136,-1.52389908,-0.59549236,-3.85004663,8.57001019,-1.15676332,-2.82642794,-2.24248075,-1.80654907,-1.0038631,1.34736562,-1.60828447,1.11622059,2.42202282,-2.40564513,0.4205572,0.3728314,1.09989309,-1.1778183,-0.18439519,2.27239895,0.8052156,-0.0051403,2.20712519,-0.04006088,-1.73196983,0.81336153,-2.68390489,0.5490815,0.63105881,-1.31133854,2.07515049,-0.96894586,-0.23568401,0.7614677,1.29780698,0.29759076,-0.47680104,2.22901654,0.41520393,1.42021525,-0.97684598,-0.31077689,0.57070482,-0.56459963,-0.19550633,0.47534645,-0.82070041,0.5378105,-3.05304122,-0.44397664,-0.25895,-0.656515,0.42436087,0.27668095,-1.30396318,1.87232935,0.51235825,b'7'
1209,-13.56268692,1.47521877,1.87359214,-7.46749067,5.02030611,5.50349712,4.37538671,-4.91735458,-1.15714645,-7.9846468,6.4040699,2.84724784,-5.66314983,1.47734773,0.21177316,2.00368071,-1.36496091,-2.27219057,-0.33199894,1.40497661,-1.63157225,-0.11434555,-2.25625515,0.31013966,-0.88700527,0.85138899,2.4533658,-3.39121294,2.971138,0.48865986,-0.67857683,-0.99144089,3.00354958,1.31360292,-0.37859142,-1.88276827,0.87028766,-0.54787678,-0.14487803,-0.06902173,0.96190715,2.87795401,-0.84145916,0.33830303,-0.03215897,2.43073273,-0.41156119,0.35448861,0.12636939,-0.28617796,0.91329896,-0.64605546,0.48983264,-0.77666664,0.44489172,-0.52205324,0.48552656,-1.62768114,-0.06601042,-1.36861038,-0.62205875,0.41805863,1.36442697,-1.77356184,b'7'
1210,-12.04575729,2.97782612,-5.04239798,-2.51977706,0.20194268,-2.0599978,-0.13699651,0.64406037,3.75684118,-4.40334558,-4.11699343,-2.37361646,-4.58684731,-1.9984957,-4.94286823,2.26789856,1.42390919,-0.33712459,3.57631302,3.53305149,-3.25162292,-1.91824222,1.9094702,1.02147913,1.9481343,-0.47915912,2.35509157,-1.25892174,0.98949003,0.05975056,-0.43560088,0.80867982,-1.45802498,0.5206213,1.78657699,-1.07678199,0.57207727,-0.98405641,0.89361608,1.10668743,0.48474765,-0.47524887,0.12752219,2.58530426,1.18159032,0.24174148,0.4852438,1.13616407,-1.02435493,0.83169591,-0.65682167,-0.35791445,-0.644418,0.32137525,-1.13115311,0.23629439,1.06370008,-1.13036287,-0.23058596,-1.22395313,0.68928403,-0.74116403,-0.56230342,1.15332854,b'7'
1211,-4.60862541,2.66781521,-3.13660383,-3.97029972,1.98368514,1.22012937,0.93437839,-3.66992211,-4.01011038,-10.08184147,0.2412715,2.7085638,-4.96065521,3.74960971,-5.48310852,-2.13746977,0.72682524,-3.25779724,-1.79156268,0.61303902,-0.66686928,0.51126635,-1.69733536,1.12622786,0.38422513,-0.70727712,0.90209675,-2.93787575,-1.74037075,-0.57974231,-2.36669922,0.84717178,-0.06256203,-0.18753296,-2.0776906,0.26296526,0.61272168,-1.30962825,0.40698862,-1.04362261,0.02486193,-0.34841639,-0.48883075,-0.93265367,0.23960209,0.4648906,-0.07175277,-0.96657729,-1.2166729,0.55906022,-0.06592999,-1.29736781,-0.24687409,-1.19130826,1.97515202,-0.68309224,-0.45775771,0.76417994,1.26404524,-0.8225984,0.50746584,0.01043335,1.43575108,-1.63085997,b'7'
1212,-12.14175892,0.41576505,-0.04374516,-8.28337383,3.25732422,0.25393343,2.96975374,-10.47429276,-0.31197643,-8.49217224,4.46503305,0.47656846,-3.26066303,-0.90033764,-0.43499756,-0.28640842,2.94954515,1.70476294,-0.36143875,-0.88209379,-1.5856576,-2.14806962,0.54289293,1.86906242,-0.73024911,1.74505627,0.21102297,-2.22985029,1.79019451,0.82583082,-1.67467678,-1.54966795,0.991382,1.69191694,-0.05125451,-0.62511849,-0.35134411,-0.79909259,1.96013451,-1.15554857,-1.24580443,0.83213884,-1.24145889,0.4234162,1.34229493,-0.36149442,2.04484749,-0.81188703,-0.8919847,0.88436675,-0.95070291,-0.62333441,-0.14555693,-0.76849103,-1.58985758,-0.88391757,0.47370267,-1.3465209,-1.02036059,-0.65353972,0.26706147,-0.20177722,-0.32179758,0.38094518,b'7'
1213,-6.97243357,-3.11183429,6.70836258,-3.32219315,4.67516994,-4.16706371,0.39140534,-7.23515224,-0.68728065,-5.81796122,-2.60622501,-0.06847215,-0.00689161,1.25074911,-3.24069834,3.14485097,1.60485053,1.17224288,1.64953971,0.80283999,-4.40398455,-1.02019715,2.0068469,0.84472013,4.11957741,4.7783761,-0.71246958,-2.94829512,-0.51502085,-1.67294657,-1.64757264,-0.50019646,0.01860994,-3.28897572,-0.01422685,-1.58717549,-1.56921721,3.671345,-0.06881559,-2.08479166,-0.54599452,0.22982332,2.18404603,-0.52182728,0.45481014,0.05785428,-0.2247458,-0.45823073,-0.96719277,-0.55362475,-0.20757441,0.63653964,-0.93980503,-0.20800972,-0.03155184,2.05809474,0.06393147,0.91386706,-0.80805862,1.24296439,1.10126591,1.15461493,0.22274947,0.56830782,b'7'
1214,-10.11732864,5.75156593,-3.01883984,3.95227218,2.70740509,-4.10048676,0.86078119,-4.95232201,5.20099926,-5.4066658,4.09770727,1.11513686,-0.84985971,-1.82873559,-3.81220436,5.52467155,0.26928139,2.40534115,1.99417734,3.26867485,-3.92198181,-3.4878583,0.90520549,1.88906813,1.33492529,-0.01165668,-0.6338743,-0.09768701,0.783746,-1.89003205,1.84271073,0.70328593,-0.13722698,2.34616637,0.71791351,-2.24123359,-0.51587903,-0.84740466,1.13347197,-1.10327196,-1.05102205,-2.08104801,-0.54539323,3.7657876,2.47640896,-0.61159563,0.3659237,1.26523638,-0.82550865,2.68297243,-1.15952218,1.41233134,-0.54733992,0.43494427,1.01485252,0.32521307,0.88347697,-0.08560915,-0.10593784,-0.41167986,-1.07033932,-0.23773324,0.91607237,1.33115661,b'7'
1215,-9.38209724,0.16643786,3.12787056,-4.50093842,4.28776217,2.42392015,0.89616108,-5.11362839,1.44348764,-3.12255096,-5.0682168,-0.68371701,-1.41962814,2.54802656,-5.89144421,2.02616596,2.16743779,-1.06794417,2.66819906,-0.64692247,-6.90773678,1.02018344,-2.36921835,2.46966076,3.08509111,1.77456987,0.20249176,-3.85799718,-0.65443945,-2.25234222,-2.00299788,-0.37938619,0.22583862,0.68220663,0.44184965,0.11173242,-0.31466818,-0.63870376,1.49479508,-1.79585469,-1.411906,-0.31462044,0.76176882,1.59423864,-1.65511692,-2.32110119,0.60363781,-1.46641612,-0.1566298,-0.28692824,0.60289061,-2.0334568,-0.48762131,-0.84154844,-0.93132919,0.14842117,-1.2718873,0.56107205,-1.65981889,-2.31122994,0.611341,-0.8061465,0.80604696,-0.13394055,b'7'
1216,-9.72204304,-2.92879343,6.68357086,-5.48320723,7.29779148,-1.44428253,8.63686275,-3.9935143,2.1563015,-5.27214193,-2.14201927,-0.33467078,-1.96877217,0.06145357,-2.13015032,6.29486895,-1.98548734,-2.33302307,3.25871944,2.36709166,-3.71645474,-2.60375524,2.03346014,2.2910409,-0.62162155,-0.92087656,-0.61515725,0.53428161,1.42176604,2.91700315,1.29940724,0.13374186,0.6423856,1.52683783,0.0548737,-1.81371009,-0.64413333,3.03984976,-1.85921562,0.96989977,-2.31137991,-2.30825186,-0.64975303,-0.94181293,-0.15135133,-2.51567435,1.97832334,0.12088799,-2.10724115,0.2775116,-0.90228927,-1.03417921,0.29533625,0.72541213,-1.15638089,0.78640842,-0.47497487,0.15174502,-1.30871761,1.38275445,-1.13982499,-0.50542104,0.20911908,2.15466881,b'7'
1217,-14.18146324,3.13274145,1.06798053,-7.50403643,-2.25159693,0.18957365,2.6916461,-3.75104356,1.63344002,-8.972579,0.37805057,-1.03577065,-1.42990351,-2.17567873,-2.27930737,-2.18409634,2.64942527,1.8934288,-1.76395679,-4.69886589,-1.67567396,-0.17115635,4.28645706,2.12462044,0.26015663,-0.38508388,1.66888463,3.08126163,0.91983819,0.9748137,0.08445525,0.72379065,-1.45257592,0.18669188,1.32802689,-0.16746888,-0.52130985,-0.66593951,1.57889009,0.96489537,0.29658628,0.86615026,-0.06081827,-0.26433417,0.29311121,1.58814895,-0.82060444,-3.02672076,-0.03654912,-0.55571008,-0.64148062,0.36236227,-0.78618979,-0.20827878,-0.40273362,-0.59784776,0.24379015,-1.62517715,-1.16433048,0.70879138,0.54567581,-0.93622077,-0.48039991,1.27132702,b'7'
1218,-11.21760273,3.42037487,0.00787103,-11.31143475,-1.14803433,1.33788431,1.96585035,-10.70313549,-0.98806143,-8.15822315,2.88742185,0.68303609,-2.60053897,-0.21346465,0.1765337,0.35485363,-0.06854022,3.10153937,-0.40832359,-2.04382634,0.15936872,0.51082766,2.3672092,0.29600596,0.9413861,-0.14343899,0.58125782,-0.94756746,3.7352581,1.36918986,-0.40923011,-0.04835224,2.84752297,3.38012362,-0.05777192,-0.01316145,-0.77979445,-1.31409025,0.41552544,0.93937409,-0.00934315,2.93291879,-0.37628046,-1.09949231,0.33047765,-0.09017208,2.80670571,-1.43814158,0.70492262,-0.38554358,-1.18602288,0.37089774,1.46687508,-0.34646082,-1.39608645,-0.72142255,0.61805367,-0.57844329,-0.80531168,-0.26162052,0.86853606,-1.21402907,-0.16320938,1.27542186,b'7'
1219,-8.15083599,3.13438129,-3.78173447,-3.53122902,2.00247669,-1.46488905,-1.83324862,-1.65905309,-0.52213764,-9.15415573,-2.22913837,-0.1621592,-4.61111259,-1.56866789,-6.87573433,7.05694723,-0.39733016,-2.56685185,1.01862478,2.4094696,-0.96438718,-1.17858744,1.94086075,-0.3610568,0.41062462,-0.81105852,2.76355314,1.19512224,2.41832829,-1.73031497,-0.80125606,0.79075694,-0.35315955,0.30148768,-0.83207512,-1.40299487,0.35884619,0.46613431,-0.09394097,1.124102,-1.12439346,-2.50845408,-0.2151375,0.83690482,1.44553661,-1.40422487,-0.92046118,-0.05917716,0.00660324,0.31821549,0.23230098,0.36263299,-1.59133601,-1.38686538,-1.48770761,0.82088983,-0.24854445,-3.5105195,-1.23553586,-0.03980899,0.09271248,-0.83292437,-0.39349356,-0.09396241,b'7'
1220,-1.99577737,7.99557877,1.52631235,4.98388481,3.42065287,-0.98859739,1.78117621,-7.60307312,8.98686028,-5.95758677,-2.17324877,3.91630006,3.16423154,-4.3068428,1.52220368,2.95085716,-2.2558217,0.83064485,2.33078909,-4.65176201,0.49182546,4.39171362,-1.90291893,3.22625065,0.73594546,1.47648239,0.21481812,4.15578461,2.09467196,-2.63190269,0.39035821,3.67059278,1.81729937,2.21018004,-1.32722116,-1.81563199,1.03961658,0.06782871,1.48342645,-2.23561573,1.16661167,2.84569812,0.10211955,2.08869433,1.7184453,-0.28815743,0.44196892,-1.31905627,1.48427176,2.2456584,-1.18909252,2.19699335,0.74049532,-0.60169852,-0.04515499,1.41667295,0.31229758,-0.49273467,-0.51934409,1.15216053,-1.91228688,-1.13386345,-1.43093157,1.45383608,b'7'
1221,-12.79663849,0.97029066,-3.38776112,-1.0030793,2.99716806,-2.20098281,2.37846899,-2.6640923,3.97638035,-7.17501259,1.58810878,-0.56071925,-0.96981716,-2.36011243,-4.26953506,4.99566174,2.3513515,2.79209447,0.56580269,3.12504959,-3.91837502,-4.08843279,2.04364061,0.46284413,0.59842062,-0.35006934,1.13434505,1.97312379,3.06472731,0.2556479,1.43142819,0.13857484,0.34145385,1.94218373,1.96023035,-1.1520499,-1.13620877,-0.86668295,-0.96149313,-0.07688758,0.27332807,-2.99795651,0.56978053,4.54010725,2.52616358,-0.29599863,1.96775603,0.60674274,-2.40087104,2.66890717,-1.14782333,0.20336616,-1.37896514,-0.47923839,-1.28451204,1.14635301,1.04805505,-0.94677997,0.26908469,-0.53735334,-0.65243185,-0.99211466,-1.20069301,1.36546922,b'7'
1222,-5.75311375,2.93452692,-1.58021927,-4.54389906,4.50160027,5.32889366,9.59155178,-2.05034995,-3.45343161,-6.43706417,2.34633827,3.98326921,-5.97028303,6.22688532,-1.51604223,-1.54894185,-2.6491313,-0.23549342,0.62225211,0.93977213,0.40031636,2.76442862,-0.84941411,1.53539753,2.40955734,1.95325649,4.39905596,-4.0352025,-0.4610343,1.68679965,-0.66701615,-0.37396407,1.13666797,-0.97663182,0.2612716,-2.66744208,1.18437672,0.45242983,0.72086233,0.39957696,-2.17638803,1.72536588,-1.67975509,-1.38171339,-3.04811668,1.61529779,0.57086217,0.2788043,1.58347774,-0.23870862,1.52954865,-0.37554717,0.30858397,-1.07798147,0.04956013,-1.20666933,0.63033724,-0.15217005,-0.43394199,-1.32188749,0.57103765,0.16025138,0.77847242,-1.52944267,b'7'
1223,-11.94884014,0.59179997,3.46468139,-8.46974277,1.39594734,0.22023022,2.839288,-9.07740879,0.10779953,-4.44529057,-4.3637948,-0.53013349,-1.04800177,2.09024715,-2.02109289,3.97767854,-0.79282749,-0.02925873,-2.16017747,-1.13691819,-3.13281536,-0.39591521,4.85423756,0.89324808,2.58511686,-0.03683614,1.27236509,1.69665217,1.67942286,-0.08465064,-0.0058794,-0.88595796,1.24370086,0.81774783,-1.82106733,2.11047816,-1.1763407,-2.0741756,0.72980279,0.42377383,0.70323467,2.04377079,0.22743426,0.15002845,-0.52103186,0.57734102,0.96977097,-1.89024997,0.7061016,-0.84074324,-2.02055144,0.68927813,1.60298967,0.94376254,-0.56768018,0.57226467,0.71270776,0.57789856,-1.19573879,1.30577624,0.77018541,-0.02218455,-0.5963608,0.94862926,b'7'
1224,-12.6264677,3.12421131,0.28219655,-3.78786802,1.51982844,-0.34074485,1.69461656,-6.46690559,-0.54275131,-11.67677307,4.30147886,-0.47504401,-2.90714884,-1.75080538,-0.75439692,-0.76716161,3.92498755,1.37443638,1.15265954,0.72596955,-3.21218848,0.1963138,0.75678539,0.38675928,-1.2591188,0.7029711,1.72997987,-2.01938415,1.53937244,1.79442108,-0.77119553,0.54459,1.51823139,-0.52103716,0.37128383,-1.97675145,0.05238819,0.12755764,1.5440917,0.26873368,-1.46965623,0.73857039,-2.73455167,-0.69801885,-0.8067733,0.70503491,1.42395175,-0.75601554,-0.78488785,1.0781045,0.04288983,0.11623031,-0.51110625,-0.24192798,-0.11872596,0.29102659,0.54531312,-2.56584907,0.02286476,0.09576082,0.34128255,-0.59968758,0.11988026,0.30203271,b'7'
1225,-10.90872383,6.34186459,-1.60360074,-2.92397332,-2.54502773,-1.77137208,1.78141785,-4.52982235,3.04302979,-11.73080158,0.62165713,-0.64709878,-0.7702589,-1.32165873,-0.46272659,-2.01580477,1.78380394,4.57825279,-2.69905996,-3.27271271,-1.59022212,-0.37237531,3.15802622,2.04212952,-1.14153337,0.50178766,1.23000026,3.72724199,3.87223601,2.91896963,0.57837141,1.83736467,0.03398902,-0.58171755,-0.22187173,0.65613073,-0.87544322,0.24186051,1.52537119,0.6712693,-0.83670545,0.46721143,-0.84533858,0.11602174,0.72021329,0.73857254,0.71949476,-0.87849641,0.49697602,0.00167453,-0.29382318,0.78055114,-1.26621652,0.30609381,0.0329814,1.7734623,0.56005025,-0.14994736,1.32801104,2.30092525,0.24805366,-0.43362826,-0.18059146,0.81740206,b'7'
1226,-12.99497795,6.4119482,-3.50335073,3.12511039,0.49107015,-1.25450015,0.62156463,-2.18631339,2.12947702,-9.63241386,4.20786572,-1.86821103,-2.23313236,-0.01935166,-2.45286083,2.22778416,0.10270548,1.29767275,0.63381124,-0.10915089,-4.54132891,-1.83590698,0.33127308,0.92944694,-3.65413857,1.56473088,0.00362113,-0.36585063,2.75089574,-0.99150318,-0.72213089,-0.31213808,-0.0810965,-3.38725996,0.63267088,0.48113155,1.37231159,0.11380893,-0.34453022,0.76394486,0.3347851,-1.57752585,-1.68154705,0.1815844,-0.39270222,0.91096067,0.21567596,0.56271696,1.10960436,1.65374267,-1.63238406,0.33605033,-1.6812942,-0.78966236,0.60961783,-0.09966874,0.56939006,0.04285382,-0.14420852,-0.49611813,0.50389266,0.02134269,1.50033009,-1.11413002,b'7'
1227,-11.27820873,2.172997,-3.02012348,-4.98634958,2.75494576,-1.20358109,1.09405136,-6.97815132,-2.81153679,-7.88659143,1.81227756,-4.35046005,-3.40465879,-1.0727762,-2.31861639,4.50187874,1.39684963,1.60052466,1.00525141,-0.22275019,-3.2087779,-2.09890437,2.74404383,-0.51028085,0.39736629,-2.09624171,0.14562249,0.52364349,2.96734309,0.6331557,-1.70363724,-1.14725626,0.99425471,0.25752831,0.04291821,2.07876372,-0.98874712,-1.20141602,0.21127927,0.26333857,0.06278813,-0.45994711,-1.56006956,-0.58472353,0.47729409,-0.1407398,1.07664859,-0.18816686,-2.83233428,-0.53445536,-0.81684744,2.36619759,0.33144879,-1.26429725,-0.14912671,0.06481522,0.22507,-1.27882087,-1.38644278,-0.00052059,-0.31365514,-1.00137401,-0.72247285,-0.19300419,b'7'
1228,-12.08898163,3.91125774,-4.99517918,-0.09162152,0.76197922,-0.82885385,-0.85765696,2.40977097,0.52479172,-7.53307867,2.5272181,-1.06192279,-4.98373842,1.48258829,-6.89809608,3.11265993,0.16861308,-1.62773371,0.28838581,2.08633709,-2.05529332,-2.51925254,2.1098299,1.01195168,-0.5624097,-0.26617599,-0.08963409,-1.93591738,2.32326698,-0.11696994,-0.34389675,0.77810621,0.05191807,0.21403551,-0.1761272,-1.704795,-0.78179336,-0.42963415,-1.90265834,-0.53480327,0.65194011,-2.44146848,0.26922426,1.24920905,1.42096663,0.6028136,0.75368726,0.36693025,-1.47686338,0.09641874,0.98102057,-0.38906121,-2.32734847,-0.76695132,-0.75474232,1.65631247,1.54364526,-2.35866594,-0.35071382,1.04979503,0.23927228,-0.83664763,-0.71188796,-1.06680691,b'7'
1229,-12.76549625,3.19687176,-2.22443819,6.24137259,0.58757138,0.5629735,-4.02836275,-0.78128374,4.19615364,-0.27997288,8.2075634,1.12614846,-0.22044802,-1.7172699,-2.06147575,2.29544234,-3.47545552,-0.32308865,-0.60722637,5.32689524,-3.6892817,0.46297619,2.62498426,3.02741671,-3.12851954,-1.37168956,0.42747521,2.05921006,2.18980098,-0.92929178,-0.58350241,-0.56238484,-2.47020102,-1.83151937,1.00195861,-1.66463292,-0.88203478,-2.16295195,1.3331573,-1.67757916,2.14176297,-0.57927805,1.81064165,0.63602555,1.33838212,1.03183627,-0.12910555,-1.08233762,-0.65154874,0.2960608,-3.35864544,3.16753531,1.02647614,-0.74302745,-0.69778901,1.16598463,-0.83532977,-0.71041489,-2.6641345,0.77656257,-0.151288,-0.27617916,-0.14588398,1.02969038,b'7'
1230,-10.37294674,4.33955383,-4.06067801,0.59703696,1.34465301,-2.01525927,2.44574451,-4.47147846,6.62301826,-6.42202902,-1.13772535,-0.90438724,-1.12096429,-1.53220332,-4.24756813,5.10339642,1.6134696,4.38768005,-1.03684866,1.01326323,-3.15517473,-3.1839962,3.05897069,3.13887215,0.78645313,0.21664286,0.59540451,2.37230968,2.0325079,-2.07365847,1.42249215,0.5408895,-2.61492038,2.14260054,0.9942379,-1.34339094,0.35190392,-2.70441961,0.73291391,-0.95763755,0.56716108,-2.13718128,0.21596204,2.92891645,2.03585982,-0.44850051,0.40245903,0.63660932,-1.57361197,0.61470747,0.71551335,1.1905762,-1.06343102,-0.03688085,-1.83727312,1.26723337,-0.00364327,-0.96849096,-1.10381222,-0.32693511,0.41462517,-0.32026756,-0.67981768,0.74363446,b'7'
1231,-13.12277412,-2.92730904,4.31004,-5.17654324,3.54250669,-2.86747718,4.66759682,-3.79093814,-1.53832579,-2.96255255,8.90584469,0.3743341,-1.9508245,-3.32767153,-2.88343287,-2.08384418,3.11655259,1.98386645,1.82884955,2.17006111,-3.06502485,-1.58925557,0.82221162,1.00882792,0.52840257,-0.43126735,3.4685626,-0.4112646,-0.15731239,0.44479835,1.23912323,-1.24479103,-0.04867096,-1.47802711,-1.3921361,1.77069962,-2.14278269,2.29373431,-0.77927101,1.11675882,-1.59110212,0.18446864,-1.39223969,-0.2269724,1.22685206,-1.90202785,1.49301755,-0.27507854,0.58008796,1.26105177,0.67485195,-0.69432032,-0.08005095,1.04399848,1.94122958,0.19833481,-0.64846492,-0.73999715,-0.4696947,0.10526264,0.57441294,-1.25256324,1.70312321,0.34130022,b'7'
1232,-10.83141422,8.41045952,-4.7168231,0.93890846,1.35100043,-2.68451118,0.25912762,0.41673613,4.52529573,-7.05697966,0.1241405,-0.30755067,-3.01318121,-1.32861817,-5.03343773,5.36549759,-2.45602036,1.07762384,-0.10530119,-0.00486588,-4.62551069,-2.52507854,1.62858617,0.93353248,0.11123365,-0.43147087,1.5689801,1.42353415,1.41206121,-0.74721658,0.75791764,-0.02156997,-1.83959806,1.7728076,0.02245682,-0.32844976,-0.05399799,-0.86925739,-0.674914,-0.07876328,0.07166791,-2.58304977,-0.48577166,3.02951479,0.47243977,1.12469065,-1.19404364,0.31856608,-0.47241518,1.48363078,-0.27258503,2.58997202,-1.03722906,-0.62396502,-0.5225715,1.95172191,1.54866934,-0.26405185,-0.54311216,0.16301429,0.08385704,-0.4567945,1.38140523,0.66337103,b'7'
1233,-8.79539394,5.45678902,-1.49209499,3.44209051,4.57825565,-2.84286714,3.30378008,-4.28674316,7.79568672,-3.21533632,1.21284699,-0.22525144,2.25727654,-2.80711913,-4.85649872,7.49318886,1.33161974,3.23807788,-1.15851641,-3.07947111,-2.99838424,-2.31055522,-0.14702225,4.84364796,2.09007454,0.61494911,-0.10873809,3.95591307,-0.41982508,-2.76975536,1.91983938,-0.00079632,-1.26870418,4.44600105,1.07106209,-1.66292131,0.41336036,-0.93748719,1.54690623,-0.65756452,-0.80903494,-0.06728314,0.93039614,2.75536323,2.7810595,-1.19290686,-0.79215407,0.38122535,-0.40949434,1.39634883,-0.07713689,-0.54702425,-0.08847713,-0.4115423,-1.57383442,0.14288968,1.64050138,0.03830972,-0.78449976,0.68603635,0.29979014,-0.41936776,-0.678581,1.23415828,b'7'
1234,-7.31842899,6.99237537,-1.80203581,5.57947636,0.36738575,-2.29284906,3.66468382,3.12545586,6.44498539,-6.21867895,-3.74942446,3.86712217,-0.43112206,-0.42819515,-4.82702446,4.21956062,0.21978927,0.46651304,-0.60707366,-1.65782845,-2.11341763,-1.48368454,-2.84746218,4.64712048,-0.46579799,2.87162399,3.01732254,1.32551098,0.30437493,-3.77941418,1.68757582,2.19465828,0.35135543,2.84776449,2.73999929,-4.25532484,2.53431726,-2.08108759,0.68024194,-0.70300114,1.11956334,-0.65346003,-3.1777308,1.34518564,1.17722762,-1.03616619,0.61025167,0.83603561,2.00334573,1.67191827,0.65041965,0.67739213,-0.00046968,-0.75661469,-3.07282758,0.19917709,0.34429955,-1.04129505,0.79886276,-1.54042292,-0.77035725,0.21044916,-0.11028111,1.03994942,b'7'
1235,-13.47957325,1.85676479,-1.50860882,-10.74178886,-2.02835989,-0.4968586,1.23950028,-7.57329273,0.43397427,-4.44129276,-0.53328872,-1.00709796,-0.94124317,-2.65787387,0.72990227,-2.97136211,-0.6360091,1.83428097,-0.6149407,-2.41032958,0.75640452,2.13526511,3.74905419,1.33427238,-1.49653459,-1.1235019,1.52730727,3.46439886,1.56625605,1.19423711,2.32016969,0.1042068,0.76648164,-0.19387776,0.07152182,2.16165447,-1.92066741,-0.68852383,-1.36477172,1.05093205,1.58830571,2.70417523,-0.03223558,-0.22367004,-0.14242411,-0.06183369,1.80810404,-1.13420129,-0.55054343,0.43344903,-1.43053317,1.46761179,0.95418143,-0.09594834,0.0824706,-1.73387432,-1.00923491,-0.87193686,-0.35828564,0.73178279,1.48767352,-0.74272585,1.11122537,2.19564748,b'7'
1236,-10.78226185,-0.50000644,-0.554447,-8.57726002,2.9707675,-0.71718049,0.12906981,-6.54852676,0.4718833,-5.87139654,-4.16287327,-1.09926295,-2.60221744,-0.43125084,-4.55569935,3.03811169,0.85052967,-0.97356242,0.86645722,-1.58305168,-3.01527143,-3.33016872,2.75267816,-0.24761033,0.79835808,-0.02633611,1.05044162,1.92279744,2.02059102,-0.56900853,2.08246922,-0.02825618,2.2975533,2.38811016,-1.08363914,0.99630129,-3.81414843,-2.13738465,1.33724284,-1.00613022,0.83324039,0.11726982,0.53887844,0.93019742,-0.02020478,0.06439155,0.77913702,-2.28699136,-1.55753303,0.68523049,-3.46756983,-1.23824155,2.02329826,0.20453107,-0.38412315,1.23821795,-1.46271849,0.52604276,-1.9982686,0.00072849,-1.05598557,0.64958137,-0.82009101,1.83062184,b'7'
1237,-8.5360117,7.69611645,-2.50152707,0.74614692,-1.32182539,-1.4537282,3.77196622,-3.52647328,8.2264204,-7.77495718,-2.0089469,0.71159267,-0.13165355,-0.98221749,-2.68491745,1.47480559,-1.68579686,4.64626884,-2.55806684,-0.75191987,-4.14305401,-1.23689032,1.08479321,4.00434399,-0.01115614,0.24628404,0.36373985,4.33604813,2.14490652,-0.74394369,1.82698047,0.66186166,-1.62250018,2.32207513,0.42164963,-2.22652912,-0.09470916,-2.1981554,0.18529391,-2.27188039,1.21984363,-2.16333914,1.0320152,2.67082977,1.69473267,1.54330266,0.72003263,-0.05359244,-0.37335151,1.37136567,1.32569075,2.47436142,-1.29919577,-0.09559143,-1.632236,1.44620585,0.01451731,-0.86488587,-1.1089108,-0.05275965,0.14405857,-1.39260077,-0.44325036,1.6895076,b'7'
1238,-10.33540535,6.04920483,-2.51118565,-2.17317486,-0.20908767,-3.21643901,-0.70171165,-4.4785223,0.97730827,-10.48890495,-0.72536659,-1.95740533,-2.62509608,-0.89484936,-3.17433119,3.17570019,1.00453091,2.31321812,-1.37534297,-0.31783843,-3.82447338,-2.27365398,3.95829844,0.39065671,-0.56742835,-1.58308411,-0.51585352,0.76370668,3.13429451,1.16748011,-0.7381891,1.00061035,-0.17008893,1.19241333,-0.44175696,-0.16995069,-0.59611893,-0.34699792,0.28645647,-0.14933151,-0.60838801,-1.34619558,-0.76019239,0.36923474,1.13623536,0.63293046,1.0846386,-0.81549191,-0.75343323,0.12383652,0.5012874,1.3428905,-1.10209703,0.35578191,0.47553417,1.58741045,1.09565878,-1.81525242,-0.83992207,1.18575633,1.15092301,-0.78305215,-0.40203053,0.4791722,b'7'
1239,-12.60924149,1.80614185,-1.89628887,-8.9189024,-0.65614134,-1.26739216,2.02611971,-4.11066723,0.42183781,-4.75982809,-5.86604786,-1.2138865,-0.40967798,-1.55995858,0.45138884,0.10623372,-1.17704964,0.7633251,-1.47743618,-0.33777666,-2.5376122,1.34419465,4.46474218,-0.40330362,-0.04329962,-3.12052107,0.59513295,2.8267777,2.5682478,2.05915737,0.02079809,2.01319885,0.77915698,0.58591008,-1.85516381,0.9989078,-1.8229183,-2.56191421,-1.40640461,-1.37608004,2.46973538,0.19211259,0.82352638,0.94119078,0.84812748,2.5401473,0.58946198,-0.21152282,-0.65510452,0.75102735,-2.13995409,2.00805664,-0.27017832,-0.15645456,-0.22429818,0.35314739,-1.90606451,-2.53134465,-1.70018482,1.06253278,-0.29621205,-1.11270142,1.73981893,1.85339808,b'7'
1240,-11.7137785,-0.02928877,6.3477931,-11.09230614,-1.8567884,3.08159685,6.32505894,-8.13263702,1.87844062,-2.29258084,0.09885073,1.0716095,-2.10436296,0.84523851,-2.89902925,0.82326162,-2.57168221,0.60483444,-1.19019532,-0.74917817,-3.07283926,-2.88982368,6.62759542,0.53782654,1.79438627,-0.57199723,2.54316282,-0.99719489,2.12691689,-0.37988988,0.30877423,1.43150854,1.06483614,2.19400907,-0.94816256,1.36633217,-0.9232136,-0.19587356,1.63926244,-0.28286108,0.69221389,0.37747806,0.09242572,0.59221071,2.08228254,-0.7851088,-0.68302953,-2.10283971,2.28062201,-0.8399781,-1.35564125,2.21106243,0.07316017,1.14286959,2.60635304,0.80725706,1.19413388,0.94508588,-0.69416583,0.63568139,0.25008291,-0.2144333,-0.68680012,0.17665263,b'7'
1241,-10.17166042,7.22963619,-2.73828793,4.20633316,2.6807313,-2.53504014,2.43053055,-2.81754923,5.14287186,-4.1245575,2.25899267,-1.42542768,-0.69320083,-2.25998402,-3.32369041,9.2899704,0.55494332,2.85022449,0.26271307,-0.68061793,-3.44847989,-3.12050867,0.30419439,4.35902596,2.06017303,-0.66397601,0.95178223,0.96342111,1.15993905,-2.23315287,1.13432217,-0.65391755,-0.93436134,3.41652751,1.47375488,-1.01809144,-0.59352899,-2.09927273,2.4323175,-0.16631049,0.15796328,-1.40512192,-1.30902743,3.20033884,1.85341072,1.4784236,0.23842478,0.15784955,-1.12570465,1.15279794,-0.67475265,1.83215725,-0.89096975,-0.30858898,-0.45618409,0.27360868,1.50881529,0.25214541,-1.4512198,1.001459,0.08605199,-1.00935674,0.18017137,1.17913961,b'7'
1242,-3.48960638,3.44995165,-7.44170904,-3.12540007,-1.14251292,-4.85244179,-1.67801571,-7.80848885,6.55071974,-5.71682215,-3.91397142,-1.01381183,1.4840889,-4.79782963,-0.92721844,4.26889706,0.7138629,2.60136485,0.11486414,0.71090245,2.16606855,0.74920356,-0.74535441,2.72191429,-1.43941367,1.31794131,-2.1048913,3.28111506,3.18588805,-5.3962326,-0.34699023,0.22334671,-0.07151589,1.94469786,-1.04865479,-1.7764374,1.13340044,-1.72415972,1.1038096,-0.16165876,1.54670644,0.12909144,1.50635004,2.49876857,2.51217556,0.21075156,-1.52014315,-0.98727489,0.15281922,1.18861949,-1.01167321,1.61781251,-1.10662627,0.10797882,-1.32495594,-0.21361935,0.40175748,-0.34725744,-0.40261623,-0.41122711,-0.49880689,-0.37859014,0.24913001,-0.722597,b'7'
1243,-13.65526295,-0.33207989,3.7883141,-10.36731339,-3.08121824,2.59182167,7.16723013,-6.92782211,-0.60537767,-2.90447068,-1.16226697,3.16838717,-0.14558196,-4.88688612,3.38759518,-2.02419233,-1.51307368,3.67051435,-2.45244741,-2.87019014,-0.7375834,-0.24111778,4.53747129,-0.73730636,-2.36016679,-0.85243255,1.96901715,2.8342607,3.0727973,4.45488453,2.4681716,-0.63715768,1.12854731,-0.88787216,-1.45951009,0.58589602,-0.16395903,1.66034889,-1.42604005,0.24655646,-0.75146198,2.34702325,-1.68943775,-0.48762161,0.80086541,0.7982465,1.33326924,-0.4211545,0.52320164,0.08432609,-1.07906413,0.26216048,-0.56510544,-1.10207486,1.48960543,0.49569714,-1.4063611,0.60107374,1.12441087,0.92727137,-0.02199982,1.50041199,1.23550665,0.5152815,b'7'
1244,-12.44568539,-2.1988306,6.03516102,-3.62707973,6.27298355,-2.46626878,4.94763374,-2.58638477,-2.5963459,-6.27295256,2.13661242,0.69341159,0.26900047,-0.87436604,-2.65492296,3.16178322,0.43232846,-3.23879457,0.18783218,4.22017336,-6.06275415,-0.23141891,1.77658522,0.83549976,0.45298803,-1.88294578,1.29562199,1.5696466,-0.65133762,1.06345975,-0.42611039,-0.99711668,-0.53998822,-0.56582958,-0.03519213,-1.94513953,0.70533347,1.16206503,-3.32867622,-0.30172843,0.16269886,-1.35784554,0.23189667,0.5145191,0.85628247,-0.76946831,0.73108643,0.48763156,-1.24851179,1.73393786,-0.41307998,0.40195793,-1.82850528,0.98726869,0.18992901,-0.92105734,-1.38673115,-1.40578842,1.10696268,-0.85072213,0.16973911,0.22724533,1.83332908,0.79310507,b'7'
1245,-7.28675127,3.04204798,-4.50935268,2.20605588,0.04241329,-4.02187252,2.99037266,-4.53314209,2.8713901,-5.79749775,-1.17131472,-0.23946834,1.27041137,-3.82796907,-3.45291281,6.10454702,1.71038079,5.45049,-0.96821088,0.11985469,0.49644566,-1.94777298,0.16677827,5.27100945,0.79493773,-0.2935693,-0.54554617,4.49412394,1.23076177,0.69156027,1.37377632,0.17143059,-3.53604221,3.35444188,1.7073102,-1.62551582,0.72986507,0.77601135,3.64030933,-1.04222465,-0.01170504,-1.51499748,0.5097543,1.67667174,3.56942511,-1.50831532,0.70552492,0.83873916,-0.38573313,2.01438379,0.28276467,0.77626741,-0.72673559,1.16542923,-1.28001332,0.69765902,0.3189249,0.24496175,0.29184413,1.29359591,0.96755427,-0.83242464,0.86830604,0.67833972,b'7'
1246,-6.4814992,1.952847,0.74504346,-8.45469952,2.24500656,-0.34525037,1.58244753,-9.60942173,-0.78836393,-6.76839352,3.37132001,1.30034232,-2.3190136,3.0832665,-2.65709686,-0.91036963,0.34408259,-0.77439988,3.55717945,4.05552912,-6.43887949,-0.60116976,-0.94448936,-1.2086339,2.13631392,-0.37221035,-0.21815023,-4.2369175,0.38811707,-1.21225202,-2.3682375,-0.43349266,1.4773823,0.58441252,-1.47243977,-0.93964887,0.37149692,-0.48145431,-0.59910548,-0.58056557,-0.40009588,-0.86957008,0.70148027,-0.17750372,-1.8653878,-1.66496909,0.43844596,-0.49036503,-1.32533431,-0.4582364,0.74432588,-1.42373252,0.22420692,-1.12775278,0.69875956,0.39840615,-1.34405851,-1.14579451,-0.55327404,-1.13909662,-0.19079551,0.18140191,-0.20381707,-0.35840145,b'7'
1247,-8.13450241,6.38352108,-1.03610611,7.0478158,2.4685216,0.71677071,-4.96204758,-1.1228807,3.7368412,-2.62093663,6.88677931,3.03351712,0.26336002,-1.66449285,-0.98932266,4.17620993,-2.06847286,-1.46464968,1.13906789,6.24382496,-3.14708591,-0.30146974,2.54204059,3.27276993,-0.16493729,-2.21691298,4.42235374,1.55414963,2.26207209,0.17366886,0.18808365,-0.06659079,-0.47455341,1.29237843,1.28057063,-2.6317656,-0.75803161,-2.68982697,2.29880214,-1.05509102,1.29629803,-1.612239,0.79193211,3.76153207,2.95613956,1.1028316,0.5058158,-0.50063872,-0.80646712,0.78370786,-1.7452383,1.03179824,0.70554447,-0.33624625,1.14755845,1.38347578,0.58274913,-0.392299,-0.31279084,0.98285234,-0.55901688,-0.74323809,-0.0336917,0.7480334,b'7'
1248,-13.6989603,3.70070839,-2.10290432,-6.21608829,-0.40920907,0.10660517,2.27036691,-0.5853157,2.5263195,-8.33737564,0.52161026,-0.70521617,-3.27937603,-2.25622177,-2.7246871,2.69616938,1.15613079,2.20146179,-0.5315088,-1.79393065,-3.29322171,-3.59879112,4.7488513,1.65833044,-0.39806274,-0.27403119,3.01726532,1.08339167,3.63219619,2.34072018,-0.99473393,1.05357623,-1.3272903,1.44249034,0.64963657,0.30422127,-2.02895784,-1.2312839,-0.80511725,-1.17289305,-0.10573339,-1.150998,-1.18145335,0.62002647,-0.44818199,-0.2322803,1.176373,-2.18146586,-1.205338,0.60202503,-1.6915524,1.10415566,-0.20507407,-0.15877485,-0.88217229,1.11965203,0.395509,-1.85393262,-1.81379032,0.58886373,0.0975958,-1.42784262,-2.61762857,3.08942723,b'7'
1249,-7.93595123,8.41603565,-5.01950693,4.30087519,2.15979815,-1.3758533,-0.35999918,-5.92687988,4.04774666,-6.45171785,-0.32235932,1.94187582,0.64892888,-2.005584,-3.91541147,7.90279722,-2.65079355,-0.21850318,-0.78740054,-0.66462624,-1.91800451,-1.48942661,-1.91680443,1.66792965,2.0156126,0.63621712,0.14609653,1.65184307,0.62830043,-2.12816334,1.00739527,0.57553339,0.84149504,2.81013489,1.2573204,-1.93459213,0.77055359,-3.04312921,1.28466821,-0.46747133,-0.33043939,-0.99119025,-0.54098815,3.43937016,1.25206912,0.97326505,-0.95705998,-0.16218877,0.18639538,2.18356323,-2.51332831,1.32333112,0.49059796,-2.23151588,-0.27236336,-0.81349802,2.62817764,0.02888565,-0.46692732,0.21321619,0.51271588,0.1127103,0.4532479,-0.26572144,b'7'
1250,-6.9650383,7.89834595,-4.83601713,1.93437576,1.80999339,-2.61092091,0.81327033,-6.0840559,2.71484447,-7.70913458,1.86266398,-2.36530662,-1.06676435,-2.06310058,-3.08986187,5.13834906,-1.80619204,3.08251739,0.10910332,1.30430579,-4.8960104,-2.56476212,1.60250819,0.6248703,0.22906601,-1.19674027,-2.74617577,1.8727057,2.64298916,-0.24164504,1.3072989,-0.14692354,-0.5610851,1.37871313,0.28661394,-0.71093249,0.08226323,-1.01546025,0.64149117,-1.81140876,-0.07767677,-0.39138293,1.72507405,2.43008709,1.88613486,0.92680764,0.57711846,-0.3403151,-2.22383547,1.49058783,-2.03791952,3.92620158,-1.33595824,-0.20248961,-0.41622347,-0.47751817,0.25711799,-1.03268111,-1.25977814,0.20899475,0.1378852,-0.55999064,1.51272333,0.53585136,b'7'
1251,-10.39066601,2.71241999,-3.22620606,-8.03259087,-2.36872101,-4.10648251,-2.38495684,-3.83750939,0.46342802,-5.42085791,-4.54999876,-0.59567714,-0.337116,-1.36935687,-3.96289635,-1.57292962,-1.33506334,-0.33022141,-0.7774272,1.08741593,-1.2877996,1.56840086,4.00731802,0.09867072,-0.90367305,-2.43205476,-0.63119674,4.87569857,1.52312303,0.44533992,1.61727643,1.4522624,-0.36374581,0.41632271,-1.03731108,0.45013094,-3.50797582,-0.81065768,-1.66096628,0.88325739,0.84194028,-0.22506629,1.06954026,1.52018833,0.89716882,-1.0971806,-0.08260448,-0.05298066,0.98091882,0.25120723,0.10909007,0.41314957,0.17372894,-2.32640076,1.25013399,0.62696528,-0.74228311,-3.47170758,-0.06128585,-0.77466762,0.23591004,-2.74490547,1.39322627,-0.66688585,b'7'
1252,-14.36381626,-0.70006609,-0.52269214,-2.96377683,2.5249238,-0.30271959,3.98765159,0.37388575,-0.2233305,-6.24594212,4.05202579,-4.69268322,-3.0484457,-1.62499559,-3.61050892,0.57353592,3.87154412,-0.19346493,3.0371263,0.68711686,-5.00848866,-1.74935031,0.1884599,1.45151854,0.10093004,0.07597613,1.4018091,0.19386232,1.27858496,1.65055192,-1.16829002,1.22043586,-0.75758421,-0.85093695,1.81183743,-0.23857895,-2.38251948,3.1347425,-2.10976267,0.92266405,0.23977876,-0.67924732,0.08500589,1.16897476,0.826159,-0.21051921,0.42483765,0.06427026,-1.95525503,0.29899478,-1.29022932,-0.25291538,-0.46900296,0.12837088,-0.78640729,0.29727173,0.58913016,-1.49372303,-0.08451474,2.41457844,-0.52140749,-0.20544752,0.16092521,0.94104648,b'7'
1253,-7.99513388,8.02043152,-1.59269476,5.10238886,4.21335983,0.85396719,0.15955758,-5.8908186,5.87372828,-5.86606741,2.18758011,3.1092062,1.09101915,-3.17204285,-3.97515583,9.18441772,-0.73637581,0.25251997,0.89624178,-0.92488325,-2.22746611,-0.2668733,-2.10811067,1.6036315,1.41945469,1.53786635,1.69080603,-0.70367736,1.5443995,-2.38865757,1.69202805,0.39432025,1.7455759,2.53054261,-0.06240416,-4.03561831,-0.09793425,-2.94744492,0.61392689,-0.22103587,-1.51940536,0.76882279,-0.24641199,2.93661332,0.99017221,0.67442369,0.09014273,0.36853814,-0.28248161,2.60344601,-2.2643795,1.28326893,0.65575588,-1.60758567,-0.4862439,-1.22123921,1.56643844,-1.39790273,-0.16928968,1.01679718,1.02201259,-0.07826263,0.00480038,1.27782691,b'7'
1254,-12.52309608,1.49506044,-2.97595119,-2.16495967,3.16058207,-1.15390182,0.05947208,-6.86308575,-3.02932596,-7.71071577,7.2528882,-2.60075688,-1.56762743,-2.93758726,-1.91799164,2.02953315,1.39203954,1.2741189,1.03502846,1.10665584,-4.50338364,-1.10588622,1.02662957,-0.75421548,-3.49150229,-0.0199271,0.13357496,-0.42648351,2.29301453,1.27803528,-0.00717378,-0.99712026,1.27269149,-2.1189642,-0.30813575,1.18403208,-0.07156563,1.68023252,-0.67963445,0.1293999,-0.17140996,-0.63166106,-1.25518894,-0.60156327,0.83504218,0.0603267,1.3928411,-0.97487187,-1.31117582,0.63290238,-2.03868318,0.76926243,-0.81518316,-1.13683224,0.2049827,-0.39876482,1.02964163,-1.28078842,-0.72459435,0.74193549,1.38948894,-1.00487852,-0.081541,0.39440206,b'7'
1255,-10.48521614,2.95948124,-6.51525927,0.72734416,3.75170231,-2.92999196,2.02287769,-4.77311993,2.39663243,-7.66431952,1.34308481,-3.31994033,-1.56847954,-2.2971127,-2.33121538,-0.08800578,1.28813529,3.44735599,2.58059835,2.80163574,-5.56517124,-2.37835288,-0.06288847,0.85430384,0.20391238,0.51380682,0.20202851,-0.16584092,2.73263574,-0.21775693,0.43005157,0.0152421,-1.54330444,-1.16589546,0.9963991,-0.03696218,0.03267026,0.75138938,-0.27106237,0.86534727,0.51307476,-2.09516144,1.05476689,2.08315825,0.03776085,-1.00764787,-0.2550624,1.20131695,-2.05871487,0.24962008,-0.74453032,0.60900992,-2.6403482,-1.14974689,1.15862024,0.07727563,-0.92065883,0.23147452,-0.49258614,-0.55287862,-0.65471315,0.09601432,-1.83070707,-0.21612859,b'7'
1256,-11.70399952,2.57642508,-0.8782168,-8.61956692,-3.6185298,1.6493175,3.23534632,-6.76496029,2.35203052,-6.50456524,-2.62569094,-1.78667855,0.7865296,-4.86945772,0.91390872,-4.8054347,1.70810556,1.3407495,-2.30957842,-3.00341678,-0.66178954,3.45790148,1.00127053,2.04314041,-2.03670478,-1.41372037,2.00897074,1.12882447,-0.41012192,0.73995495,0.3022387,1.54855919,-2.50717568,-0.39653033,-1.82498169,-1.15042734,0.17783689,-1.48653793,0.84930176,-2.05851483,1.94006634,1.67780638,-0.82178646,0.88649035,-0.01236427,2.73462009,-2.83420849,-0.58229733,0.75045687,0.45591724,-0.72929561,0.92538565,-1.46033716,0.3426733,1.63031054,-1.07156503,0.7094779,-1.36537647,-0.67753571,-1.22007275,0.14297034,-0.15378329,0.91557765,-0.60743272,b'7'
1257,-11.55812073,0.23058629,2.82566071,-10.39168358,-3.81246185,0.38962466,2.37396145,-7.95817757,-0.92293406,-0.7829541,-3.43843985,-0.32143474,-0.61187303,-1.24135113,-1.90044069,-0.96195507,-3.92373633,-0.4484933,-0.97255939,-0.20916986,-2.52735019,0.70658594,5.72836304,-1.38035846,0.94878185,-1.67442739,1.75560868,4.02099037,0.79105306,0.90228069,1.87126386,0.41843009,2.19255805,0.44961762,-2.32575226,1.86532938,-2.75616765,-0.12450784,-1.15707529,-0.95686436,1.27072287,1.21204054,1.03879583,0.84752357,0.44549316,0.53529119,-0.00937338,-2.15349412,-0.54166937,1.30474317,-1.60827363,1.27816927,0.65647972,0.76781684,2.90140748,-0.41988391,0.4367671,1.02280247,0.96917111,0.95911801,0.57155067,-0.47697154,1.62620366,0.2603547,b'7'
1258,-11.59553719,2.20194817,-2.69452929,-5.87031698,0.62844872,-0.92682385,0.71705127,-7.59542751,-1.21800947,-8.75297832,3.5024147,-2.9268539,-3.16333961,-2.36207962,-2.56544352,0.37490702,2.7390244,3.38017583,2.96393919,-0.9820857,-4.01378918,-1.08286309,0.07569133,0.41498828,0.17127615,-0.58047932,-0.33755288,-0.66136688,3.27864003,0.34842539,-1.8409766,0.49050331,0.16848919,2.07968426,-0.59436285,1.10335004,-2.00778031,0.64693809,0.64789677,1.58949852,-0.16923308,0.89928937,-0.21126704,-0.91282731,0.52585518,-0.06648028,0.15108117,-1.30329156,0.20207056,-0.61038083,-0.37337905,-0.95126176,1.56171978,-1.5068996,0.38624793,-1.37155533,0.0340395,0.54723239,-0.6216594,0.25574124,0.02648488,-0.712901,-0.45899731,0.37155682,b'7'
1259,-10.75347042,5.02013779,-4.2846899,3.56925344,2.20664263,0.09884286,1.53450346,-1.42660475,5.44036913,-8.08145618,2.03405237,-0.57656884,-3.57826948,-1.07126355,-4.6192522,4.33453178,-0.05152702,0.23611975,0.62809366,3.40111828,-2.75672626,-3.08697128,-2.02952266,3.93736315,0.13043362,1.79544675,1.44624174,0.81552756,2.04484653,-2.513484,1.6315099,0.11789918,-0.63861346,0.92166036,0.98360622,-1.6926266,0.19575191,-1.6567378,0.51546049,-0.38359863,0.76998544,-1.04121721,0.05624196,2.89645195,1.33320951,0.06190811,-0.37275141,0.88050818,-0.51695311,1.85578477,0.78395307,1.14789033,-0.68168092,-1.71248913,-0.98885065,-0.78871059,0.77895474,-0.52398437,-0.03712076,-1.58008933,1.42623353,-0.72374058,0.87176228,-0.43821487,b'7'
1260,-11.04513836,3.2238698,-5.12414408,-1.60710049,1.15114319,-0.39617372,-0.80448866,-5.00886726,4.811203,-6.35055828,-1.03367424,1.45597076,-1.63474059,-2.93925571,-5.49571419,8.15564442,0.4753592,1.03851604,0.99882293,0.73377728,1.11607814,-2.92205215,0.26990101,0.9797256,1.77149379,0.68007332,2.8935585,1.16107011,2.76484346,-4.0812335,1.85424531,0.84570241,0.41545695,3.97230935,-0.14326763,-1.48228061,-0.32664299,-3.99693942,0.5879029,1.16021931,0.71348178,-1.24817216,-0.26859972,2.57591295,2.16273022,-0.83100837,-0.43778813,-0.14659047,2.21950555,1.71754897,-1.82002044,0.56158197,0.16003966,-1.07510638,-0.887842,0.47432399,1.60129499,-0.62363553,-0.57854122,0.5952419,0.67332155,0.32431519,-1.02683806,-0.11836565,b'7'
1261,-11.35407257,5.84103012,0.15630165,-3.71225142,1.02098536,2.48465014,1.20358896,0.43446833,-2.01720095,-11.77827358,5.91278076,1.91955018,-5.59924889,0.04981961,-2.05871677,1.15542173,0.95392847,-1.26917636,-0.85895836,-0.1480577,-1.12544858,-0.74472803,0.38834757,1.1641202,-0.69580227,0.13652351,3.29890776,-0.85972214,1.32396054,1.08333576,-0.35884893,0.60291362,-0.18932351,-0.95886725,-0.70458651,-0.54852653,0.47882056,0.87861359,0.47982287,-1.45533144,-2.2097795,0.99466693,-0.2797364,-0.43245339,-0.56995451,0.11625761,-0.64787197,-0.68299723,0.9968552,0.84456158,1.53622556,0.89793921,-1.85688329,-2.29896116,-0.43821472,1.11277604,-1.09529281,-2.23715997,0.87644404,0.56544435,0.22973408,-1.20899844,1.7883116,-0.64688158,b'7'
1262,-10.60686493,3.06578541,-3.92357683,-0.39286959,2.16121197,-2.65891171,0.79683733,-4.23738575,1.77130914,-5.96129847,5.98141384,-2.71599412,-2.65199804,-1.11853278,-4.81801224,4.75307417,1.20163608,3.51082778,3.25935316,2.52754688,-4.8912344,-5.04049873,1.77343357,-1.15190887,1.07038224,-0.21936753,-0.71269172,0.84090292,4.46239519,-1.94120896,1.01274276,-0.18142009,0.61165857,1.0420481,0.34533775,0.90952301,-2.08097386,-0.46998793,-1.08581007,-0.35607404,0.30351436,-1.9588002,0.89678872,2.51071596,2.31889105,-0.70253921,0.04357079,-0.89041495,-0.86506224,1.80341375,-2.88965487,2.11337852,-1.25011206,-0.15102005,0.75672221,0.63970792,0.14295626,-0.01397017,-0.56936282,0.94978416,-0.88428909,-0.4903751,0.14259607,1.1442337,b'7'
1263,-8.1683979,6.07666397,-0.38895041,5.94843721,4.83893394,-2.77799058,1.42845273,-6.13452911,8.00387764,-3.202425,1.04984665,0.70836997,0.92290127,-2.04002357,-4.55157852,8.02160835,-0.55215192,-0.14039826,2.14155984,-0.51686454,-3.51261091,-2.20934033,-0.36463127,3.94425344,0.64496136,1.01657057,-0.12695396,2.37792015,-0.0846343,-2.82973242,1.60966921,0.82533598,-0.39192683,3.33699632,-0.19048464,-2.40804362,-1.28956389,-0.82988757,1.0195477,0.03730959,-1.51355982,-1.6403085,-0.06397791,2.39036393,1.93311787,-0.99725807,0.31174648,0.98933077,0.00972708,2.96305275,-1.60904872,-0.1920265,-0.0293839,-1.22855425,-0.15473992,0.0731082,0.73954344,-0.08819562,-1.64279056,0.4760747,1.07284534,0.09160942,-1.50848246,2.09008837,b'7'
1264,-4.0079093,10.85712719,-0.69830734,4.02618837,-3.69622421,-1.42047954,1.94884098,-3.57368255,5.12810326,-3.8404603,-2.23198891,4.8778553,5.39359474,0.7654233,-1.62314367,5.42759895,-4.6612649,1.1637907,-1.75662673,-1.74455285,-0.18232407,2.46564388,0.26891941,2.17899179,2.14599562,-1.27117443,1.77099025,5.20922661,0.61456656,1.07477295,1.36468887,2.54311943,2.19307303,3.18576741,2.32713413,-2.79655671,0.51438689,-0.8815431,-0.07717121,-2.43686628,0.21862829,0.10892505,0.3881264,1.95551181,1.04563463,-2.18226671,-0.14789669,2.00475025,-1.22068858,1.83573377,0.07397722,-0.21428263,-0.57879543,-1.16591287,-0.24674612,1.20099306,-0.59206843,-1.96857607,1.23343825,-0.16960472,-2.23026538,-0.87426704,-0.20588076,0.92403477,b'7'
1265,-9.2563858,2.32851028,-2.85367846,3.80850434,3.64351797,-2.02039623,-0.24307108,-4.51419067,4.81864977,-2.5870266,4.47065544,0.90740037,0.21141529,-2.08032417,-7.25034046,8.23229027,1.12252569,1.15905499,2.3406074,3.93082952,-3.37765598,-1.6771946,-4.00500154,1.924932,0.18278229,-0.58531851,0.58761513,-0.85066652,1.09947038,-5.86216831,1.82748401,-1.78785956,0.14429384,1.6514833,1.24477088,-2.66300988,-0.06860781,-1.98916006,-0.35180795,-0.73573369,0.2101357,-1.6198653,-0.65993685,3.29576182,2.65058422,-0.57226372,-1.14769924,1.15952551,0.02260916,1.77353776,-0.92070019,-0.30872697,-1.00135088,-0.03791463,-0.56112045,-0.84039474,0.39149141,0.18118376,-0.97581971,-0.1736455,0.87903708,-0.97812855,1.30183136,0.06177701,b'7'
1266,-10.24512291,8.98269844,-4.87177563,3.4459033,-1.60774589,-0.59799802,1.80875611,-4.47253513,3.3818326,-9.05492306,0.64886642,0.57570124,-0.4782542,0.9648338,-0.30730963,5.06900072,-1.98028219,3.0256145,-1.46070111,-0.80841529,-2.27583838,-2.60044861,1.57472897,1.24661684,0.51170683,0.33535799,-0.00455454,1.5192616,2.94145441,-0.09654254,-0.70704424,1.51455164,-0.61538506,0.96807456,-0.17057896,1.19693148,-0.09449148,-1.0538249,-0.76487935,-1.84712064,-0.02586663,-1.26750982,-1.84761488,1.48133421,1.11447096,1.08391023,0.42163581,-1.56226611,0.22750559,3.30724335,-1.73652995,3.5384407,-0.68122149,-0.41846466,0.52958953,1.78956628,0.14895749,-1.07431686,0.57545847,0.85699546,-1.33191049,0.12100136,0.98340237,0.72224987,b'7'
1267,-10.18826485,7.01041889,-4.17697668,2.90986872,2.40714836,-0.69633877,-0.52589703,-5.05116081,4.19172573,-6.53314924,1.29078674,2.29220271,-0.49586844,-2.2499218,-3.64682245,9.48293114,-0.19441414,1.27110863,-0.31482419,0.96293592,-2.38473129,-1.90537047,-0.12505004,0.59817767,1.7121762,0.40927169,1.8660177,-0.22887391,2.0089581,-1.82552373,1.15344715,0.30035305,2.10677838,2.91325903,0.26413095,-2.66902423,-0.62996221,-3.35854983,0.21538794,-0.84607923,-1.34668136,-0.44209194,-0.5664137,3.73013473,1.12161767,1.34316099,0.17401803,0.09843755,-0.54366171,2.26754665,-2.32074904,0.52319336,0.07177424,-0.95300174,-0.29817599,0.90387559,2.23441124,-0.85874164,0.31168604,1.32187235,0.73902935,0.26734936,0.40221977,0.30243477,b'7'
1268,-12.72556686,3.18264818,-3.98564911,-7.1393714,1.16830528,-0.40009272,1.38223791,-0.49248898,-1.5084877,-7.2069912,-0.31625986,0.03920126,-5.0223527,-0.44055787,-3.30200577,0.19415152,1.62129927,2.56986189,1.99062395,-1.48361135,-4.96599913,0.05230939,2.30134439,0.78117371,-1.07432485,1.40258741,-0.89264524,-1.33539653,1.23233485,1.3148073,-1.40626848,1.54778767,1.57418728,1.70095158,0.1196537,-0.10620698,1.32278895,-0.13836735,0.83817446,1.63036108,0.33192575,-0.39956903,1.10857105,-3.34613538,0.95376027,0.2070691,2.29755402,-0.55272937,0.58978444,-1.88050377,1.39139819,-2.21334696,0.70910656,-0.53438663,-1.30375624,-0.57310253,-1.24643803,0.18598557,-0.55221701,-1.57029665,0.56826216,-1.62345624,0.13389593,-0.38731089,b'7'
1269,-9.23436069,3.01477528,-4.1940608,-1.00506139,2.37056637,-2.46192956,3.96539831,-6.1991396,8.7797451,-4.07172632,-2.25568581,1.83372283,3.82887697,-5.25084209,-1.32892323,5.7272768,0.98345184,6.9383316,-2.94471931,-1.96870017,0.43278134,1.36107397,2.68577051,3.56686211,-1.07386088,-2.10758543,2.2213254,5.88383532,2.76825833,-2.035748,1.82975054,0.60538507,-0.47518653,1.70955944,-0.59702957,-2.28665662,0.94767427,-2.29212618,-0.0875957,-1.23263025,0.54957438,1.72937047,-0.11637473,2.68937111,1.30116677,-1.36270475,-0.45929641,-0.15444684,0.4899224,1.04531693,-0.35327989,0.64032012,0.02233911,-0.26050389,-0.9359358,-0.54977858,0.68486238,-1.39106202,0.7396881,-0.78013211,-0.52330816,-0.40363377,0.01488847,0.7905913,b'7'
1270,-7.73264122,6.56557941,0.09337866,2.1861186,3.20445204,-0.76939273,3.15912104,-4.12700653,9.70440483,-5.47597218,-1.37857342,3.27235556,3.99334931,-3.98757672,-2.02116299,5.05863857,0.35985756,3.8450954,0.21464473,-6.27547359,-2.0731585,2.54410291,-1.00396895,5.53232574,-0.01026481,2.13128424,1.13927865,4.57552099,1.46300125,-3.31043434,1.75214124,2.57271099,-0.56399995,2.73812723,0.15592736,-3.11829329,0.46195292,0.02340782,1.09306395,-1.69298553,0.30734968,2.23134828,1.00176513,1.09957397,0.46591127,0.35899508,-1.19437087,-1.33637357,0.86806887,1.10323393,-0.70277262,2.27023125,-1.61978173,-0.09930348,-1.90911722,0.16137278,0.2540338,-0.95738626,-1.05094826,1.19829524,-1.14902663,0.12161118,-1.69610715,1.58392382,b'7'
1271,-8.5360117,7.69611645,-2.50152707,0.74614692,-1.32182539,-1.4537282,3.77196622,-3.52647328,8.2264204,-7.77495718,-2.0089469,0.71159267,-0.13165355,-0.98221749,-2.68491745,1.47480559,-1.68579686,4.64626884,-2.55806684,-0.75191987,-4.14305401,-1.23689032,1.08479321,4.00434399,-0.01115614,0.24628404,0.36373985,4.33604813,2.14490652,-0.74394369,1.82698047,0.66186166,-1.62250018,2.32207513,0.42164963,-2.22652912,-0.09470916,-2.1981554,0.18529391,-2.27188039,1.21984363,-2.16333914,1.0320152,2.67082977,1.69473267,1.54330266,0.72003263,-0.05359244,-0.37335151,1.37136567,1.32569075,2.47436142,-1.29919577,-0.09559143,-1.632236,1.44620585,0.01451731,-0.86488587,-1.1089108,-0.05275965,0.14405857,-1.39260077,-0.44325036,1.6895076,b'7'
1272,-9.2563858,2.32851028,-2.85367846,3.80850434,3.64351797,-2.02039623,-0.24307108,-4.51419067,4.81864977,-2.5870266,4.47065544,0.90740037,0.21141529,-2.08032417,-7.25034046,8.23229027,1.12252569,1.15905499,2.3406074,3.93082952,-3.37765598,-1.6771946,-4.00500154,1.924932,0.18278229,-0.58531851,0.58761513,-0.85066652,1.09947038,-5.86216831,1.82748401,-1.78785956,0.14429384,1.6514833,1.24477088,-2.66300988,-0.06860781,-1.98916006,-0.35180795,-0.73573369,0.2101357,-1.6198653,-0.65993685,3.29576182,2.65058422,-0.57226372,-1.14769924,1.15952551,0.02260916,1.77353776,-0.92070019,-0.30872697,-1.00135088,-0.03791463,-0.56112045,-0.84039474,0.39149141,0.18118376,-0.97581971,-0.1736455,0.87903708,-0.97812855,1.30183136,0.06177701,b'7'
1273,-10.88386822,0.75033641,-3.37458968,-3.1017611,2.73685932,0.47782683,-0.20964336,-6.46734333,-2.34685326,-7.61317682,5.83065796,-3.92303395,-2.41416574,-0.72186673,-3.29226589,0.98458183,0.89848518,-0.84173071,2.55467105,3.23819637,-4.21948147,-0.55063456,-0.37502512,-0.56042814,-0.55628777,-1.06481171,1.73394215,-1.74865246,2.71275663,0.02592039,-2.48376846,-0.73163784,2.43014979,-1.08800316,1.6182431,-0.31186977,-1.50585651,0.91705668,-0.03086305,-0.28307265,-0.71117204,0.45124644,-0.21155591,0.17908745,1.11240184,0.70584196,0.16246286,-1.2145493,-3.42418504,0.0898627,-2.76310945,0.22252905,-0.10331702,-1.06759071,-0.5299235,-0.05343747,0.79985273,-2.4816761,-1.41882873,1.34981167,-0.58477992,-0.42253122,-1.1039021,1.09036434,b'7'
1274,-4.49403858,8.40756989,-4.47541857,2.80735064,-0.05315816,-2.17059278,1.76600206,-10.21218777,6.798522,-3.90838909,-0.4462893,-0.48871684,0.81594926,0.69020969,-2.02761173,1.86441004,-2.40272713,2.50543141,-0.35375822,-0.91045809,-3.7068398,-1.80838013,0.10207544,3.60368013,0.98834527,-0.00865844,-1.64495504,3.04294586,-0.82186317,-3.66035366,1.77109969,1.7541852,-0.31847143,3.50470352,-0.06960785,-0.62932146,-0.34318256,-1.56858563,1.91780448,-3.30426598,1.205163,-0.98155838,0.40571463,1.89229155,1.8915782,0.46106768,-0.54443634,0.37969804,0.04008836,1.37863243,-0.00256042,2.63839293,-0.477916,-0.3682009,0.3237341,2.43311691,0.67437458,-0.70687234,-1.29240763,-0.02480137,-0.2604585,-1.15746498,-0.3805123,0.08113335,b'7'
1275,-13.14852333,2.45162773,1.59099483,-8.35038376,1.73860419,2.78894806,4.18765259,-5.58744907,2.40074635,-9.13852501,3.34115028,-0.3827889,-5.1128068,-1.6247493,-3.35335541,-0.17131376,2.73450255,0.3536576,-0.61126554,-1.22331035,-0.96266985,-0.12996745,1.41222119,0.46487141,1.18533123,2.56658196,3.11482143,-1.25384057,-0.57846975,0.5605098,-1.01411974,1.18350029,0.30041575,2.41109562,-0.13221467,-1.6823343,-0.0395329,-1.32328224,3.17187691,-1.40716982,-1.76420784,0.20652923,-1.78545535,-0.38337243,1.37615669,0.8794198,0.35048667,-0.29185462,-0.36333233,0.40741229,0.09178416,0.71598393,-0.25726938,0.46361536,-0.33734304,0.62334681,0.5416832,-2.70664787,-1.52421129,-2.17359304,-0.2185519,-1.27863359,-0.36982387,0.62816709,b'7'
1276,-12.05019474,4.21237803,-2.7574091,-5.64733887,-1.72610736,1.64957154,0.96507287,-5.65338707,-0.04207706,-10.16825294,0.56866932,-2.90920854,-3.1930232,-0.76238251,-3.64664507,-0.68206048,2.00908232,1.1013267,0.47606933,-2.72168994,-2.42814875,1.24826097,1.98895824,0.45900846,-0.81108129,0.90958059,1.11363006,-0.1050362,1.88527989,-0.16488934,-0.95624912,1.89348221,-0.44419318,0.79538858,0.75139081,-0.16917619,-0.41181827,-0.48256987,0.72281122,2.31903315,0.00235736,0.3408303,-1.17458582,-0.28487667,0.40364015,1.66892672,-1.26340318,-1.82485414,-0.1669012,-1.11889648,-0.99546111,0.87849754,-0.25607586,-0.68731976,-1.00265336,0.62667286,0.61683559,-2.27945161,-0.87327397,0.73486948,0.90209907,-0.52821219,0.54303873,-0.04786821,b'7'
1277,-9.8396492,4.8187418,-5.74373865,1.39321554,3.65567446,-3.25259137,0.99187303,-7.15108395,3.56356621,-5.60583973,3.09140563,-1.31774402,-1.31802893,-2.61691093,-2.88522816,5.79791164,-0.02909327,3.67323089,1.80606127,2.20483494,-4.66678762,-3.21625185,0.93078279,0.51645494,0.50365794,-0.19968784,0.15808898,0.57348132,2.17812848,-2.33366156,1.493186,0.32042122,-0.8160857,2.41529012,0.69668114,-1.5505048,0.00138187,-0.99836677,0.37912607,-1.18568277,0.08239496,-2.15383625,-0.30192482,3.71306849,1.38622475,0.528265,0.40785897,0.14703536,-1.89566445,1.54632461,-0.97170615,1.41085601,-0.44949603,-0.11889207,-0.19633132,0.47718847,1.44769418,0.4389165,-0.10093263,0.37984133,0.520199,-0.49514568,0.29254651,1.07476866,b'7'
1278,-13.49674702,4.0526309,-3.84190893,-0.06571412,2.4320426,-4.43754578,0.91579366,1.98519886,3.66074657,-2.94245815,5.07838154,-0.67834449,-2.18301249,-3.75673413,-2.08893728,4.14162683,2.67035842,2.67614508,2.05800605,2.142097,-4.77478123,-1.80704808,-0.24347088,3.41301298,-0.53716922,1.83592629,1.78287923,0.61957502,-0.04690552,-0.44297683,2.10492563,-0.1681633,-0.97875547,-0.10393113,0.60299075,-0.14629826,0.93275309,0.9353494,-2.40611935,0.56450343,1.28427672,-2.13641119,0.04984044,1.69522119,2.68795848,-0.51350492,0.84680033,0.43839383,-2.59918427,2.55451727,-1.29042327,0.73574364,-1.73778749,1.19983113,-1.45295906,0.29798579,1.9093349,-1.04049158,0.86074561,0.33339906,0.21801566,-0.14623433,1.02712226,0.74125785,b'7'
1279,-12.99775791,1.58473349,-3.70239592,-3.99684,-0.35286415,-1.32757401,3.83539701,-3.16473746,4.68414211,-6.79396772,-1.142874,-2.58522153,0.65103596,-2.30878949,-2.59778881,-0.59372592,1.48979616,4.63749218,-0.70105106,-2.26369929,-1.68629348,-1.58190513,4.89971304,2.01722527,-0.37592742,-2.12053704,2.1920805,3.33620691,3.6696105,2.3607626,0.44280052,0.55849075,-3.2958436,0.19631451,1.07609987,0.624497,-0.39497185,-1.23526955,0.6849618,-1.20021296,0.72385895,0.11066508,-0.25010872,1.67309451,1.6942482,0.54882956,-0.97511232,-0.69815731,-1.89980125,-0.38689262,-1.91784716,0.36872989,-2.77303433,-0.00726914,-0.77625054,1.22564888,-1.42018795,-1.28014469,-1.05971384,0.96946061,-0.54532212,-1.18529296,-1.24996722,1.42750371,b'7'
1280,-8.75347328,6.11430836,-0.36602134,4.68697548,-1.56422496,-1.77773762,1.75141692,1.97773302,3.8141346,-6.72876072,5.72795486,-3.66401792,-5.65566158,1.66482747,-4.44933701,-0.26290131,-0.05555677,-1.04087603,0.33453721,0.77297616,-1.59478021,-3.99078465,-1.95884669,5.68327999,-1.85337448,2.92493033,-1.11012149,-1.04880786,2.78897333,-1.4162209,1.67302179,2.10934353,0.67016679,-1.29212618,0.61703336,1.09232581,0.05134368,0.80924249,0.59057176,0.53875506,0.56269181,-1.32485616,-0.76456141,-0.13374227,2.58706808,-1.36093593,2.63271523,-0.82075667,-1.25776649,0.00725633,-0.8226155,0.68718058,-1.16061568,-1.79518104,-1.53722739,0.0456031,-0.85582972,-0.58470607,0.4250626,0.71465731,0.83010298,-1.69792223,0.28183782,1.33746231,b'7'
1281,-5.97774076,4.9617939,4.33137035,7.99642181,7.4073019,4.30909729,2.10932398,-3.99993396,7.34947395,-5.49551296,3.42890739,1.73715067,2.62850666,-4.45114851,-1.40969181,5.97011805,-0.03454912,-1.72015381,4.9087162,-1.77744997,-2.25726771,2.3904953,-1.80150926,4.9416914,-0.34755954,2.73984647,2.08891439,0.86102498,1.34638882,-2.38881302,0.04941404,0.99951625,2.09190822,0.85402232,0.4137767,-3.65475202,-0.0264678,-0.19815546,1.75020981,-1.26579666,-0.36376864,1.83136189,0.89854831,1.14662945,0.77874207,0.0126797,0.62036645,-0.91940522,0.55971634,2.2548151,-1.99073458,2.89864683,-1.27930403,0.66465378,0.41107816,0.18182874,0.68174958,-1.48422515,-0.96356416,0.9135673,-1.16410041,-0.12221804,-0.42286223,1.2132597,b'7'
1282,-10.94733429,0.81332541,-5.38446283,-1.11042953,1.22375381,-1.3268919,-0.06397176,-4.19930744,2.1744678,-6.40384483,2.13568592,-4.66900158,-3.14382839,-0.18992856,-5.40638065,-0.47648716,2.88869834,-0.09005928,2.5713098,3.1975565,-3.64746165,-4.57592773,1.0631777,0.11670995,0.07403666,1.5103035,-1.69345832,-0.42401469,3.07160997,-1.62720764,-1.93805921,0.21265221,-1.63547659,-1.96824765,2.24663258,0.80531907,-2.45731378,0.61375773,0.25317788,0.11331135,-0.30960822,-1.00184774,0.06939469,1.91516471,0.67380679,-0.30903548,0.24776557,0.83913171,-1.30619478,1.60814941,-2.4302659,0.01757014,-0.79406571,-1.38298631,-0.3380869,0.27331638,-1.44484568,-0.58215064,-0.07150447,0.5833776,-1.67733586,0.28401411,-0.83490938,-0.53171742,b'7'
1283,-14.51002216,0.70542908,-2.78466654,2.96781921,3.81456709,-2.68335485,2.36374235,-0.4413507,1.77490139,-5.9128418,3.54014111,-1.36888814,-0.10788786,-4.22631693,-3.40396738,5.41310692,0.9385469,0.84310973,0.98325467,4.29613352,-3.17269254,-2.7867167,-0.5594815,0.40247464,-0.62339675,-0.89880002,1.68170345,1.49765348,2.50840092,0.43816113,2.43859053,-2.42710948,-1.06887984,0.10258645,0.56456262,-1.60643089,-0.40169048,-0.4293763,-1.94151986,-0.05095366,1.93966174,-2.38102031,-1.14843202,3.53612614,2.12529993,0.88213754,0.45671391,0.67185616,-1.51985908,2.81883383,-0.93049371,1.07891071,-2.5072906,0.60176426,0.05214584,0.14032221,-0.1417551,-0.5235436,0.81041473,0.37543404,1.6373539,0.41111547,1.15895236,0.35646608,b'7'
1284,-12.84388447,1.58180761,0.13462421,-10.28642464,-1.83299983,-0.1053437,0.9939239,-6.94454861,-1.83294392,-4.2359848,-3.67678547,-0.45473123,-1.59746552,-0.22831982,-1.94193029,0.89849102,-2.87538314,-0.44598305,-1.49934077,-1.47769284,-2.25158644,0.10011101,5.71828032,-0.3653214,-0.32006174,-1.54354608,1.0156672,2.66774988,1.83676934,0.74028826,0.64611185,-0.088835,1.12716103,1.78737831,-0.01425689,1.84107196,-2.41475129,-1.60236311,0.40714645,0.93170345,2.82039404,0.73213291,0.73495126,0.44927794,0.3259849,1.40618479,0.34020662,-2.6094563,0.28925014,-0.2325229,-1.53620994,1.15494585,1.70394027,-0.38199437,1.13335156,-1.54657745,-0.4388628,0.94973624,-0.48855743,0.2268424,0.58844352,-1.23982894,1.97301304,-0.15252119,b'7'
1285,-12.0370779,0.26988125,1.78735781,-1.72034991,4.13964653,-2.86345983,3.77606583,-0.6750145,0.86494875,-6.69864416,9.8130579,-3.59216571,-1.15734911,-3.17980409,-2.44099808,-0.89842653,5.07311916,2.56629658,0.37436604,1.1479888,-2.75198746,-0.06435645,0.37616888,3.08786201,-3.00230598,-1.72243559,5.05349922,0.3328563,-0.14863062,1.11063123,1.25287306,-1.61423993,-0.27610296,-2.02504373,1.08025873,0.36840314,-0.75867677,3.67339897,0.08809483,1.73766875,-0.78902233,0.96994066,-0.65647888,0.44969505,1.37083077,0.01230934,0.46922162,-0.72974467,-1.46037865,1.74559438,0.03450952,-0.6144228,-1.10535955,-0.23507011,1.15982735,0.34169793,1.12936437,-2.29450846,-0.10356393,0.98902571,0.78480458,-0.98511082,-0.52966642,0.06813186,b'7'
1286,-13.74109173,2.70874071,1.34778333,0.15643924,0.8344878,-1.63840199,0.14342237,-2.90528989,0.01880646,-9.05117893,7.3560605,0.0351851,-0.77021885,-2.96858931,-2.61481619,-2.05625153,2.26197982,-0.52535141,1.97561908,3.42615747,-3.40440369,0.50944173,1.97744167,1.79009771,-2.00401258,0.7796002,2.44128323,-0.77879095,-0.00746775,2.36335611,2.03855228,-0.65566826,0.53778803,-2.026793,-0.52999854,-0.86080694,-0.33269215,0.71601832,1.53650177,1.60504532,0.08192134,1.60503399,-0.39065278,-0.69041145,1.32887805,0.67209458,0.86747646,0.08800769,-0.40988737,0.77043259,-0.8367542,1.30983186,-1.42725253,1.26443589,1.05842936,-0.47557172,-0.26394439,-2.57512116,-0.30241093,1.18446696,0.50338012,-0.90015376,0.9962455,-0.11680796,b'7'
1287,-2.45142794,0.35790348,0.34188175,-4.20708179,3.14246798,1.45082438,-8.38467121,-6.26400375,-0.85381746,-4.76320934,9.34056473,-1.24078012,1.58006692,3.68559241,1.88038301,-1.92445946,-0.53564453,-4.23970985,-0.36127102,3.2976408,-3.7047441,-2.04567862,2.3429451,-3.42206335,-2.90838671,-2.38050342,1.6517812,0.81569254,0.17015719,2.31597662,-3.35437679,1.01481271,0.7955817,2.60123205,-0.45715022,-0.80027616,1.15901709,-0.53719062,0.63595223,-0.51037782,-0.31193155,0.12525749,0.0790015,0.68019211,-0.60377765,1.37569451,0.14036849,-0.64324927,0.66201812,-0.37496871,-0.4984268,0.3399379,0.22036958,-1.03314662,0.19119984,-0.01876765,0.30300164,-4.23732758,-1.26445448,-0.95512557,-1.02269924,-0.48640525,0.62599468,0.75183237,b'7'
1288,-12.48285961,0.35060978,4.30475426,-7.08362579,3.8320775,6.39148998,11.88061619,-7.22651196,1.34221148,-6.28670168,1.37115729,-1.07378078,-2.19789815,1.61599147,1.89155483,3.07160234,-0.15343094,2.11980844,0.8450371,-1.99470556,-4.87747955,-0.15324587,-0.2090179,2.43335295,-2.11062908,1.15529859,2.06765985,-0.72680616,2.56307173,-1.93274152,-0.0257591,-0.77647471,-0.71404576,1.10082352,1.15768969,-1.33725393,1.07539392,-0.74532193,0.71024036,-1.30900455,0.95867157,1.82073545,-0.41576242,0.84378517,-0.03941596,0.98164713,1.61424601,-0.23238754,0.94896024,0.927001,-0.97409427,0.66157192,-1.42015576,-0.49500489,-0.40634686,-0.87265134,-0.62255359,-0.58803302,0.24453747,-2.26110077,-0.44628382,-0.56426597,1.28757584,-0.51597226,b'7'
1289,-7.2058239,8.08982754,-2.47276068,5.45950651,2.214324,-0.5905956,0.74394417,-5.08754921,6.0867691,-5.12084627,2.0562191,1.76206064,-2.28795958,-1.07248545,-5.27935791,7.65761948,-2.22045398,-1.56425202,1.57874119,1.42736459,-2.09490776,-2.29474711,-1.40424585,2.68496704,0.49047804,1.06620574,0.38667262,0.64826941,-0.20839882,-3.34300089,2.15121102,0.63694477,-0.21577542,2.80241418,-0.10691726,-3.19621754,-0.54367733,-2.06726933,1.49483991,-0.25998023,-1.17596042,-2.06138706,-0.45192823,3.42957425,1.29123354,0.00189844,-0.45329779,0.45360541,1.03594232,2.23557711,-0.3273192,0.70778054,-0.54731417,-1.980829,-0.61994547,0.17309755,0.91782153,-2.14374733,-0.67235911,-0.0769335,1.2273494,-0.88756162,0.36026978,0.94307214,b'7'
1290,-9.71549988,4.40107346,3.32766438,0.07034233,0.95197177,-2.1793015,3.11432743,2.69471765,0.56839609,-9.15427113,7.32917881,1.97586405,-2.95710278,-0.4334121,-1.2984643,-4.78619909,3.57463574,-2.96047068,0.96033144,2.11124229,-0.12047572,-1.71151638,-0.57913637,3.35839128,-0.53372145,1.38870513,3.69828224,-3.08482075,-2.64606714,2.15803289,3.98330545,0.89600253,1.20892477,1.01834142,-0.80916345,-2.4488821,0.82092452,0.5312115,0.44651103,-0.8084349,2.99990773,0.86222166,-1.61805832,0.5246222,2.22028208,-0.81256026,2.51799345,-0.638623,-0.5115819,1.71770012,-0.52461851,0.41635534,-1.18682623,0.381639,1.38544428,-1.00383902,0.4876852,-2.05202389,0.57299167,-0.03776371,-2.81316257,-0.58883095,0.08871442,-0.49768099,b'7'
1291,-14.91745758,2.24860144,0.60056525,-7.51140976,0.6524334,0.11699545,2.26478481,-5.84950256,0.9647665,-9.12827396,3.06441522,0.5562942,-4.41703463,-2.00545216,-1.09658575,1.56550121,2.74341559,2.88911748,0.17632616,-1.51015091,-2.03207827,-1.69064283,3.83086514,0.65528965,-1.10599589,1.78662682,1.62257946,0.47817159,2.55421257,2.64857912,-0.71110833,0.08485413,1.60754216,1.78951907,-0.72574925,-0.16335139,-1.27984238,-1.86013317,0.4484576,0.96848834,-1.25277901,-0.09981199,-0.81588864,-0.71286464,0.425161,0.03359938,3.28882813,-0.76056838,0.03047881,0.27493131,-1.20279157,-0.80310977,1.29822719,-0.53579688,-0.89896196,0.35992467,-0.24582648,-0.81632352,-2.02153373,-0.77791446,0.85076565,-0.82760173,-0.01430601,1.9428488,b'7'
1292,-13.60662937,3.80905628,-1.62291718,-3.36770248,1.76554906,-0.75164807,0.39224839,-1.9980166,-0.20674133,-8.20691681,4.1370306,-3.14034152,-5.5792017,-1.15966487,-2.72381878,4.36098242,1.71881247,0.43819523,0.50538629,0.74005318,-2.41239667,-3.67062378,2.75848174,1.30297518,0.83808887,0.0142392,1.46023488,-0.00925529,2.89217138,-0.36788836,-1.37242782,0.46828938,0.45805973,-0.76188332,0.34006613,2.79556179,-1.94519734,0.09675121,0.12624943,1.21418047,-0.87030506,-0.60933453,-0.09548904,-0.12607175,0.13765752,-0.68689883,1.48435879,-1.19241166,-0.2461655,0.79976165,-0.20529743,1.06126606,0.31659174,-0.61366177,0.40541297,-0.39289427,0.88204658,-1.26279342,-1.55300069,0.20344603,1.15033817,-1.17731237,-0.3692427,0.78615046,b'7'
1293,-13.1446104,1.14912081,1.55872154,-9.86147213,-1.22193623,-0.51385701,4.32745838,-6.90714931,2.48767996,-5.66996002,0.16637468,-0.37500691,0.48972118,-3.18748689,0.88469148,-3.84697247,2.31141734,3.30644727,-1.37338567,-2.91718149,0.07103033,2.72332096,1.65688002,3.11422205,0.3546052,-2.92910075,3.15037441,1.86187243,-0.44985628,0.35706127,0.50299728,-0.03938913,-2.25517321,0.91211826,0.20216066,-0.81970227,0.27974987,-1.1162169,0.56746578,-2.23126602,2.25755763,2.58418584,1.0256592,0.46801007,1.29727829,2.09124804,-0.71052521,-0.73381686,0.16958719,0.74253023,-0.22108908,1.02485001,-1.97290826,0.57103997,0.69157541,-2.05244732,-0.34284496,-2.05822802,0.06947422,-1.51239729,-0.82524002,-1.93839216,-0.37043306,-0.02554357,b'7'
1294,-13.5947876,2.13050318,1.75772905,-8.69080734,0.65361249,0.24294382,4.18989801,-4.09336376,1.72180939,-8.89931774,-0.2343874,-0.75320792,-3.21941805,-1.84520102,-0.14381027,-1.14829397,3.5969398,2.14298439,-0.24496506,-3.71378565,-3.38413906,-0.77914828,3.41590738,1.69103909,-0.38823619,-0.51465201,2.13092899,1.42014599,1.39475894,1.34023893,-1.19021714,0.73507833,-1.36422765,-0.509453,-0.13015342,-1.47392654,0.18897319,-0.58006006,0.81777537,0.23272914,-0.65748119,-0.11622579,-1.5855149,-1.15397179,-1.03644025,1.53404164,1.19731832,0.01882887,0.49474007,-0.60741293,-0.88765442,-1.06727242,-0.22021675,-0.05564189,-0.95635945,1.43182278,-1.10573363,-0.30337167,-1.03794658,-0.71525431,0.03569867,-0.35828465,0.05955398,1.68166709,b'7'
1295,-9.05795479,4.4332881,-1.60345602,-6.75522995,2.12696791,3.21272278,3.53013396,-3.62699389,-4.3163991,-7.3015008,0.26224685,1.32104707,-5.9814558,4.6820488,-1.97978592,1.07210279,-2.69193816,-2.23385167,1.10775173,0.8810308,-3.30882096,1.12071109,1.17597997,0.27961564,3.14140224,2.22382689,0.13898784,-1.64606857,0.41383147,0.80819821,-1.63231647,0.48322058,1.24442208,-1.55100346,-1.43071342,0.32329288,1.02178431,1.18246281,-0.55382144,1.72527599,-1.09322369,0.06539424,0.70649064,-2.65310407,-0.88964474,1.13711691,0.26148593,0.13903165,0.86995047,0.96336138,1.40490079,0.09912527,-0.4461422,0.22219026,-0.84320503,-1.30330324,0.91257119,-0.50484771,0.98149937,0.32670665,1.01792455,0.57117915,-0.41338068,-2.20504093,b'7'
1296,-10.620121,8.36641216,-1.58728647,-3.38958073,-6.74813318,-1.37406898,1.08256602,-0.79592037,-0.06542921,-10.17251682,0.84143972,2.03037357,0.44535172,1.5539577,-1.19570971,-2.70530653,-0.87894583,3.33775592,-1.27259386,-3.21882153,1.5255779,3.84935141,1.43185651,0.54698682,-1.3348639,-0.18829256,3.45779514,2.51743531,1.06852698,2.93598843,1.16786683,0.08666253,-0.29855579,0.34647721,1.53306794,-1.11034811,0.83463669,0.77242351,1.70801961,-1.00937784,1.24617028,0.98478758,-0.36810029,-1.44794166,0.77109015,0.87694883,-0.95217586,-0.18636417,0.39349401,-0.57533079,-0.10469116,0.03124648,-2.81578469,-0.41765904,0.23386854,0.71288466,-0.77428818,-1.10627127,0.51414818,1.5464102,-0.9618125,0.35184038,1.93625844,-1.98602843,b'7'
1297,-11.24888611,8.03002739,-4.0803895,-6.04128599,-5.94286633,-1.90186024,-1.20794296,-3.2813499,0.60004091,-8.11177826,-0.6448853,-0.61076522,1.12279606,-1.47198117,1.03930831,-1.69918013,-2.21153378,2.74709773,-1.38578045,-2.23448706,0.49921763,4.23196745,0.21028915,0.52498674,-2.89305067,-2.69650316,3.09800339,2.36960602,2.50871897,0.6782074,0.0140121,-2.0618434,-0.55566144,-1.73940659,0.56225669,0.56114483,-1.44608116,0.57017601,-1.67943847,0.56623292,1.08428454,0.35926074,-0.30600685,0.07800762,-0.40885127,1.1474309,0.09222138,-0.38370371,1.0531292,1.49157703,-0.65510291,1.07958722,-1.95378137,-1.19059038,1.15968418,1.17374003,-0.62497854,-2.27014399,0.84383422,1.80727208,-0.25797546,0.30799586,-0.2666285,-0.91718388,b'7'
1298,-8.76428127,7.40532589,-3.19415331,5.45322895,4.85798645,0.36273021,-0.15260649,-4.22706699,5.35813713,-5.65338516,4.2227087,2.29709101,-1.84458613,-2.41928577,-4.01911354,7.13133335,-0.50589728,-1.69221067,-0.47302708,2.49974298,-2.55479908,-1.56085443,-1.23554528,1.63435268,0.03117812,0.70248765,0.70404232,-0.05080277,-0.05976057,-2.54239416,1.90716839,0.5490303,0.04872144,0.76541412,0.42579544,-3.05555224,0.53629684,-2.55908489,0.75969213,-1.64603341,-0.23241585,-0.0617242,-0.22331752,3.82158208,1.7505796,1.25606883,-0.35888624,0.2363317,-0.46675363,1.67343295,-1.89188242,1.29240346,-0.17648911,-1.3423357,-1.51811695,0.3261261,0.71929431,-2.35243464,-0.38188455,-0.30927354,1.17763257,0.80173403,0.49418128,0.2015461,b'7'
1299,0.74784076,6.23121452,-2.75828958,5.41888046,-1.55106378,-1.39158726,1.21706963,-0.52407217,0.22998714,-10.83487129,-0.12446356,2.08140779,-3.46547699,0.26311785,-5.99673843,6.15037584,-4.10382748,-0.28838503,-0.73882484,3.04833937,3.22829008,0.03247589,1.62340021,1.55701065,-1.15804768,0.21860972,2.967875,0.22824788,2.20204544,-0.68544191,0.06560063,1.80661726,1.71847928,0.10646951,0.58691514,-1.50524664,2.74812198,2.75231957,0.19396544,0.3419528,0.91571307,-1.32348502,0.16024198,-0.38172615,1.70631778,-0.61580896,1.0437578,0.9334743,-0.72376108,-0.19515634,-0.55936968,2.46024561,-0.86331034,0.1850332,-0.32738584,0.60098183,-1.53312778,0.8118428,-1.70081067,-0.2224595,-1.36065447,-0.93725121,0.04130727,2.06706476,b'7'
1300,-10.47877216,0.67258143,-2.18140006,-2.04097772,5.5345583,3.77363992,-0.69094706,-1.54418373,-1.00852203,-2.84579349,7.4128089,6.87404346,-0.54719436,-0.90549058,-1.76643038,-5.24067354,-2.69822335,-1.84456825,0.10655773,4.23848391,-3.36810136,2.98519468,2.05464387,3.09150553,-2.30323839,-0.60178667,3.53575182,-3.42496824,-1.82691669,0.99941409,-0.93952787,0.71571684,0.44714385,2.25542355,-1.40135217,-2.69043303,1.18990231,-1.12570715,2.37818956,-2.82759547,-0.05738735,2.57809067,2.26436687,-1.37764573,0.17426276,1.34429896,0.85475171,-0.52672458,2.0848887,-0.39450473,1.48734474,-0.0455184,0.67858076,-0.03521597,-2.51532984,-0.06997341,0.42751932,-0.72528714,-1.34493399,-1.77623177,-1.31919646,-0.07423031,-0.3961218,-0.51871163,b'7'
1301,-10.69698238,5.73146725,-5.4312005,2.52155471,5.49408531,-0.74643648,-1.42292309,-2.24463749,2.50471711,-4.7780838,2.1018827,1.5911932,-2.31081128,-2.12410784,-4.426404,8.27307606,-0.98931164,-1.94917536,1.28776729,2.86270761,-3.07719779,-1.2140317,-0.7773416,-0.43537712,-0.30397305,0.54054439,2.02428102,0.1613003,0.55799937,-2.79187703,2.91806197,0.60812569,1.23209238,0.38921922,0.94230592,-1.68750894,0.93538284,-2.69740129,-0.92542636,-0.42154518,-0.33182353,-0.87185782,-0.98240292,3.78773427,0.19933164,0.14986956,-1.10147762,0.26908278,-0.68726563,1.16940451,-1.30820405,0.31584275,-1.3820982,-1.64303493,-1.27956915,-0.18242341,1.94887114,-2.04328895,0.2931366,0.00535476,0.48148924,-0.76708102,2.09770393,0.38956049,b'7'
1302,-12.25408363,0.4872458,1.40656614,-8.32097912,-2.17335939,-1.39165545,1.15091968,-5.45841789,-0.82903481,-4.8376193,-1.71850061,-1.27312112,-0.44840789,0.17343292,-4.34981155,-0.33055997,0.03106284,-1.06869256,0.77380812,-0.09418797,-2.66331458,-1.72726035,5.59512663,1.11415863,3.25501871,-2.50280452,0.94673908,0.54272497,0.32956314,-1.02938092,0.3921088,2.88428783,-1.41823411,2.59441876,-0.77869284,1.33953369,-1.90427995,-1.85992336,1.63288772,-0.08445722,1.52592516,-0.23397939,-0.13620718,0.19866744,-0.29452288,-0.43813303,-1.45466554,-1.7514627,0.62081349,-1.61613202,-0.0127009,1.74121511,0.94417632,-1.32513213,1.34589624,0.18636048,-0.19925976,-0.06990635,-1.74985433,0.27434623,-0.83763522,-1.8305614,1.70783532,0.81644064,b'7'
1303,-15.76587486,2.17382097,-0.42239434,-6.11868572,0.54533136,-0.20563018,0.92923117,-4.82228374,1.45831871,-8.10809898,4.55978251,-0.39798617,-4.57298374,-1.63726926,-3.41297007,1.35973763,2.07112908,1.58472514,0.33088553,-1.59796667,-0.98932362,-1.66567659,2.75331759,0.90583324,-1.91329801,1.55308104,1.3660804,-0.9369635,2.46079874,0.89838958,-1.62688076,-0.29323769,1.11755455,1.56736767,-0.05286789,1.22631013,-1.45148134,-1.9795084,1.26370907,0.9395777,-1.29591513,0.24961077,-1.85897541,-0.49993759,0.11500525,-0.03043246,1.97803557,-1.17870879,-0.2916041,0.09174931,-0.62458605,-0.30723643,1.12065041,-0.56407547,-1.97718763,-0.17999977,0.4761622,-1.30589783,-1.15727341,-0.22530371,0.70088571,-0.84151679,-0.19606835,1.58372223,b'7'
1304,-10.9314003,1.11829567,-0.05760872,-8.50923347,-3.49779749,0.46091831,1.13081002,-4.52368641,0.03287554,-4.86467266,-3.52902842,-2.0115211,-1.22314692,-1.81684458,-6.07979012,1.49007797,-1.959216,-1.38472128,0.63433284,-0.18262506,-1.41688347,-0.50152773,5.11443233,-0.43669724,2.538445,-2.38542223,1.77028143,2.13173199,1.3225553,1.20333707,0.2631557,2.43795872,-1.16378081,3.1880908,-1.16482902,-0.44824257,-2.56721067,-2.29937196,1.6671257,-0.80979353,-0.76168299,0.34074351,0.30472398,1.24667525,1.16782498,0.25725985,-0.55905032,-2.04650092,0.0425556,-1.26931548,-2.28986001,0.6785965,-0.18698621,-0.69775915,1.8383255,0.75890565,0.72962689,-1.19491386,-1.21356821,1.40353072,0.07121049,-1.69576216,0.91419196,1.20170486,b'7'
1305,-12.93443966,3.66793871,-3.61369228,-7.335289,-2.5076654,0.67699677,0.50792074,-3.20402789,0.57993317,-7.39358521,-2.1524024,0.05239892,-3.57838106,-2.2428081,-2.90248775,-0.34048295,0.27491283,1.60631704,0.55846018,-1.91443491,-1.50761509,0.02488154,4.14937496,1.06763697,0.72899806,-0.12886436,1.30824864,1.59438896,2.20330238,1.58323467,0.27210116,1.22938991,-1.78737164,2.06231451,-1.40059805,-0.30394307,-0.76940942,-2.22498655,0.29854369,-0.40934035,0.73306155,0.42513859,1.54766655,0.43265522,0.32784724,0.00454032,-0.888188,-1.79575133,-1.11277199,0.15845788,-1.0824064,0.63952315,-0.44231272,-0.50490308,-1.36218834,1.32187605,-1.33204508,-3.07973671,-1.18273246,-0.12133098,0.70598692,-1.65911913,0.10055774,1.52413642,b'7'
1306,-10.25549412,7.42237568,-8.44628048,-5.0665369,-3.94889688,-0.63942242,-0.7313199,-0.07488763,1.41881037,-6.10768938,-3.81349277,-0.28572011,-0.91920424,-1.3466866,-2.17695713,1.84121418,-3.3664856,2.86238647,0.30884379,-0.33040106,-1.10096431,1.5040586,1.36135042,0.95688605,1.71201694,-2.57260799,1.56225336,3.29046488,3.04341793,1.56174624,0.75702262,0.82560802,-1.94525898,1.88208485,0.19098079,0.49616593,-1.23554289,-0.31638581,-1.37933314,-1.07633495,1.66038728,0.44658878,2.25478101,1.79699218,0.18607068,0.71245211,-0.99758291,-0.49032807,-0.62835371,0.29020929,1.92402852,-0.6500268,-1.47765088,0.26392889,-0.39333278,0.68896925,-0.27343273,-2.04260445,-0.06871611,0.283108,-0.2269609,-1.12432992,0.77602243,-0.64004362,b'7'
1307,-12.13435364,4.47057915,-2.05878305,-5.69014788,-7.26965332,1.82601368,2.20730066,-0.64261258,3.71577883,-5.47689104,-0.24541879,-0.25663829,-0.53437376,-4.58855867,-4.39243317,-0.72725916,-0.97194487,4.31321621,-0.62486368,-0.98971665,-1.40888548,0.81544077,4.54853868,0.82471848,0.23247343,0.60856616,1.77208483,3.95301008,3.7442925,3.35920429,1.94593585,0.43407369,-2.3470645,-0.57894951,0.16910613,-1.42938614,-1.26234996,0.30428958,-0.13257575,-0.19342658,-0.0513953,1.09419215,1.75814176,1.9482497,1.84349859,-0.24167497,-0.93147552,-1.67441916,-0.72030836,0.13653207,-3.07925487,1.4897337,-1.04359365,-1.88375044,0.3904888,0.04453498,-0.05355859,0.15333578,0.33293635,2.44073772,0.50515169,-0.47686422,-0.43921921,1.37340331,b'7'
1308,-10.22259808,5.3596735,-2.68067384,3.19374061,3.63023615,-2.08476019,4.04714918,-4.0458746,5.06012535,-7.35048866,0.24597239,-0.3747108,1.19639182,-2.4805851,-2.90174961,8.62986279,0.74840117,3.99322677,-1.36452997,0.02217484,-3.68239808,-2.1632266,-0.0050126,2.60517931,1.76041186,-0.6438396,0.80845726,2.23128557,2.19558144,-2.72125316,1.24672484,0.6618855,-0.7223478,3.40289116,1.24259031,-2.20120764,1.46579576,-1.76345491,0.78864855,-1.37812948,-0.32483464,-0.66811877,-0.39021909,3.37115002,2.01103592,-0.04047632,-0.54014057,0.13041568,-0.09121135,2.67967033,0.49040076,1.99878836,-1.10843301,0.08978212,-0.452429,0.18818641,1.06509233,-0.64004236,0.20548612,-0.02843571,0.26849294,0.17995197,0.83814919,1.71084833,b'7'
1309,-11.7158823,7.06132126,-0.86173135,-0.58156312,-3.63431311,-1.24208403,3.15809155,-2.51860237,5.2920599,-9.96714783,1.21396828,-1.97871137,-1.05084801,-0.54036731,-2.2458477,-0.46850657,-0.00934827,4.76928139,-0.73573148,-2.08513594,-1.1917367,-0.55585557,2.80039692,3.50736046,0.04057473,1.86696649,1.67822635,2.10191131,4.72251606,1.71963823,0.64357269,1.18570852,-0.89517957,0.85244524,0.26087791,0.18826374,-0.23838615,-1.21049452,3.21868324,1.2650243,-0.4393754,1.24510729,-1.19262135,-0.55105025,1.13103962,0.00317514,0.77253026,-1.37239575,1.1753695,-0.38066807,-0.99940097,1.55505228,-0.8050437,0.17742109,-0.82809955,1.17999578,-1.21627998,0.43040913,0.23010617,1.67654836,1.35919714,-1.118963,0.54197884,2.28024626,b'7'
1310,-11.80215168,2.42638016,0.49376899,-10.68170452,-4.85013294,0.73652041,1.04728007,-6.14036655,-2.30292511,-3.00186729,-2.52890396,0.32405567,0.35534269,-1.25958931,-2.78977013,-2.41567612,-4.35035992,-0.59400749,-2.26268768,-0.53381026,-1.59138227,3.3241272,4.06510401,0.41495109,1.73100007,-1.69707108,1.82189763,2.22057819,-0.41353321,1.34272349,0.2015934,-0.83348191,0.40493602,-0.78304082,1.48589599,-0.2998288,-1.84582198,1.16253209,-0.77495658,-1.0608809,1.08946443,0.76928025,1.86593461,0.68451554,-0.9073323,0.09635501,-1.4990772,-1.94365668,-1.31835938,0.26654029,-0.98832965,0.94219625,0.6079179,-1.6664567,1.47949767,-1.19755077,0.16377974,-0.04335953,-0.75853777,-0.54202044,0.1513084,-0.60693443,2.30115652,-0.45842609,b'7'
1311,-11.50980091,3.8202281,-3.83833218,-1.98456454,1.6426059,-3.10864139,0.629251,-2.98075938,5.72210884,-5.52293968,2.35937428,-0.73325896,-2.08258772,-1.45357049,-4.37779617,5.36433029,1.60150743,2.80716705,0.62748104,0.53288364,-2.66286278,-6.02617359,3.50721025,1.76034307,1.66474783,-1.73633683,1.50203836,1.81414461,2.28293705,-2.0271244,1.73479056,0.53642678,-0.33027339,2.92005134,0.11575127,1.44101536,-2.30959821,-1.78134966,-0.76666868,0.01626343,0.78309965,-3.77422452,-0.61545283,2.29526782,2.53289962,-0.81450915,0.58839041,-0.18722653,-0.88243967,1.09276021,-1.79463959,1.4785974,-0.96104383,1.50403953,0.18463445,3.19900513,1.96079457,0.16601214,-1.50894809,1.45219195,0.20843147,-0.38272631,-1.19453967,0.71948183,b'7'
1312,-12.95901489,-2.02632594,5.41421938,-6.62678766,5.74140453,0.52564234,8.82026386,-6.8537569,-0.9703536,-4.17167282,6.12473249,2.77202034,-0.34819639,-4.85563898,-0.39824152,-1.09442139,0.63967037,3.31638074,-0.36752445,0.25798678,-7.07941103,-0.51134914,0.39028391,-0.63835263,-1.32015777,0.65418983,2.79610348,0.01317334,0.67473578,2.34655809,0.99463719,-2.73884249,1.42056918,-1.00892496,-1.04133058,-1.70076478,1.30333161,1.82040739,-1.00821316,-1.01324964,-0.49734706,1.0562495,-1.58930218,0.62582594,0.68440521,-0.03922854,0.53676778,2.10412788,-0.28264138,1.43916738,0.86350286,1.88625932,-0.62678003,0.66470665,0.50928164,-1.20141649,0.97445083,0.44930482,0.17702699,-0.4856379,-1.01092839,1.14755392,-1.05451536,-0.14723998,b'7'
1313,-8.63112354,7.94803715,-6.97526073,-3.36985278,-2.91514301,-3.58518529,-2.00047302,-2.47466516,1.25131512,-4.96674776,-5.51985741,2.89041734,2.04466772,-0.72729313,0.43212748,2.93841815,-3.02609563,2.02099085,-3.04039979,1.71848679,0.78612626,3.11206174,1.52084816,-0.48135066,0.41440225,-2.71740961,2.31333351,3.39491463,0.96116662,0.56532645,1.26224494,1.99974823,0.06334483,-0.1209392,0.74472046,0.29346883,0.56195807,-0.60684854,-1.35492432,-2.00298166,0.87169504,-0.62444079,0.62518597,1.53213382,-0.10365069,-0.03886913,-0.38825321,1.01065958,1.23228765,2.02156067,0.67138779,1.36457944,-3.44828725,-1.26963544,0.43734464,1.42501855,0.12507343,-3.31837964,0.9107216,1.60787737,-0.15115982,0.52943569,0.61161232,-0.66682005,b'7'
1314,-11.4139967,1.27270079,2.39528823,-9.8791914,-0.19184089,1.94582844,5.23915482,-6.77945518,-0.88765621,-3.33739352,-2.47210979,-2.02493739,-4.32442522,1.77573192,-2.08291245,-1.05830169,-1.24819469,0.83814526,2.03546953,-2.48656559,-5.70397663,2.17846203,2.69802737,1.51362324,-1.19033134,0.45251691,-1.24634933,-1.52993512,0.82447648,-1.62418318,-1.41345179,2.43114471,1.3090241,1.81398582,1.04436231,-1.17269361,0.76131701,-0.53626031,0.56644547,0.12835282,0.51763546,-0.03438742,2.50608516,-1.53193116,-0.48757732,0.95781338,-0.34491152,-1.38844752,0.7371707,-1.60109425,0.79216987,-0.46430421,0.40376973,-0.41096127,-2.41543293,-0.69847596,-0.14740682,0.97458792,-0.9284811,0.53220761,-0.45144743,-0.52541655,0.24796629,-0.73352814,b'7'
1315,-9.05277061,9.48361588,-0.15139163,5.10132456,-0.52951282,-0.25006247,5.42352819,-1.29137421,5.45165443,-9.52684212,2.92220473,-0.39581943,-2.42617464,-0.67905694,-0.49013615,3.02641964,-2.23060465,2.9588418,1.06332862,-1.29807591,-5.6023941,-4.11982059,0.6441623,2.78582907,-1.43077564,0.5155918,0.64299428,1.53485823,3.26189089,0.39531636,0.88259125,0.84324145,0.01548692,-0.93366879,0.34376955,-0.36763641,0.56413388,-0.00591296,0.28400946,-1.72064757,-1.24019539,-1.3175956,-0.45287967,0.86452729,-0.16940022,-0.31504869,1.74761879,-0.24795055,-0.46443665,2.78922319,-1.38079357,2.58667755,-1.29802489,-1.09970284,0.0235585,0.98381698,-1.32828712,-0.88731813,-0.29479328,0.75673056,-1.07392395,-1.64129233,-0.83898646,3.26322651,b'7'
1316,-2.94471025,3.46610689,1.05046213,6.46235466,4.83451462,1.56304753,0.79910779,-8.36879635,6.17854691,-3.34809184,3.78091884,1.66166258,2.66712713,-2.42779684,-5.21935463,3.41878414,0.05868137,-3.57995391,6.54189491,0.04557109,-3.60944653,0.10621023,-5.70158911,3.98951101,-0.84299606,0.71002942,0.39625311,-0.13258576,-0.52500343,-5.37896156,1.38178968,1.77732801,2.09622812,0.6409446,1.08529496,-3.70131087,-0.66887105,-0.1866563,2.42096758,-0.41277954,-0.17372799,1.29213786,-0.03892069,1.88965011,0.59649682,-0.80231667,-0.48738879,-0.11277986,1.395432,2.05133057,-2.51841068,0.42909384,-0.80703568,-0.59469354,0.00839168,-1.23373318,0.2024219,-1.58790839,-0.55000108,1.20273244,-1.11256444,-0.51566964,0.49315739,-1.15157771,b'7'
1317,-9.05435658,2.67199135,3.93152237,-6.03331852,4.06570148,-1.02248549,2.98634815,-4.59748173,-1.94538307,-9.03221798,0.8088454,2.02958059,-3.67836332,4.14007711,-5.45580769,2.77745152,-2.55673242,-4.26551247,-1.08872771,2.41617393,-1.38060927,-0.08351552,2.57048464,-0.91013396,2.16163397,0.21684635,0.61905313,-3.36193085,0.78066874,-0.44600874,-1.31851089,1.02709508,1.64665318,0.9717496,0.11533481,-3.15852642,1.16398978,0.71899939,-0.08811212,1.09472191,-2.70740557,-0.62935168,-0.68058985,0.26720941,0.401016,-1.0485003,-0.27263349,0.78223729,1.31425619,-0.29218352,1.68575978,-0.83915877,-0.38441873,-0.6902988,-0.32516557,-0.67593455,1.65334189,-1.82535529,0.33957356,-0.31157714,0.01355238,-0.12375164,0.96963632,-0.99781716,b'7'
1318,-6.28017759,7.51385784,-6.68223381,-0.60767329,-1.58978486,-2.70603037,-1.61732388,-8.46994877,3.35215688,-7.43585634,3.27647352,-1.39863038,-2.04850054,-1.68435597,-0.97028637,3.10195303,0.16179097,3.50346923,1.09863102,0.7252667,-3.86129332,-3.477952,0.83021319,0.69312835,-2.26384926,1.14006245,-0.91141683,-0.6679312,3.45749617,-0.35221052,-2.53641319,-0.84910822,0.35646671,0.96034509,-2.10550165,0.13996497,-1.18390703,-1.49270391,0.78173757,-0.44804615,-1.38480794,-0.65752047,0.3875927,1.02704561,1.51904035,1.21063828,0.28938606,-0.3933804,-1.2211473,2.01078272,-2.10126448,2.06903291,1.08304906,0.96680498,0.04999822,0.15855473,1.20931971,0.12729201,-0.07329178,2.17545271,-0.72512943,-0.20645049,-0.46647426,1.45465839,b'7'
1319,-11.07690048,4.49087477,-6.10691071,-1.8014338,1.51566756,1.16555607,0.23910189,-3.93494916,-0.63136005,-9.88845062,2.65572095,-2.4272902,-3.48301554,-2.70335102,-2.61989069,1.7986418,0.67488837,1.21121883,2.76949263,1.31358361,-4.27002954,-1.20423651,-1.51565373,0.3493433,0.05275309,-0.75773221,-0.36748081,-1.06305099,3.08937359,1.06806719,-2.03097773,-0.50749564,0.14324488,-0.68457764,0.70526493,2.1323657,-0.96017289,0.34804994,0.59768271,2.1344955,0.69864988,0.29573366,0.11172764,-1.26028252,-0.58266151,0.51294947,0.04091495,-1.53642058,-1.10409451,0.16144812,-0.94416058,0.57174373,0.51969826,-1.63298202,0.32585877,-1.68093979,1.15461659,-1.00390196,-0.23602849,1.54669559,1.0571506,-0.70786268,-0.62719852,-0.86551255,b'7'
1320,-7.01612854,5.47612858,1.8962996,6.56162214,5.00963306,-0.0195092,3.90493345,-4.45614338,8.6143055,-5.5944376,1.49525213,2.77184296,1.98200107,-2.05524778,-1.66042709,5.17642021,1.18098402,2.2026453,2.30503678,-4.77142525,-3.52906609,1.00774384,-2.6545229,4.83376598,0.51350713,4.17906666,1.04678106,-0.27167332,-0.8636179,-1.63997006,-0.41137016,3.29846859,0.26224053,0.26078695,0.25522041,-2.2886579,0.30269122,1.31531858,1.83796144,-3.12328148,-0.34807605,1.38588738,-0.54232955,1.55956912,2.12075233,0.88717556,0.1064911,0.41598988,0.29343238,1.4802407,0.46915001,1.55258298,-0.72619176,-0.66077542,-0.88066036,2.09592032,0.2385962,-0.09736694,-0.87228191,1.68328297,-1.7081089,1.47549748,-1.14473152,2.35345888,b'7'
1321,-11.68872166,1.19371462,0.54816121,-7.05794764,4.54952669,2.99118042,3.37107801,-5.67638969,-1.68830299,-8.07360268,3.70252752,0.80302143,-6.30308723,1.13219154,-2.69723701,-1.09259534,2.00252676,-2.27104759,0.97785521,0.01741672,-3.41716528,0.49652055,0.44921246,0.33188367,-1.91843474,1.80619264,0.53700978,-3.88248515,-0.96796131,-0.21746898,-0.77508938,-0.34354258,1.98745906,0.34363222,-0.08930588,-2.62648654,1.64455676,0.02889735,-1.20845354,-0.09033248,0.10373569,1.09659731,-0.29087192,-0.69484097,1.43909764,1.33703005,0.95655441,-0.20796657,-0.28321493,-0.27898073,-0.77207804,0.05900717,-0.71010971,-0.02926207,-1.58865714,-1.27713072,0.15671158,-1.43667519,-0.46550217,-1.23760867,0.525585,0.31395841,1.53415549,-0.9768039,b'7'
1322,-9.72227001,7.00927067,-7.86639929,-0.57681835,-1.22867465,-0.49945974,-0.72314453,-6.85725498,2.64510846,-7.21028042,0.67199731,-1.99870181,-1.61601043,-1.03179359,-3.16041327,4.94103146,-2.13586855,3.44129109,-0.25143051,0.35692978,-2.69570422,-2.61688471,1.6543119,1.09804082,0.84539759,0.219908,-0.09054616,1.48469567,3.79828,-0.66137409,-1.49169147,0.07404494,-0.15754634,1.70920563,0.73289752,1.30650914,-1.82844782,-1.6542151,-0.92396009,-0.72767442,1.01472402,-0.67591375,-0.64078766,1.03737223,1.37234151,0.00763528,0.86649227,-0.39159369,-0.63704693,1.28125763,-1.82437468,2.32011628,0.78222501,-0.25747252,0.74618107,-0.14572883,2.44715738,0.22867221,-1.52853322,1.08592427,0.31489229,-0.42085698,-0.22165495,-0.77767944,b'7'
1323,-4.52936125,3.51093102,1.728122,-2.84010792,2.83062553,-1.31087685,-0.44596148,-1.98403311,-4.02311563,-10.0561161,-1.05152178,4.19366837,-4.56120014,2.76402688,-5.33385181,4.63779163,-0.66202295,-5.16070652,-0.83940029,1.79158592,1.54193187,-1.27760029,0.14868003,2.33050776,3.96026707,0.51947498,1.90781915,-0.97511297,0.00601053,-0.71130639,0.94573259,0.18151736,0.22727689,0.02430063,-2.77594805,-1.78512037,1.40941358,1.49375224,0.37786007,1.43304336,-0.52617365,1.1693871,2.05704713,0.06003022,0.55102742,-1.05276501,-1.0302099,1.86116898,1.16345,0.39167309,0.44274163,-0.78941774,-0.29305601,-0.35807621,-1.23969722,-0.37528384,0.61482978,0.77792662,0.90481764,0.43756652,-0.36482251,0.71362346,2.41226149,-1.06236553,b'7'
1324,-4.06966257,6.40013504,0.86985022,6.01512098,4.34384823,2.76324224,2.55347514,-7.63060474,6.27211332,-6.39664745,2.81323338,1.67797589,1.2851826,-4.44334841,-2.76617861,4.49002647,-2.03994966,-0.7765162,4.54897213,-3.76249361,-2.59435725,1.72399902,-3.68867469,4.50530291,-0.88141614,3.68008542,0.27866769,-1.13625526,0.22610712,-3.63455725,0.49881804,1.4740448,2.86045361,0.30483019,1.49383163,-4.16301489,0.51204991,-0.16222924,2.22327042,-2.1252203,-0.58344167,2.20936465,0.56770951,-0.06056048,-0.01779938,-0.0125159,0.40481353,-1.38729024,-0.87388515,1.07055318,-3.21571469,2.86178136,-1.58701921,-0.26668084,-0.26246303,-0.4683682,0.80779123,-2.35334349,-2.25421977,1.44066536,-1.23586702,-1.02677011,-1.44183898,0.24138099,b'7'
1325,-10.49394226,4.85949898,-3.856884,4.01024246,0.16907477,-2.87331271,-1.04932547,-2.55290079,0.58083057,-5.98577118,4.02678394,-0.67156529,-1.72076941,-1.81342149,-4.32465172,4.04989338,-0.21107817,1.93072391,2.15692759,5.61663723,-5.83225441,-2.18690658,0.95615399,1.88311052,0.23816305,1.10794389,0.5581094,-0.52769387,1.96981335,-1.23421991,1.7088604,-1.44378662,0.39273888,-0.4386788,0.30447954,-2.04448771,-0.87472677,0.2955761,0.05555105,-0.89187169,0.63833117,-2.29365468,0.96455151,1.38827503,1.88904595,0.7957229,-0.334925,-0.3874166,-2.45860362,1.35561788,-1.2902832,2.02118969,-1.45708323,-0.31446016,-0.08336753,0.79439223,-0.14261031,0.00100209,-1.54940367,0.59291744,-0.37251669,-0.33576944,1.90549242,-0.31187832,b'7'
1326,-3.44930553,1.37040901,-2.03415632,-8.47546482,0.7678206,1.40439737,-3.02445078,-6.10852432,-4.42824221,-4.70120478,9.11694336,4.29037476,-0.45714068,4.49992895,-0.91002989,-1.77138233,-0.78647864,-3.94229555,0.96512723,4.77530336,-3.86089468,-1.2945292,-1.32385147,-0.68590689,-4.04624987,0.3045409,-0.19394857,-1.53395796,0.4291625,0.43833184,0.44978249,-1.44073844,1.71973681,-2.77528834,-0.73640049,1.04161727,1.43777251,1.51549792,0.70398259,0.1134485,1.1421802,-1.13196003,1.00502527,-1.32121158,-0.14874566,-0.86037904,-1.12512159,-1.72855353,-0.37457955,-0.22310776,-1.05315757,-0.89873028,-1.31054664,-1.67146659,0.34201056,0.50743032,-1.00551796,-1.16658688,0.15065026,1.60320938,0.39825779,-0.45637569,1.89975512,0.4026041,b'7'
1327,-7.52850628,9.71948147,-4.30132055,3.87436843,-1.66494179,-0.84737158,2.69506979,-1.64961767,2.33709097,-10.15513802,-0.30138254,1.66356015,-2.69277716,2.2194345,-2.1552062,3.28841543,-2.12700748,3.22169471,-0.73400533,0.00406384,-2.77000523,-1.47623897,1.42271435,0.22520733,-0.16986528,0.67975986,0.42669857,-0.30544531,2.64460039,0.46422803,0.14671707,2.06512594,-1.085518,1.5280993,-0.79259133,-0.77664304,1.0982573,-0.88378936,0.01697707,-2.60395551,0.52475095,-2.07024288,-0.56519568,1.36236358,0.20805502,1.32121372,-0.03101586,-0.12880945,-0.50611109,2.1043067,-1.0518682,2.53179288,-1.86122441,-0.82135272,-0.54117614,1.6465373,-1.09114146,-0.33360451,-0.20637685,1.26345503,-2.00949955,-0.05466026,1.97242749,-0.19418284,b'7'
1328,-10.63871288,2.29977083,-3.13510942,-2.62407088,4.44430256,0.31971067,-0.77941847,1.26699519,-3.31777906,-6.3634429,5.09630871,4.66693497,-2.41567874,-1.61346972,-3.50038719,-3.01309252,-0.13762021,-1.92789435,2.97058058,2.92193747,-7.48042917,-0.25658494,1.01897991,2.36871147,-2.86781311,-0.68945402,-0.28909796,-0.92088461,-0.56347227,1.78646696,1.39638519,1.22476411,0.04154434,-2.4393065,-1.34286475,1.15660739,0.31301522,0.32499224,0.14160597,-1.57157028,0.67846727,0.90652245,2.20680428,-0.24523042,-0.59797883,-2.15360141,1.17779684,-1.88085437,0.27533093,0.47153568,0.42999637,-1.26344287,-0.54926944,-0.83908391,0.2992785,-0.70826548,-0.65811491,-0.71609968,0.305246,-1.11203659,0.7406404,-1.598984,1.26757276,-0.90340316,b'7'
1329,-12.93064308,6.23713684,-6.33175421,-5.8072257,-3.87833405,-1.27858043,-0.89033604,-1.2706635,-0.05468321,-6.33546019,-2.75324011,1.25038433,0.24214077,-1.44553828,-0.48207712,-0.04805446,-3.45943546,2.71915698,-0.06049395,-0.3395555,-1.6962291,2.13471127,2.15841794,0.07136989,0.32346344,-1.50053763,2.80425024,3.78668261,2.39578629,2.11050558,-0.3432647,-0.40329742,-0.69508481,-0.89550036,-0.26392865,1.69751096,-0.99724007,-0.22395271,-1.0044831,-0.79081917,1.53586006,0.50604999,2.03118443,-0.45296103,-0.99036992,-0.82509482,-0.70413578,-0.23741102,0.75128275,1.16361713,0.06539813,0.99312085,-1.73864388,-2.0946269,1.47036648,1.55341101,-1.70697117,-3.58047986,-0.37946063,0.85757506,0.22939171,-0.44196737,0.85044527,-0.73908818,b'7'
1330,-1.37864983,4.64149475,-4.3072648,4.42193079,7.06220245,3.24913955,3.60687876,0.15010297,3.28121996,1.66602349,6.78412485,7.83220291,-1.54047275,-1.00550604,1.64515853,-6.57980537,-0.45605481,2.49474168,-3.61217952,0.28180742,6.0871129,0.61719155,-2.36190033,4.76907396,2.55478382,-4.26806545,5.15308142,-1.6726954,-2.04159975,0.1908468,-2.24180937,-1.30313301,-1.2884413,1.95503187,4.91564751,2.6852212,0.18183303,1.02184188,-2.42190218,0.07063907,-0.71227294,0.27642703,-1.39368355,-1.87005603,1.46260619,-1.21655047,-0.06076367,1.12726915,1.01505876,-1.9273994,0.83127844,2.19361663,0.31148291,0.99633634,-1.42399096,0.8705982,0.39214301,1.17032337,0.18458223,-1.05088472,-0.42383969,0.39601326,-1.78811049,0.5272243,b'7'
1331,-9.27202702,1.05721378,-3.23191237,-5.67621851,4.03919792,-1.59999132,-1.25159836,-3.31983829,-0.17364597,-6.40939617,-1.36542797,-0.48777032,-5.60701323,0.52425277,-4.44487381,0.96150196,3.47824645,-2.17422771,3.14555955,2.65442324,-6.10306931,-3.89287472,-0.06735292,0.28868628,1.25461352,0.5534547,-0.56670618,-0.09107816,-0.21138191,-1.18760085,-0.52638853,-0.13838339,0.16987686,-0.79839295,-2.16750908,2.49624157,-0.86384189,-0.50041085,0.85355538,0.30240011,-0.1613453,-0.54854405,0.01824412,0.92934692,0.01242208,-1.78434539,1.16243327,0.16288805,-0.35630652,0.21965557,0.09678845,-1.8100667,0.62133956,-0.32771897,0.59101301,1.94096327,-1.85065126,-0.27350491,-1.11527574,-2.30403113,0.25511402,-0.0862276,1.01313233,0.44320884,b'7'
1332,-15.53009796,4.02728081,-4.24292231,-3.12029123,-2.10610819,0.17440295,1.13725066,-2.2962122,1.40736246,-7.36775684,-0.31534314,-0.18498731,-1.92814183,-1.8703841,-1.00418949,3.53076339,0.91856623,3.24775529,0.92815018,-0.52238047,-1.98931813,-2.28613138,4.20975733,0.93863559,0.96848905,0.20518795,1.38591659,1.39689398,3.64407444,0.80983603,-1.82050359,1.20840979,-0.92463058,-0.1680184,-0.0557183,2.51691818,-0.64574885,-3.09132743,1.71088052,0.35358655,0.54069471,0.11441872,0.19821706,-0.0505795,-0.64185226,-0.56085753,-0.01953389,-1.68820405,0.4761622,0.6319505,-1.03851712,1.45691514,0.31971431,-0.88692427,0.78733265,0.45303655,0.5906167,-1.88565063,-0.61264598,0.98161447,0.63832164,-0.36120349,-1.1296407,1.38210618,b'7'
1333,-13.05726624,2.35174894,-5.6528101,-1.02422965,1.31147873,-3.27590966,-0.82159948,-3.59538531,0.55173779,-5.37296247,2.42932653,-1.21056104,-1.72417092,-1.77260053,-4.07674503,2.58456087,0.4507277,2.63742876,3.07871914,1.83218861,-6.48432016,-2.63601375,1.41861212,-0.73750234,-0.34060562,-0.09638312,0.08637887,0.32890642,3.18502331,-1.09611177,0.08933437,-0.29886055,0.92456752,-0.64318782,-0.07107759,0.09336865,-1.46532166,0.40990752,-2.39862156,0.60365438,1.79133081,-3.34409785,-0.27701312,2.24021411,2.30334044,-1.18598115,0.04241633,-0.54863381,0.15530717,1.75144088,-2.3185389,0.41838637,-0.05684137,-0.5604763,1.76915288,1.0513525,0.50849891,-0.13442189,-1.12845695,1.16943824,0.29674375,-0.93133199,-0.11388201,-0.12562498,b'7'
1334,-10.38341331,1.75912142,3.59696841,-7.83628798,3.36148787,-2.21530843,1.97474658,-7.40110111,0.77616549,-8.68242741,0.25264478,0.2356329,-3.40095901,1.48990965,-3.26816177,2.3594861,0.84873414,-0.46958733,-0.12795402,2.6916194,-4.33395147,-2.575109,3.08284688,-1.06280804,2.1121192,-1.60659528,0.74583924,-1.67145002,1.58641958,1.36916959,-3.12576818,0.90169096,1.52669489,1.90871286,-0.30492115,0.54162538,-1.64646423,-0.62378794,2.16024351,-0.04854971,-2.29448318,-0.33131278,-0.57273757,-0.45740271,0.61388588,-1.13552022,1.16549742,-0.75097513,-0.74563724,-0.59882522,0.02214153,-0.78317094,1.55306923,0.09842122,2.16552615,-0.11845005,-0.16222906,0.20899999,-0.83031911,-1.31588542,2.23069024,-1.04136813,0.94965112,0.4345566,b'7'
1335,-8.50586891,5.34266281,-3.29877114,1.8646636,-3.80384636,-3.40758634,1.45536232,-4.07348728,3.81424141,-3.72737908,0.28135967,2.24144745,3.22950482,-2.7016542,-4.52260399,4.76547432,-1.82236111,5.32001781,-0.49343181,2.05760193,-0.89185977,0.94311404,-0.54434252,4.79899836,2.33473969,0.29089385,0.05923641,3.56147528,0.29601717,0.56516933,2.43735862,-1.50574577,-0.51266241,3.78556252,2.3088119,-3.6296742,1.09033132,-0.611265,3.56438494,-1.57052314,0.29259741,-0.95714813,2.42566252,2.56468177,5.11201811,-1.2052722,0.78452545,1.17065513,-0.01788974,0.38328946,0.92947769,0.93888992,-1.00037503,-0.35008681,-1.04583478,0.35809004,-0.89306998,-0.68981987,-0.64780784,0.14928365,-1.74208105,-1.07325077,2.17782021,0.19946107,b'7'
1336,-9.47723675,-1.19645548,-4.9811039,1.0874126,1.79076827,-2.53595138,0.46188021,-6.4729681,5.41740227,-0.91283607,0.84632885,0.63554287,0.60625082,-5.34621477,-5.99146938,5.32179451,2.33036494,3.33463883,4.11989975,5.64540577,-1.61649632,-1.60250378,-3.48035264,0.31581259,0.03382558,2.13472438,1.94267404,-0.15228927,1.89081788,-5.95030499,0.17429805,-2.05616903,-0.79831696,2.11553597,2.45472145,-1.8198148,-0.39214611,-0.43633908,-0.13348389,0.95859027,1.02312231,0.17604551,-0.16830568,1.64552116,0.54873466,-1.70941639,-0.62697947,0.43760395,0.99187082,1.96958554,-1.20834863,0.33671564,0.37496948,-0.11882734,-0.32844263,-2.77174568,-1.07067394,0.58359164,0.51793581,-1.44431782,-0.37575307,1.93866444,-0.31333905,-0.65307969,b'7'
1337,-13.9160347,-0.48455691,3.46823263,-5.08437395,4.61343002,1.26144993,5.38150692,-1.18386269,1.21227288,-5.91142368,6.85236502,-4.06101322,-4.21237135,-1.14990091,-0.91555023,0.5669477,3.99706244,-2.20620918,2.21819663,0.75970244,-1.75906587,-0.6711877,-0.6932075,3.71894741,-0.85119045,-0.60336101,3.64319658,-1.08230555,-1.62072039,1.06679082,-0.5385071,0.32600951,0.35580617,-1.26278901,1.70549774,-0.58377242,0.8876543,0.71394855,-0.06182158,-1.3016398,-1.53269017,0.98122245,-1.59796941,0.07704727,0.77035248,-0.29911262,0.69616932,-0.83380389,-1.80628705,-0.21512076,-0.30045074,0.38876885,-1.24895883,0.29818702,0.23427463,0.21044368,1.01618505,-1.81988668,0.59760672,-0.81013691,0.40844095,-0.7124269,1.01642442,0.47152719,b'7'
1338,-10.50019932,5.6813364,-1.08988261,-10.05076981,-5.38555145,0.78877664,0.21623349,-8.67873287,-0.535779,-8.17834473,1.99586236,2.13666821,-1.51666141,-0.59375525,0.34716654,-0.90961027,-0.92723036,2.9464612,-0.64425898,-1.07100713,3.4206295,3.6776526,1.27873385,1.11362505,1.80108511,-0.79950792,3.26180077,0.86290836,1.32808709,4.26085758,-0.39986598,-1.19373393,0.35962552,1.25250816,1.76111221,-1.56390178,0.17325091,-0.1528365,0.51296663,-0.4085274,-1.97543335,2.24511242,0.36279285,-0.18594657,0.24442327,0.55063552,1.53245819,-0.629462,0.1235958,-0.54357105,0.26542404,0.32386148,-0.5775466,-1.00377607,-1.49882174,0.16925514,0.00813699,-1.88265121,-0.58684391,-0.57908303,0.49142867,-0.85279137,-0.28113955,0.22704458,b'7'
1339,-7.98984385,2.13549137,3.8166256,-2.32518148,1.88426745,-1.98525691,1.58212686,-0.52076983,-2.30098343,-9.98332405,-2.21461916,2.98128486,-4.54133749,3.87713575,-5.43987846,4.06019497,0.55728245,-4.63520622,-2.54315734,1.56131315,1.31197262,-0.28243357,1.58225775,0.18234801,2.4566741,0.39421839,3.22201729,-1.16641021,-0.0433569,0.29725063,-2.83628559,2.01247454,1.63129473,-1.05587125,0.00648636,-2.5570662,0.99712896,-0.20387441,0.59021628,0.15628427,-1.41797554,-0.61936516,-1.12274444,-0.78283113,0.39674544,1.15186584,-0.61651295,1.14623237,1.27703524,-0.04618728,0.69561869,-0.59657907,0.65667677,0.60029072,-1.86980009,-0.4217774,1.02197957,-0.04897417,1.94092417,-1.89738894,-0.05948563,0.20496005,0.84523594,-1.12749219,b'7'
1340,-11.93933487,5.19261646,-5.82782221,0.08210284,3.79827261,-0.64623964,0.23087621,-2.73213935,3.07971048,-6.18781519,0.62925935,0.34725451,-2.5805397,-2.65380692,-4.66653538,8.10843372,-0.2502557,0.2593652,-1.16460943,0.24999142,-3.01343441,-3.17715788,0.51224172,0.64571762,1.07032192,0.29938516,0.89235795,1.01123428,1.28971028,-2.96757841,1.12414551,0.3068192,0.93839514,2.79084063,0.41495883,-1.22957015,0.35004473,-3.33481479,-0.6775049,-0.51918119,0.51168072,-2.3000865,-0.71276903,3.33216619,2.40480471,1.21306968,-0.04596283,0.46227384,-0.06998143,1.08550644,-1.56944466,1.12346649,-1.69187665,-0.64192152,-0.24781495,0.88489866,2.5497818,-1.47757387,-0.65923029,-0.03928196,0.72293586,-0.80024302,1.35564482,0.4688991,b'7'
1341,-14.31921959,0.94604731,-3.86742878,-1.83016872,0.28025889,-3.05108714,1.49167204,0.64046252,-1.07749653,-5.02973509,1.79775977,-1.45738959,-1.6359396,-4.72248602,-4.89862633,-0.35516524,2.57045102,4.46104431,2.41500735,-0.21718359,-7.15848351,-0.95984977,1.58422732,0.51488829,-1.92740047,0.53126007,-0.67681658,0.59066999,2.69139576,0.93403256,-0.24674952,-1.23595595,-1.60653234,-1.46781516,0.553128,-0.48704544,-0.10147977,2.06984663,-2.36680317,1.7873311,0.10390091,-0.55564451,-0.97661531,0.19548242,0.85901779,-1.27308488,0.82843924,1.14735258,0.29659152,0.57037079,0.12149207,0.39425385,-0.62316227,0.8218261,-0.56481284,0.71424627,0.18029523,0.07394203,0.04694682,1.07964671,0.56767923,0.24316341,-1.90273929,1.19712031,b'7'
1342,-6.97361898,8.50971699,-5.64145756,2.42281079,0.48843205,-4.55860519,-2.74117947,-6.08146572,1.38897347,-6.54350615,-0.46149468,-0.80637288,-1.5411613,-1.74506271,-3.65016985,5.29371452,-1.36756229,0.64358211,1.1608237,0.04935074,-5.42092085,-2.09183526,0.68744147,1.54674625,-0.86302018,-1.39912558,-1.78021908,0.96447146,1.26315689,-1.5000416,-0.31052649,-0.04084587,0.1563751,1.44642389,0.71289545,-1.71433413,-0.87547946,-1.42449045,1.42671347,0.37091106,-0.53472936,-1.22191966,-1.35446882,2.04393268,0.53093898,1.49580359,-0.11060719,0.12370229,-1.61278796,0.25065947,-1.30230045,0.94440919,1.14459538,-0.17723703,0.47772592,0.36647606,2.03171396,0.20788231,-1.26236224,1.2003814,0.23943274,0.83968371,1.11512899,0.13441184,b'7'
1343,-12.848979,3.46143866,-0.63988382,-7.01549101,0.33408117,1.60456753,1.17162466,-6.45852089,-1.07619953,-9.96506596,3.32340717,0.4054873,-5.47005701,-0.32606313,-1.28946733,2.16383719,1.64541507,1.0502615,-1.28931928,-1.53368998,-1.41230536,-1.47346449,2.44749236,0.53604603,-1.15916491,1.77184176,1.78263795,0.56467342,2.62810993,1.68542492,-1.53043854,0.05027938,0.79405487,-0.52726895,-0.59025311,0.65511644,-1.40474033,-0.73125452,-0.23431528,-0.47483811,-1.23770332,-0.70143676,-0.62911588,-0.51446766,0.58548355,0.21289569,1.77923214,-2.10985732,0.38554555,1.6109935,-0.64516896,0.53046298,0.03750682,-2.16859245,-0.74052948,-0.96871471,0.29098678,-2.11164427,-0.16378114,-0.69657159,1.90062189,-1.46259952,0.11276454,0.22297603,b'7'
1344,-10.36181545,8.76865768,-4.42751551,-4.99158335,-5.57797432,-1.42934179,-1.56149721,-4.78600693,0.80075264,-8.15110779,0.17186666,0.21179914,-1.4168582,-1.24121606,-0.03953314,1.75283742,-1.66955161,4.49558735,-1.31907845,-1.95611525,-0.1442392,2.74862003,2.1052525,0.66006899,-0.39719453,-1.09376967,1.72906315,4.14171743,3.25507545,1.11709869,0.25759816,-0.42028403,-0.1702141,-0.42829591,-0.23043561,0.51463467,-1.35788548,-0.36717397,-0.77970207,0.51299989,-0.02642477,-0.13400872,1.22371674,0.35511297,0.39008224,1.21299255,-0.08365427,-2.28513932,0.29390073,1.74173915,0.12857836,0.90867126,-0.46887851,0.18892872,0.26783663,0.85725296,1.47026479,-1.47666812,1.09873247,1.90479243,0.89018101,0.42702734,-0.0674746,-0.43957731,b'7'
1345,-4.59678698,3.5505929,-5.30767393,-3.82589555,2.58438015,6.01267147,10.21846485,-1.84744835,-2.95143461,-9.07002735,0.78033447,5.96607447,-2.07431102,3.78551698,0.8482945,-2.99246168,-1.0630734,1.13122869,-1.68785727,-0.62617528,3.16128159,0.4519347,-2.583215,1.21724129,5.91882038,-1.27030671,5.01006699,-4.2568512,-1.35172939,1.3369211,-0.85529459,-0.76785624,0.99190998,0.30669224,0.72875714,-1.56743777,0.94065094,1.31745923,0.14755487,0.12296939,-0.33155358,0.70060635,-1.82818329,-0.81274283,-1.95865524,0.4551838,0.91658044,0.20150566,0.00726926,-0.50532985,1.26926947,0.8817085,1.31870663,-1.30466938,0.66357034,-0.65757084,-0.92433214,-0.17160757,1.32741141,-1.49331486,-1.40878105,-0.23521759,1.880952,-0.21272203,b'7'
1346,-8.86073589,8.41310787,-4.31947517,-0.02316797,-1.51991129,-2.39552808,-1.79826975,-4.94402027,2.25511599,-8.45693302,0.26124644,0.88019824,-3.59372663,-0.36400068,-3.06093788,4.30763531,0.0405941,3.02326226,-1.09704709,-0.10629463,-3.7789197,-2.35069442,3.00287223,1.54647446,0.68111634,0.30717486,0.24333423,1.68278813,2.27757025,0.28555155,-1.37467945,0.59821367,-0.21488975,0.86147088,-1.69545364,0.41056231,-1.60604501,-1.08197618,0.32713604,-1.65422261,-1.14745915,-0.87164026,-0.51875937,1.18971932,1.85702777,0.32369173,-0.1923105,-1.12402701,-1.2649231,1.22256458,-0.35896599,1.87369716,-0.45010233,0.63316625,0.57602888,1.38755369,1.72315347,-1.72671914,-0.85422778,1.56105578,-1.47150147,0.52750117,0.31106091,-0.00788973,b'7'
1347,-11.13042355,5.38946915,-4.928298,-2.08565307,-0.77675009,-1.65813828,-0.97930717,-6.19140053,-0.17316723,-8.59877396,-0.63736081,-1.91725659,-2.31438971,-0.65049541,-1.68715239,5.20874119,1.03668094,2.55216622,0.35666502,0.58213305,-2.99972057,-1.61950707,2.78176975,0.39514709,0.8001343,-1.05960512,-0.08772966,0.45139015,3.31563997,0.33586192,-0.76532042,0.78969121,1.00442398,1.14592183,0.90193856,0.18888918,-0.49646711,-1.82892799,-0.23502719,-0.82018232,0.21295822,-0.8811838,-0.96145809,1.81016111,0.18184972,0.55912375,1.08532417,-1.90339494,-2.36975193,1.72976649,-1.14300644,2.2834115,0.95133281,-0.49952686,-0.52394158,2.04633784,1.89481711,-1.37502325,-1.19212782,0.72369874,1.25606203,-0.26937321,-1.61874986,-0.46768513,b'7'
1348,-14.60277271,0.22113919,5.02918625,-8.11015797,2.18359709,4.06624174,6.67599583,-7.09068871,0.99064922,-6.95029879,3.05801487,0.03411341,-4.5461278,1.5417918,-0.53256178,1.96293223,0.7628665,-0.63729608,-1.47049177,-1.29491341,-2.10863924,-1.59164762,2.65958786,2.19107437,0.21160376,1.31620002,2.00354242,-2.47837901,2.5000391,-0.06352037,-3.10164022,0.40912294,-0.10851154,-0.82197875,0.08783972,0.18128201,0.01338673,-0.83658415,0.33170426,0.05256355,-1.48246932,1.40810776,-1.23016083,-0.20733704,-0.34546232,1.57906103,0.48638391,-0.35878468,0.84406179,0.67076194,-1.9614749,0.15426141,-0.50391555,1.10802937,0.11689025,-0.9378069,0.61824107,-0.63762331,-0.3800894,-0.73248041,1.71314871,1.66646671,0.3485924,1.01726866,b'7'
1349,-7.95992231,3.82556581,-5.23167276,-0.59449041,2.34557486,-2.41159678,0.60602593,-6.75671577,8.66584492,-5.81199694,0.11573625,1.32381129,-1.62905145,-3.97649646,-4.27469444,4.83485889,0.48294806,3.18762851,2.5953331,-0.51260471,-2.40834379,-0.91076916,-0.19511631,2.63095045,0.23359513,3.49319005,0.22272915,3.23826456,2.40545774,-6.95316887,1.30253267,0.32565331,0.28930968,3.70685291,-0.67024386,-2.34452295,0.5450449,-0.05431575,0.29944158,-0.09268263,1.55277061,-0.24214779,-0.37483236,2.79657936,0.22179228,-1.30864596,-0.51929581,-1.4131577,0.98827904,0.77868509,-1.53739083,0.63580346,0.94915724,-0.33952487,-1.17513967,1.06719387,0.6631391,0.6638062,-2.34318185,-0.33536619,-0.72788775,0.42302251,-0.71584344,0.69873297,b'7'
1350,-12.90509987,-1.58869636,3.35609412,-6.29445505,5.61787987,1.61057973,7.98898458,-8.27414131,1.16604471,-5.95970011,5.5725913,-0.15808892,-3.51522827,-0.17489344,-0.46284819,0.83118284,2.67127395,2.30636096,1.58710873,1.59812164,-3.15227461,-0.5013935,-0.59042239,1.67772055,1.50731075,0.32773203,3.58720636,-3.77396369,0.67881918,-0.06107676,-2.21480703,0.2753253,0.36833262,1.6876843,0.6410386,-2.04570699,0.48836875,0.50415146,-0.19566572,-2.13788033,-0.90783137,0.5150072,0.48243552,2.05207586,1.43484855,-0.65323448,1.41639364,1.42348385,0.08677495,0.58548307,0.88434088,1.3825928,-0.50635386,0.56002432,-0.73471063,-0.3856554,-0.39562058,-0.4860521,1.10176826,-0.71070302,-1.66891754,-0.89126778,-0.47231969,0.79291821,b'7'
1351,-5.23845005,2.08982801,1.74577665,0.06587481,3.29524183,-1.39092565,1.91764784,2.88491821,-3.51233244,-8.67087936,0.83979058,2.68630838,-4.75775242,5.19999552,-4.80899048,1.61509395,-0.88345325,-4.63183784,-3.43699002,3.14728069,1.34313023,-0.02601695,1.16711223,0.77099466,1.81317675,-2.80475497,6.04982424,-1.22537708,0.07454109,1.47272575,-2.83758497,0.37311244,2.13283157,-0.78131288,0.17500842,-3.4405086,1.54642081,0.75077343,0.02568829,0.60197401,-1.01917219,1.74146616,-0.45698088,-1.39948559,-1.38492239,1.44430423,-0.36713719,0.82111335,0.60151988,-0.71032441,1.53853536,-1.00832176,0.84369528,0.2492708,-0.11406499,-1.45592606,0.79289627,0.37663007,1.1936121,-1.2955333,1.47476959,-0.4532733,0.67090726,-0.85505712,b'7'
1352,-8.4705677,0.1766839,2.50780869,-1.62507784,7.4410553,-0.51732922,-4.68950844,-4.59543896,-2.56102371,-5.90531588,5.25307846,2.36276007,-2.52102137,2.9565258,-2.08707714,-0.03296971,-2.26142955,-6.22049236,-3.14045548,4.26570225,-3.50017548,0.05479723,1.91340041,-1.13546896,-3.32798862,-2.61391258,0.15123373,-0.29541647,-0.27721596,0.67130494,-0.40392029,0.10355878,1.47636235,0.12075114,-0.89326429,-1.7409507,1.66955352,0.49736297,0.81185722,-1.3762393,0.03870201,0.60424978,1.82249808,0.26040971,-0.03259766,-0.07926662,0.66619867,-1.5761807,1.01228786,-1.78025317,-0.12292553,-0.96294034,-0.52038908,-1.2964766,-1.71410275,0.92737496,0.80259025,-1.86692131,-0.17733642,0.16903245,1.27666116,0.97141546,0.56123388,-0.57099581,b'7'
1353,-16.00037766,1.99966669,-2.73297167,1.79028201,2.4752512,-2.36055279,-0.10734129,-0.37042296,-1.27587891,-5.34904528,7.42313623,-1.79825282,-1.48094749,-2.7229023,-1.99473238,3.40174961,0.62570357,1.1789012,1.60797608,2.45892477,-4.19761515,-1.40258694,1.07257509,1.2394104,-3.22333384,-0.71097547,1.21547258,1.19175529,1.91282678,0.29793632,0.02217245,-1.32528615,0.22194551,-2.67506909,0.92048693,2.10803914,-1.36484611,0.96277934,-1.43970573,0.70968866,0.8100934,0.10922938,0.68993592,0.38481468,-0.54012966,0.19336319,0.28421855,-0.21465468,0.73861545,0.58105147,-0.19333018,0.95158947,-0.89822245,0.49401647,2.16640401,-0.95038003,1.50680137,-0.42552733,0.19557607,1.19381893,0.6351915,-0.41306266,1.2079767,-0.04329642,b'7'
1354,-11.39127827,-0.16610527,-3.05908203,-2.60130811,4.64656067,-1.96515989,0.21273303,-3.90007186,-1.18076563,-7.49219751,3.7445395,0.25622416,-2.29559159,-2.12174726,-1.74483013,-1.16809726,3.2884438,0.24762237,1.64278913,3.2706809,-6.46900702,-1.98278332,-0.66438317,0.87645221,-2.12694311,-0.64127588,-0.10176533,-0.31125814,0.37586617,1.30138862,-0.03925669,0.60438585,-0.88756555,-3.03602552,-1.83685398,2.63732719,-0.45217228,2.26125431,-0.96901333,0.06682104,-0.66654998,-1.97867882,0.07437512,0.61017889,0.08583975,-1.63763332,0.16644624,-0.58781433,-2.53685164,1.09793007,0.40730032,-1.86619806,-1.41477442,-0.42357635,1.68947911,1.43438697,-2.47288227,-1.09809673,-0.85959399,-1.0122788,0.43077505,-0.16819802,-0.04339737,0.85898596,b'7'
1355,-15.00935268,1.65497255,5.05257702,-8.49829197,1.08265173,2.36975217,7.02719498,-2.16545367,3.37973166,-9.11553669,3.41381264,2.21371174,-2.35655713,0.31136563,0.54643297,0.58311796,3.70217443,0.44272614,-0.98231465,-1.22420955,-1.35707963,-2.558182,2.68275356,1.81477928,1.07489514,0.85320675,4.18705606,-2.30407023,1.14412332,2.25769854,-1.69341719,0.84190583,-1.11531889,1.38186932,0.13753891,-1.96834314,0.78688288,0.22351164,0.67867017,-1.27458644,-0.71694076,2.2950933,-2.76626444,0.73503053,-0.7561723,0.01859616,1.5153625,1.0431608,1.28312659,0.83938456,0.20296085,0.12376291,0.40828633,0.13513422,-1.42145896,1.34084535,0.70312619,-1.9699055,0.51787585,-2.23241949,-0.68669957,-0.08340445,-0.4033356,0.7780236,b'7'
1356,-11.92746544,0.96059799,-1.81951141,-8.53116035,-0.22612798,0.06289613,2.4754436,-3.50536418,-0.10423183,-5.26468754,-6.21309948,-1.4024322,-2.18598938,-0.84579235,-3.61278963,-1.64751506,-1.8338604,-1.87572598,0.10786372,-1.79921412,-3.05382514,-0.52714604,4.15059471,1.30644894,1.1518997,-2.03157568,-0.02899334,2.11991072,0.98104334,0.69822359,-0.46253574,3.09555244,-1.70903885,1.89872909,0.0927338,-0.44036344,-1.01636004,-1.96632266,0.20135021,-1.51224053,0.32736444,0.63056761,0.77947694,1.120731,0.37767732,0.78692091,-0.50279123,-0.61918139,-0.10368049,-0.2024368,-0.68440276,0.47679234,-0.71122646,-0.29970193,0.28822178,0.1088621,0.31724501,-1.2475307,-1.33332634,0.55552304,-0.03195421,-2.37894988,2.21367645,1.01671445,b'7'
1357,-9.46141434,7.29907036,-6.36083317,0.97177136,-0.9248156,-2.29874134,-1.41507959,-4.98571873,3.70930481,-6.73132277,0.07749581,-0.47693467,-2.89075279,-0.66703904,-3.89955521,3.13428593,0.14689505,3.18235946,-0.16833068,-0.21252894,-4.81778336,-3.0645237,2.52591705,2.37650871,-0.22171929,1.4922694,-0.60494977,1.60712051,1.915236,-2.6597662,-0.82652342,-0.14319825,-0.34654671,0.84251308,0.09274989,-0.28427783,-1.29179978,-1.46878266,0.52012074,-0.23112223,0.73540699,-2.19131446,1.07780886,0.89185339,1.73733222,0.9277283,-0.7651577,-1.02687097,-1.00710964,0.89194882,-2.01313114,1.93128741,-0.80445457,0.25567555,-1.04375887,1.25511193,1.07040584,-0.69167531,-0.45150766,0.86721241,-0.83224696,0.5208143,0.52869117,-0.30727088,b'7'
1358,-11.50808716,1.31079721,3.01661015,-8.25570393,5.58324242,3.46476841,6.7660923,-8.92456436,-0.68876839,-7.52404022,4.46514702,1.47481322,-4.18160582,1.14692116,0.03606701,1.52447343,-0.7851305,0.27791107,1.71983838,1.17001796,-4.66447449,0.66557616,-1.07624543,1.39348269,0.23880219,2.20139956,1.198102,-3.35687017,2.29032326,0.79103422,0.08446217,-0.53317642,2.16145468,2.00234962,-0.79843712,-2.57391071,1.12768269,-1.13866949,0.16830599,-1.20802045,-0.04724598,1.94567251,-0.93858624,0.14669971,1.61389661,0.78996766,1.63918638,0.64791977,-1.04066312,0.25220001,-0.3288033,1.24526429,0.12225437,0.17247427,-0.71743375,-1.07389128,0.66436267,-1.92458951,-1.54314327,-0.14348197,-0.42869365,-0.41721371,0.46201718,-0.93621361,b'7'
1359,-10.41286373,4.20550537,-5.32534933,-1.66040885,1.32144892,-2.90382791,-0.98117018,1.3020134,-0.0659523,-4.97648478,3.50556755,0.75383973,-1.38977194,-0.43131396,-5.13076305,4.32911205,1.26425576,1.32599998,3.78426576,0.25255609,-8.19930553,-5.39385223,1.58274221,-0.63265848,1.6593467,-1.50083292,-2.62287903,2.27105403,2.14056349,-0.52395225,0.57015121,2.53007269,1.77996027,-0.06259817,-0.15951788,1.36506569,-1.25611985,1.68904138,-1.56635582,-0.39651692,-0.05928183,-0.88288075,0.08342715,1.75436258,0.1373297,0.34736517,0.13043803,-0.60316014,2.14246058,1.82423198,-0.39011425,-1.06587744,0.51961303,-0.30480099,-0.23445135,-0.29464272,2.03298998,-0.91414464,-1.19729781,0.20578337,-0.18472846,0.16585827,1.02794755,0.00743177,b'7'
1360,-11.61424541,0.44175196,-1.23318315,-0.77262962,5.26072645,-3.22387195,-0.0482347,-4.20591354,-0.88256216,-6.31705713,5.64484072,-0.34569287,-0.59753478,-2.14571333,-2.66463852,0.59245038,0.73503828,-1.70785475,2.88991857,5.28529263,-4.07049322,-3.26027727,3.66122413,-0.25889659,0.00033182,-2.28341985,0.87133825,0.50697088,0.53526664,2.99398661,2.97353268,0.64009404,-0.19554943,-0.94318742,-1.7785902,1.42682946,-2.40672469,1.28077292,-0.5949651,-1.59598315,-0.49368441,-0.2027332,-0.21659701,1.81157351,1.05251777,-1.45767212,0.91598237,0.04284024,-1.37775064,0.72378623,-0.77972233,1.46575332,-1.39728141,-0.62648225,0.78043211,0.95164239,-0.98283744,-2.78720689,-1.85155487,0.05317962,-1.81230092,-1.19308424,-0.13668329,0.72470844,b'7'
1361,-11.6547575,1.44343424,-2.8369658,-1.68166983,0.1722486,-0.9434278,6.70484447,0.51129109,8.15681458,-4.83427572,-1.44579601,-1.28420186,2.78677487,-4.40609741,-2.32723236,6.40500402,2.03014207,3.91262937,-1.2135129,-1.05295718,-0.04400526,-4.6070013,3.67455196,3.14206934,0.18743372,-1.09887922,3.40650177,4.83710623,2.54844165,-0.67830282,1.85206389,-0.3091259,-3.68388534,2.39838219,1.56780565,-1.43719125,2.50408912,-2.80363798,0.39184844,1.38395011,1.27882671,-1.33339703,-1.64630878,2.88610673,0.08900964,-0.43008906,0.89987075,-0.18165922,-0.16467731,1.77655923,-0.925282,1.51079345,0.38860917,-2.23318648,-1.81811452,0.94801998,0.9000299,0.6552316,-0.66050214,-0.20581949,0.03868623,0.47565103,-0.82895809,0.80389392,b'7'
1362,-9.01970387,3.78405476,-5.13347006,-6.62128925,-4.74932623,-2.96855855,-2.30656385,-5.31584835,1.64550138,-4.53658247,-3.66241741,0.41047859,1.74114513,-3.7830267,-2.59163332,0.42611039,-3.24792171,1.49060178,-1.51986527,3.24713707,2.01048875,2.2967062,2.09275794,0.07293057,0.80489099,-3.13091683,2.52616167,2.97807527,2.59815073,1.53062093,3.1355567,0.01083875,-1.3865943,0.32784361,-0.21987367,-0.92223823,-2.56458378,-1.12472868,-0.42435563,-1.10004759,0.74614918,-0.86517137,1.94174194,3.53523493,1.47527218,0.95090163,0.87582093,-0.36562848,-1.02208734,2.71564388,-1.60950673,0.30632663,-1.76260781,-1.51145148,1.01231742,0.03941917,-0.29509401,-2.88899875,0.08698094,1.52186382,1.75242293,-1.38712323,-1.38307357,0.53695601,b'7'
1363,-13.20766354,-0.20146084,-2.41110039,1.14739108,2.57674646,-4.96510792,1.77188957,-1.89642143,1.77734447,-1.17625427,7.56509542,-1.17224956,-0.98861623,-4.23884821,-4.21466255,0.8642199,0.21460557,3.85338044,2.27417326,4.81033516,-1.42806458,-2.15387678,1.84338665,0.80080152,-1.23415375,-0.81167835,2.72582006,1.4130826,1.84498334,0.10123754,2.95357203,-2.65450144,-2.29915309,-0.76530892,-0.26425374,2.41694427,-2.37352061,0.30795914,-0.42464221,-0.9964776,0.78421569,-0.66493934,1.13175678,1.93841934,2.98424339,-1.03993177,-0.15540804,-0.30644536,-1.69126844,2.74141836,-2.45697093,2.56494021,-2.58847976,-0.84493041,1.43962884,-0.40567726,-0.25131345,-0.65336573,-0.55517584,1.23887169,-0.51626468,-1.35967517,-0.80455047,0.6900748,b'7'
1364,-11.34614658,0.63423181,1.48738289,-11.5698595,-1.35835671,4.01676369,4.13119602,-9.94198704,1.94547844,-5.75308704,1.58569062,3.83373976,-2.97733545,-0.20526308,-1.484375,-0.83887172,0.59983873,1.88364959,3.36512136,0.47252584,-1.65425801,-0.4524464,0.28746882,0.28600931,2.35182285,-1.07866836,1.08539617,-2.5898962,1.16418767,0.29382205,-1.09286726,1.09191084,1.94336438,3.96605992,0.63394767,0.10159639,-1.29789221,-3.34831977,3.39734411,0.3187449,-0.24090362,1.15472686,0.57026726,0.37055218,-0.95473826,1.0092485,0.84862524,-2.9395206,0.46496654,-0.96189177,-0.95264673,0.82454187,1.3246913,-0.33297408,0.78308403,-0.94603211,1.13715994,0.42677462,-0.7941525,-0.7369802,-0.0425877,0.65546232,-0.41979328,-0.05956844,b'7'
1365,-15.02184486,0.25493383,0.91403204,-3.94006205,3.61957598,1.32940125,5.04291058,-0.20781851,0.01544619,-8.11841965,6.00915575,-4.43262863,-2.91799307,-0.60794634,-1.21194887,2.27005029,3.98397517,-0.30354029,1.50086689,-0.75456369,-2.1816268,-1.6192503,1.04910696,1.68106699,-0.54683971,-1.22008526,3.53980827,-0.45760053,2.3259325,0.80324841,-1.64175475,1.07214665,0.38444364,-1.75909686,1.25302863,0.71346724,-0.69985843,0.86328655,0.80522203,-0.33048356,-0.96844423,1.26223516,-2.47285604,0.2380013,0.31357431,-0.33415997,0.25608331,-0.8328681,-1.73081326,-0.04720861,-0.85843682,0.44705933,-0.11401463,-0.84331536,0.56787181,0.71093893,-0.25967956,-2.41992593,1.31582665,1.13682258,-0.04995011,-0.52547294,-0.43131521,2.04865646,b'7'
1366,-8.85844231,7.5891304,-5.42801332,1.63977075,0.51669109,-1.60325193,1.1029737,-5.92634296,6.59556866,-5.93408775,-2.53189945,1.84611702,1.82898724,-2.68267012,-3.65709066,5.53616095,-3.97866225,1.9839437,-0.88147157,-1.29852879,-0.94456792,0.99990213,-1.82942927,3.54546213,1.02934515,0.3158215,0.84687757,4.60328865,0.85426116,-2.98942137,1.57480145,0.22811079,-0.31874049,4.46086168,1.02737856,-1.87780583,0.94533801,-3.09023023,0.61632752,-0.34593436,0.49006104,1.24225283,0.06965266,2.3644259,1.33600545,-0.08345026,-1.43073905,-0.86674857,2.09370303,1.24417651,-0.27363622,1.98198175,-0.10452867,-0.57075429,-0.17374986,-0.94518971,2.10944915,-0.35584849,-0.99983358,-0.95391005,0.86714762,0.05288738,1.5163523,-0.1843859,b'7'
1367,-13.4165411,1.48667192,2.21752429,-10.12033176,-1.83722901,-0.13588107,5.45411062,-4.61196995,2.31204915,-6.09073973,0.46194768,-0.48868918,1.3857137,-2.75808358,1.62574649,-2.9718585,2.78541589,3.23616624,-1.04406214,-3.76144528,-0.36712956,1.72771323,1.82751119,2.84869862,1.04352331,-3.03861642,3.30649519,2.43644691,-0.02627325,0.13748509,0.84306347,0.61676502,-2.38657713,1.77562845,0.1451149,-1.30943072,0.56403375,-0.90661496,0.56592453,-2.16404414,2.70185256,3.09550571,1.21565068,0.6996581,1.07720971,2.50956964,-0.27637833,-1.23271251,0.40001094,0.56873012,0.23645054,0.98003066,-1.57817769,-0.14586771,0.50180054,-1.89462614,-0.32088518,-2.11035013,0.46189445,-1.22363019,-0.79057539,-1.58152866,-0.26477492,-0.33066455,b'7'
1368,-12.22883034,0.37409902,-2.43250179,1.33159256,2.78641129,-4.05546665,1.42300439,-0.27453053,1.08616328,-2.6764462,5.67589092,-3.21398997,-0.58576584,-4.66171312,-5.54731941,3.52498364,0.80925798,0.87816048,1.94114351,5.80707073,-3.71287274,-3.76419449,-0.13159922,0.87695551,1.78349078,-0.21541232,1.52212775,0.13943839,1.36378789,-1.05930781,2.45971036,-2.01212645,-0.86987907,0.58783501,-0.05980647,0.14395812,-1.78108907,0.24720293,-0.823017,0.68490076,2.57149506,-2.37655449,0.8616339,3.35637784,3.90487623,-0.99662608,0.48767698,1.53938746,0.16233179,1.85966241,-2.21558642,2.30036497,-2.10060143,-0.10398841,2.01689887,0.30245924,0.91773224,-0.37305188,-0.16076088,-0.5231576,-0.24331042,-1.24269032,0.09593612,-1.07556283,b'7'
1369,-11.59055328,3.99181604,1.25633442,-5.34136057,-4.52187634,1.3692838,3.83312368,-7.67357826,3.32912803,-9.1922245,-0.81119633,-1.93957734,0.65898854,-2.56839824,0.02929115,-3.20204258,2.5011766,3.46872067,-2.23573971,-2.88720369,-0.40359306,2.93725538,2.83823204,1.64989042,-1.27533805,-1.19178402,1.78261411,1.44299984,1.19457936,1.74375355,-0.24551427,1.89205503,-1.57563484,-0.3472591,-0.61679411,-1.2763443,-0.1260891,-0.29145247,3.67682409,-1.21743751,0.95219803,2.30541992,-1.54970682,-0.37378573,0.79616225,3.13079453,-1.67106259,-1.32454538,1.1913414,0.71663654,-0.62141585,1.90078902,-0.76068044,1.40520513,1.52507424,-0.9864701,0.27991652,-0.93111837,0.68443245,0.43245339,0.18147446,0.70740277,-0.10425723,0.23893344,b'7'
1370,-11.34604168,2.33792353,2.50119948,-12.73052788,-1.25801969,5.44570827,7.2577076,-6.65866947,1.33687592,-5.04551983,-1.09720445,3.77451539,-2.7302351,-0.19526777,-0.45277643,0.08539391,-2.85792923,2.14630413,-0.74705225,-1.52167845,-1.85425997,1.99720407,2.42445803,1.93913937,1.6101886,0.57279259,3.74356699,-1.21828437,2.26780415,1.5696367,0.01974821,0.87495327,-0.36052293,3.47817016,-0.58084726,-2.89872074,0.49183989,-1.09242463,1.62300134,-2.05558681,0.53055751,2.08550024,2.0821166,1.84799504,1.29316807,0.90333033,-1.44636047,0.21610951,0.2837927,-0.78888786,0.23470867,2.00016737,-0.03151274,-0.27390182,-1.00737906,0.27875447,-0.29573274,-1.22506571,0.78930277,0.36177123,-1.99773204,-0.56612575,0.39516211,0.25684023,b'7'
1371,-9.94273853,7.01070023,-0.07462543,5.0763607,5.46037531,-0.84034324,2.01865602,-2.95641541,9.02528,-3.80324769,3.87165117,1.48111105,-0.70519686,-1.92101181,-3.5181284,6.70258141,0.56536126,-0.22393316,-1.12624073,2.51415491,-4.07029247,-1.08266234,-0.85139799,3.13177967,-0.13136476,0.29917771,2.50999928,0.44225979,-0.24580812,-2.26597738,1.67136455,0.14841866,-0.01936483,1.33943331,1.32331002,-2.21336198,-0.8814373,-0.4792437,-0.97043145,-1.91258144,-0.27511686,0.33295631,-2.07700729,3.54322481,1.32549763,0.83614784,1.29939508,1.22874534,-1.81465387,3.65208721,-0.1216362,1.61579561,-0.85775232,-0.04904485,-0.96945292,-0.18973571,0.91563725,-2.25218964,-0.89237225,-0.38538718,1.05828869,-0.05933395,-0.1111781,2.59095955,b'7'
1372,-11.52605915,5.72715473,-4.73651123,-4.87904453,-0.91518134,-0.95228624,0.82981825,-2.80048203,1.31221032,-8.72383881,-3.84080744,0.65345597,-0.94420385,-1.77045119,-1.11342096,5.49967575,-1.74383712,2.80528879,-1.63521028,-0.19915676,-1.21945488,-0.77072793,3.18745852,-1.8430661,0.75663614,-2.63030243,1.8259064,3.24132299,4.44451714,1.17178977,-0.36219013,0.91654086,-0.23316963,2.62448597,-0.64223111,-0.22555134,-1.12768388,-2.74982786,-0.22346044,-1.65655339,-0.2508387,-0.54891431,-0.39670342,1.42276752,0.74521875,0.77517253,0.59443516,-1.10144186,0.6187734,2.1643424,-0.93491864,2.01556468,-1.45235968,-1.0722425,0.55780935,2.80252934,-0.15889859,-3.4400425,0.39863241,0.18856013,0.63473308,-1.20166934,0.2167536,1.39359379,b'7'
1373,-11.06395626,6.14932346,-6.53104973,-3.6590538,-2.35151148,-0.28294051,0.41662884,-5.72585487,3.64300203,-7.58046627,-1.80707026,-1.20440555,-0.63095355,-2.51071453,-1.59483719,2.24018955,-2.17072988,4.52269554,-1.7118355,-0.51533592,-1.03525829,0.08945078,2.64440298,0.29956865,0.30096453,-0.65038848,1.50649083,3.15773869,4.59416342,0.69716835,0.8907429,-0.76851928,-0.95251602,1.65555525,-1.36054111,0.25630379,-0.75442338,-2.82319236,-0.62308896,-1.10668647,2.69646859,-0.47086602,0.29602426,1.12438786,1.04204237,1.0141542,0.53259492,-0.94079423,-0.82977414,1.90429652,-3.22723246,2.43261957,-1.88583064,-0.29893875,0.2305336,1.98367071,-0.03014994,-1.25697005,-0.36055899,0.45638168,1.01790345,-0.55303264,-0.79331857,0.71525627,b'7'
1374,-10.16654873,4.84192371,-4.82626009,3.7065475,4.8147769,-2.37480187,-0.76051188,-3.53508687,2.21711373,-4.96192837,2.98332739,1.45017028,0.44413292,-4.41789865,-4.29429531,6.92513704,-0.80265319,-0.88923085,2.42200828,3.1975069,-5.02256536,-2.298599,-0.00384137,0.49431658,0.09525496,-0.08761553,-0.0513373,1.61170888,0.41573119,-2.02499342,3.97193313,0.09046292,0.00454339,1.09488678,0.28168488,-2.88181019,-0.81579709,-1.87876129,-0.4007057,0.26802224,0.86390615,-0.58750224,0.41378531,4.78861046,1.29423952,-0.00455406,0.55359817,-0.35157609,0.4018054,1.86455452,-2.75614667,0.45869732,0.2811172,-0.6606698,0.66755676,-1.33790922,1.88721347,-0.77078956,0.36053228,0.30633318,0.17441897,-0.09195688,1.83003223,-0.44769159,b'7'
1375,-9.93583393,7.61929607,-6.85408306,1.36982071,1.19690835,-1.94513917,-0.77747393,-5.21550465,3.23250461,-4.37908554,1.41273308,-0.51042676,-1.26384234,-1.75189078,-3.56428051,7.25037956,-1.60803509,2.380934,1.90463614,-0.13781524,-4.50012398,-2.2981987,0.97882593,1.86645555,1.96456134,-0.61348897,0.6128267,0.85005105,2.11837149,-2.66804886,0.02115858,1.04678559,-0.58295339,3.94079995,0.28250843,0.20029661,-1.33525491,-2.78736353,0.26576638,0.75472522,0.85895944,-0.65236384,-0.29423529,2.90114641,-0.02713978,1.72473514,0.02840295,0.58502805,-0.82756984,0.0760361,-1.45818782,0.23964405,0.65359902,-0.56300771,-0.18628627,0.64925206,2.00425172,1.02286267,-2.2957468,0.79136813,-0.83657885,-0.10829386,0.68757343,0.23076332,b'7'
1376,-14.31100082,2.23569632,-0.13431215,-2.97525859,3.95511913,-1.01229954,3.48549986,-1.52491379,-2.15182257,-9.42081738,5.13861895,-2.13762307,-1.92059588,-2.31790662,-0.86705637,2.46601343,2.55592418,1.50841999,1.68570137,-0.7844609,-5.75540113,-1.38776302,1.66825819,-0.91061366,-1.26273704,-0.87097526,0.84734416,0.95497429,2.42678165,1.94431961,-0.50050342,-0.42136645,1.05276418,-1.36154461,-0.61667824,1.14777029,-0.28345728,1.57713532,-0.71103442,1.05486178,-0.87376541,0.34919244,-0.72076726,-0.17555328,-0.34473133,-0.3587206,0.91852701,-0.15670443,-1.36783171,1.85883462,-1.52452517,0.25451642,-0.36181736,-0.95273209,0.12251693,1.0471642,-0.34295392,-2.07049561,0.30266082,0.83286536,-1.07221079,-0.86694127,0.38166487,2.21146846,b'7'
1377,-11.27575874,0.16806316,-4.7487402,0.16217133,5.19160748,-2.03818536,-1.14240932,-3.9330399,1.66047239,-5.60322523,5.22248125,-1.68284631,-3.31458139,-2.41743231,-4.66701126,4.89153099,1.06048322,-1.28528285,1.93728089,5.1527338,-1.80553222,-4.38388681,-1.26291811,0.06292605,-0.47937846,-1.35299027,0.21131712,0.74328244,2.80729008,-2.5120225,1.18798923,-1.04178464,0.21939772,0.7019608,-0.00396168,-0.76404369,-0.93259442,-1.4937284,0.76642412,-0.93995631,0.52321208,-2.20116401,0.52640748,3.00493932,2.620924,0.262229,0.45214558,0.65712905,-1.35573077,1.39904535,-1.41232359,0.54116553,-2.23875451,-1.09700131,0.10992485,0.74338508,0.83074772,-1.05641556,0.00381601,-0.17165977,1.00373554,-0.63809973,0.90387774,0.44842264,b'7'
1378,2.65346432,7.03182697,0.52145779,2.90366578,2.1188488,1.18764937,1.07063961,-10.0393219,8.12173557,-4.36140251,-1.46193409,1.65678883,1.68808734,-2.95147276,-2.63419771,-0.23173141,-1.89723039,-1.96718502,3.66171956,-5.48191166,0.03794725,2.42838144,-3.51541352,2.21354961,0.21614271,4.39010906,0.04388484,2.36844611,0.37325597,-3.43125868,0.0260241,3.02621412,1.5883764,3.0603404,-1.59120226,-2.97617674,0.31987357,1.78703833,3.36781192,-2.41192913,-0.92177212,2.04971671,0.15579878,1.66059518,0.99695319,-0.9795025,-1.01895273,0.21017623,0.86140484,0.80730796,-2.75982213,2.8667345,-1.04150248,-0.94395661,0.56899381,0.39907336,-0.66914225,-0.84545243,0.61182541,1.51978457,-1.49320173,-1.57859635,-0.728701,0.73572409,b'7'
1379,-12.06675816,2.52544022,-4.2678895,5.9888649,4.21592474,-1.83672428,2.24885488,-0.80364823,3.6086812,-3.0531764,3.50918269,-0.146523,-0.06204176,-4.42653751,-5.40406036,5.58599567,0.75959992,2.03256249,0.32263321,3.58878422,-5.41138744,-2.87720895,-2.73835683,2.71562386,1.10829997,0.71276742,-0.63447213,1.03197718,0.24579239,-2.47361398,2.13255501,-2.3960135,-0.16241048,0.53497756,1.0219295,-1.24647045,-0.60181892,0.42841077,-1.04269183,-0.30134529,1.30234408,0.08005838,1.25289083,4.52568483,1.23195684,-0.2407247,0.44565517,1.4386363,0.74093741,2.28820419,1.13139176,0.0747242,-0.53268361,1.09195447,0.680592,-1.54601884,1.29646266,0.46773088,0.83790952,-0.95022994,0.36025083,0.76664084,0.98197377,0.84343052,b'7'
1380,-1.55722749,5.69395256,5.34454727,6.10102224,6.26356268,1.16889763,3.62042451,-5.02647972,9.51686859,-4.46786928,0.17060947,1.10611606,0.03920805,-4.55703115,-4.06883144,0.36144757,-0.71957588,-1.57513928,3.25895262,-5.54271221,-1.46993399,-1.2776022,-2.67579532,3.96578407,0.66699839,4.51972008,2.92066479,0.81045485,-0.85292482,-2.03221321,2.25758886,4.09584284,0.23129573,1.6555934,0.4916715,-3.14973974,-0.62625885,1.81126642,2.14287114,-0.32670078,-1.25024402,-1.10085225,-0.84690261,0.3461538,1.91731143,-2.16295624,0.51839572,1.03170872,-0.80772412,-0.41666812,-1.84080768,1.16412687,-1.3360579,-0.54161572,-0.82295173,0.22717315,0.28951931,-1.23385727,-0.38471273,1.64757335,-1.49293911,-0.65986049,-1.99483812,1.84354067,b'7'
1381,-13.7338686,2.32956934,-3.82110357,-0.38134986,1.06394589,-0.13472307,2.64757276,-2.93078923,-2.20468473,-8.08538246,3.11162186,-3.57630849,-1.90889621,-2.56960583,-2.56568384,4.6167202,1.53826594,3.40492988,1.48394394,0.70628524,-3.65998554,-1.42715478,0.49934661,-1.6175921,0.41869187,-0.42896581,-0.8594861,-0.2134881,4.84637403,0.80941308,-1.57025611,-1.28267372,0.46743506,0.57223129,0.21687341,0.64182955,-0.76690078,-0.2243914,-1.52198899,0.07851541,1.04272318,-0.88181442,-0.50384778,0.0028467,1.89111769,0.64196855,-0.10296635,-0.60000038,-1.38037777,3.18106747,-3.68822813,1.65858519,-1.22729492,-0.06986797,-0.57080597,1.53762817,-0.8789053,-1.33893824,0.01336277,1.87458384,0.03101803,0.45500028,-0.39977005,-0.0915472,b'7'
1382,-11.12855244,2.24043369,-4.52705956,-6.19818497,-2.73776007,-0.39653742,0.02347279,-5.88000107,2.19517207,-4.38909006,-3.69258404,-2.72540784,-1.90030885,-3.82033777,-3.71395636,1.80004299,-0.7440784,1.95550966,-0.55827916,-0.2096796,-1.27227187,-2.31136918,5.94839716,-0.17418122,0.9460299,-2.12413931,2.06666279,3.48122406,3.23952794,0.79418898,1.63314009,0.89330053,-2.12248397,1.41163468,-1.75435925,1.28276396,-2.01238918,-1.59727526,1.13919854,-1.06258965,2.09253001,0.05878015,0.70712781,2.40319967,1.87705088,0.54792291,-1.10021722,-0.68015361,-1.43138742,-0.24319834,-2.2330842,1.77081347,-0.56192446,-0.11975288,1.05815542,0.74532974,0.18374324,-0.06067112,-1.45886326,1.06265628,1.41526198,-1.18341708,-0.60033107,1.65656447,b'7'
1383,-12.16106987,3.16831779,-5.47034836,-2.39230251,1.85134113,-3.13386464,0.03087711,-0.83774137,3.03233695,-7.10582781,0.24400806,-1.26054549,-3.88617277,-2.22764969,-4.084692,-0.05494428,2.78855205,2.18832231,2.39613366,0.74322462,-5.30437279,-3.72679043,1.86189175,2.67043591,-1.22652233,0.20881367,-0.16350481,0.66771829,1.42308855,0.24471247,0.16406369,0.00709295,-1.93385947,0.13076675,2.06954002,-0.29462418,-1.34298277,0.73080981,-1.67448652,-0.13196313,0.07386708,-1.49812043,0.24285825,1.03511131,-0.0064913,-0.82503599,1.00453889,1.47230148,-2.38556862,0.75361514,0.78917521,-0.34828329,-1.2155869,1.15408957,-1.15637922,0.65082252,0.64888406,-1.07433248,-1.78767943,-0.0701009,-0.73619246,-0.72238082,-2.16870451,0.52707392,b'7'
1384,-9.82713223,0.23907781,2.59652686,-6.23389053,3.89310026,-1.74011898,2.33663177,0.99983406,-1.28984642,-7.14888573,-1.92317677,2.59627652,-3.82921362,4.13177919,-6.97199345,4.04640675,-2.0600853,-5.79634094,-1.82524085,1.43223643,0.0659067,0.25504684,2.24581409,2.5636735,1.22515011,0.60981613,1.3058753,-3.00194144,1.39854836,-1.72883224,-2.34964323,0.36816049,1.71095991,0.58176208,0.53813362,-2.24979758,1.01871943,2.23036814,0.89824474,2.25703788,-1.19244158,-0.55805922,-1.20645928,0.26552105,0.31988323,0.14178145,0.14125955,-0.54833961,1.08741856,-0.2539326,0.53995192,-1.62199092,-0.06539297,0.28115094,-1.77897072,-0.51065332,1.44637609,-0.84304237,1.16533589,-1.64077711,0.20354341,0.31894487,0.60446274,-1.42546499,b'7'
1385,-13.76148701,1.55956793,1.56074333,-1.26943791,1.02968073,-2.54899168,3.70699382,0.82057726,0.16152859,-7.88219881,7.36551428,-2.22288537,-0.12087798,-4.2688055,-3.03675508,-0.34189391,4.89006615,2.01282334,1.37928748,-0.85607398,-4.95669889,-2.34806418,-0.07675514,1.68704319,-1.97028136,0.49442232,1.37255335,1.19095635,0.09978676,2.33069515,1.60748279,-2.77765727,-0.33632106,-1.19129515,2.70401502,-1.36915874,-0.11223149,3.41905642,-1.60894144,3.14540362,0.32465923,-0.58031607,-1.52796888,0.45327908,0.6040287,0.59136724,1.29275787,-0.49592805,-0.16262266,1.02946579,0.22014841,-0.02013755,-1.53837299,1.06045556,0.27097613,-0.42225882,1.01330566,-0.78760684,-1.12335289,1.47335637,0.53979427,0.46651977,-0.57470989,-0.22451884,b'7'
1386,-11.98553371,3.47689009,-2.05903697,1.18682599,2.22621536,-3.40720773,4.25638294,-1.62219977,7.10593605,-6.0322361,1.14586282,-1.07465386,1.15197909,-3.29884791,-3.10773087,5.12622166,2.25832152,3.94192863,-0.26710507,1.85161924,-3.49779797,-2.956738,0.79253411,3.77798986,1.35441768,0.95092744,1.56908143,1.7514987,1.30435252,-0.73246503,2.55754089,-0.58420229,-0.53491497,2.91622519,3.19337082,-4.01487827,1.34587765,-0.47916049,0.43743443,-0.14452332,0.61339414,-2.58460546,-0.89087069,4.02210569,2.32018805,-1.15660763,1.30065262,-0.58712268,-1.89286041,2.07804298,0.24300516,0.94030952,-0.23154211,0.13201511,-1.56088138,1.15492523,1.22731447,0.10693359,-0.68966705,-0.25304908,0.97050613,0.90585166,-0.87169641,1.30435061,b'7'
1387,-6.54410219,11.10007954,-3.20843124,3.57781363,-0.44008172,-1.0674274,0.55808258,-2.18799663,2.57515788,-7.91263962,-0.0528965,1.53638482,-1.6186018,-1.54951382,-3.23420715,6.91900682,-2.17349148,0.99808335,-2.54159784,-1.04310739,-3.25294113,-2.31300211,1.47638571,1.72285509,2.66416025,-0.20506737,1.03245389,3.0759902,1.10965323,-0.08488107,1.83366001,1.18629742,-0.19186036,1.12799621,0.34983718,-1.04533935,-0.49373722,-0.77009386,1.07326198,-1.52357149,-0.3907522,-1.3188591,-0.1542715,3.02991104,2.40547395,0.74159557,-0.78873718,0.24013972,-1.10217488,1.44385922,-1.78242874,2.26641369,-1.16390347,0.31928813,1.07233846,0.85913801,-0.69524741,-0.79791021,0.83236009,0.97502697,-0.71761686,-0.52936447,1.98736107,0.99192995,b'7'
1388,-11.86450195,3.73987579,-0.56426018,-10.29007816,-0.05682147,-0.1342274,1.49038529,-9.15316391,-0.76513767,-8.22427177,0.80412102,-0.65234828,-3.12320709,-0.5411948,0.57066917,0.65802503,-0.28145134,3.07544971,-1.27575052,-2.67950273,-1.33729744,0.7576443,2.97085094,-0.50384355,-0.66578442,-0.43007338,0.66079891,0.93616509,3.53777027,1.99797881,-1.7520448,-0.39129066,2.33871222,1.65076375,-0.74818981,1.14150095,-0.44446087,-1.03389335,-0.34126031,0.41803843,0.519611,1.45637608,-0.94802481,-2.44284773,0.62992126,0.61557013,2.27888441,-1.24058986,0.23099789,-0.12387729,-1.65926671,0.63780838,1.1370213,-0.23714435,-0.88641566,-0.41221955,-0.68872619,0.00261728,-0.41313505,-0.09937221,1.31417155,-1.29619169,-0.09936494,1.43852592,b'7'
1389,-10.67759323,5.05505466,-5.46709633,-0.51195973,0.14910603,-1.65239215,-0.04264665,-7.09631348,-1.91714859,-6.76172781,5.52089214,-2.27461219,-0.15825796,-0.41064879,-2.30293941,7.79716921,-0.56034541,3.26178432,0.48347723,0.23073697,-1.68071747,-1.87621784,2.08628345,0.5482564,0.29367405,-1.8573947,-1.31052017,0.40370679,2.31229591,1.31402409,-0.81079781,-0.05894041,0.95713186,0.6933977,1.29375875,2.72872472,0.34741235,-0.57530922,-0.6232661,-0.47474441,-1.65911341,-0.81746143,-1.57355452,0.91885781,-0.11688697,0.13499302,2.1316402,0.23982549,-3.3644352,0.52662539,-1.05910051,1.51442862,-0.02089238,0.07326531,-0.41815382,0.60543954,3.5323596,-0.08511378,-0.81871086,0.50116837,-0.60679728,0.13928455,-0.50795174,0.48029831,b'7'
1390,-6.25612164,1.31942558,4.16398287,8.33751583,6.88356066,0.41360164,-1.55406046,-6.22589397,8.92271805,-1.16097164,4.78007174,2.40804338,3.99504972,-1.63570273,-2.49976158,-0.77156973,-0.92167795,-3.16894555,3.51024914,0.00348997,1.12916505,3.42108822,-3.59913254,5.02135801,-1.7613467,2.76433372,1.77144563,1.91162443,-0.06122351,-2.05184841,-0.53897583,1.42555571,0.28688914,-0.595815,0.95681357,-2.93441224,-0.65575027,-0.02050751,2.18570614,-2.75592732,-0.07353127,2.8275342,1.36439562,0.39719707,3.38613033,0.01678096,0.01067771,0.08035493,-0.34167582,-0.59164929,-0.75397116,1.7654351,-1.72672439,-0.14074981,-0.34016711,-0.39007342,-0.6958344,-1.07280409,-0.27220407,1.4476167,-1.82439923,0.65744263,-0.28062624,0.68863821,b'7'
1391,-6.93878508,1.30342054,-1.18814969,-5.94144678,4.51188183,0.90301096,-1.40769958,-5.6656723,-4.10331488,-6.91462612,2.23775744,-0.27953219,-5.35691023,3.39710188,-4.38403225,3.1442554,-2.61589193,-6.64515781,0.07868674,3.40867901,-0.95394993,-1.33652854,0.26033586,-1.45741725,-0.85347545,-1.58537352,0.90821099,0.50151324,1.65785241,0.0388965,-0.68489444,0.80961132,1.13934791,-0.92227477,-0.74136615,0.05705795,-0.92530417,0.13954031,0.42764378,-1.31372333,0.08694291,-0.8691377,-0.43731162,0.53735244,0.86249316,0.03886542,0.38270772,0.32062173,-0.85598969,-0.1464197,0.96266741,0.71190619,0.88268733,-3.3095994,-0.80748242,0.32326186,-0.34665728,-1.23406219,1.20876789,1.41415489,0.16716294,-0.61074674,0.4064064,-1.32173109,b'7'
1392,-15.34828568,0.42256045,3.31280971,-9.77202129,3.67192602,2.59521198,6.99897242,-2.37303734,1.11113858,-7.65402794,2.59257984,1.64784122,-3.25475788,-0.38847023,-1.0443697,0.79300368,2.40335107,0.3191967,-0.03418237,-2.83108521,-4.47544146,-1.02952099,0.44477057,1.687222,-0.87652534,1.80261064,1.60434353,-1.29037261,0.63564062,0.60510647,0.02389467,-0.72939217,1.44241738,2.66527724,1.44275141,-2.23709893,0.77330852,-0.10681814,-0.17862833,0.80671704,1.71402431,-0.6355986,-1.56377828,0.45505863,1.56793857,1.39814126,1.85992324,-0.47087502,-0.73036295,1.21540761,-0.85028934,-0.70771503,1.12171578,0.24177587,-1.76048994,-0.21189588,-0.01160622,-0.09796603,-0.3296265,-0.59016287,-1.25164223,0.39898223,-0.20049751,1.00836146,b'7'
1393,-10.48626232,-1.35805285,-2.10618854,-3.95558476,2.22649813,-1.39260674,2.09032464,-4.86769581,2.81348634,-9.95775414,-3.46837234,-1.43840051,-0.21228349,-2.86032414,-4.08473969,4.74403238,0.50192642,-0.57437789,0.42036384,-1.28441131,2.17083049,-4.03685713,4.44841909,1.44405413,2.0488615,-0.73995531,0.70563388,4.39069986,2.55808878,1.13314295,0.00604105,2.07167864,-1.19719946,-0.38551646,-0.34288311,-0.10979852,-3.01784801,-1.19970822,-0.38809574,0.61266661,-1.94095564,-1.55129421,0.55448908,1.10494983,1.51044941,0.00538813,0.28633097,-1.14774776,-1.80166554,1.17884552,-2.11626768,0.0384711,0.39877629,-1.10914135,0.22847694,1.88787365,1.32189167,-2.36308002,-1.88377142,0.99239123,0.36804676,0.31363696,-1.58166075,1.58879888,b'7'
1394,-16.23106384,0.89724779,-0.99888283,-5.99480486,0.80079043,-0.08259082,4.56757641,1.55364084,-0.6451354,-7.19346428,2.96515155,-3.13890243,-1.47148037,-2.79174519,-2.29038858,1.41946483,4.34706306,2.38321829,1.72861958,-3.92561841,-4.46143723,-1.51314712,0.18475154,0.87656665,-1.75732493,1.27951801,1.064659,0.6733973,1.70829177,1.02040136,-1.91915143,0.17758465,-0.6898362,1.3524785,3.1462512,0.20319501,0.86271906,0.27676266,0.15178156,2.20131683,0.29052675,0.63350183,-1.5733403,-0.0680839,-0.31954718,0.46606857,1.55504394,-0.45610523,1.29057121,-0.13765204,-0.39429545,-2.40358138,0.54357493,-0.44446838,-1.0882175,0.73033607,0.10193062,-0.45324767,-0.97971171,-1.06046402,-0.53012449,-0.48661104,0.48791873,0.29494256,b'7'
1395,-10.82506561,6.58701038,-4.34283495,-0.44650882,-2.2092278,-3.55545592,-0.2647028,-6.30720615,2.88193941,-7.78413486,0.08412313,-1.13796639,-0.83267045,-0.7275871,-0.97754765,2.68074703,-0.39894152,4.56835175,-0.25945839,-1.05436707,-1.03441024,-2.94712639,3.96116424,2.50698137,1.40075314,-2.00197029,-1.41556311,2.90540648,3.34568906,0.90394795,0.58323514,0.86672544,-0.05187885,2.32540154,-0.44367218,1.67506063,-2.12019157,-1.23655558,0.76181,-1.42027164,-0.02020526,0.09076418,0.42453369,0.56446308,1.31709623,0.27804673,0.79773343,-1.8310349,-0.50548065,1.25418043,-1.11064601,2.30177283,-0.73177314,1.68341625,1.12421715,1.74104619,1.61172783,-0.24396648,-0.85134107,2.2835741,-1.0897634,-0.08372235,-0.68509638,0.07006663,b'7'
1396,-9.49934769,4.80789852,-1.1915338,8.11307716,3.72279167,1.78318357,-0.18397331,-4.48214817,5.49307871,-2.88282871,6.22320366,1.8148632,0.90398037,-0.89044201,-2.22535944,3.38408089,-3.839118,-3.3972609,0.47961557,4.86675406,-2.79998779,1.40679777,-3.11067462,4.06155586,-2.00963545,-1.25907481,1.46380818,1.61698031,-1.25271273,-2.78834844,1.90227628,-1.12009323,0.97631955,0.40886509,1.65202713,-3.99629998,1.40261745,-3.40111327,0.64053714,-2.33594704,1.75724387,0.26569769,0.37791348,3.13066936,1.12193608,1.40530479,0.10369676,-0.54118562,0.45076525,1.07968593,0.22562775,1.70392895,0.01878428,-0.66375279,-0.46971697,0.26806784,1.41762233,-2.55635071,-1.40817893,0.28123283,0.94215697,0.38706428,0.30901539,-0.63549763,b'7'
1397,-5.65852785,2.12851238,2.98359013,-4.55901432,5.19228745,0.59077704,1.3107717,0.44106275,-1.25475979,-3.44246149,4.12946367,1.55939794,-7.80531025,7.32380676,-4.8932972,-3.53596067,-1.91513669,-5.86124229,1.82788277,4.17264175,-3.62495232,0.45321071,2.03449869,1.61231947,-0.43154401,-0.23307946,1.29480338,-0.7816475,-0.9284606,-1.25963175,-0.78999674,-1.043154,-1.08929038,-3.18839693,-1.43951511,0.01151335,-1.15293324,0.09863746,-1.76756942,-0.80604905,-0.42829084,0.61787856,1.83495665,-0.19149414,0.77207661,0.12856042,0.58048445,-1.20322156,-0.05285618,0.56168222,-1.21529949,0.01315892,-1.03047657,-0.90886688,0.95689726,0.29566097,0.44907069,0.4670912,-0.58673561,0.67890167,-1.57541978,-0.65563601,-0.05564982,-0.41313913,b'7'
1398,-11.27173328,8.00405502,-3.4808526,-8.51149082,-5.55816936,-1.92206717,-1.13432074,-3.8653667,-1.00684404,-6.21678829,0.75256407,0.5760076,1.23287857,-0.48868737,1.93836141,1.79732192,-3.85236049,3.31767154,-1.32397282,-0.89765108,1.43162048,4.29258394,1.85168993,-1.51310277,-1.74403632,-4.07756281,3.05554676,1.33573818,2.38285756,1.707322,-0.10322726,-0.55423713,0.72911739,0.01850522,0.25718343,1.70629728,-0.86076319,0.55549252,-2.96340513,-0.70863903,-0.12519908,0.13745336,-0.60589689,-0.55723101,-2.07658291,0.46198815,1.52428293,-0.51092291,0.46710432,0.08542675,0.14525281,0.57548457,-1.07114053,-1.41337228,-0.16380781,1.64902401,-0.01485133,-2.22423792,0.34654176,-0.9031682,-1.54429877,-1.01374435,0.53240824,0.06327729,b'7'
1399,-8.94805241,4.15169144,-6.7754035,1.18445468,2.13584185,0.2588855,0.41218543,-3.78010392,4.67497492,-8.13134956,2.27040362,-0.46069407,-2.91744089,-1.04205942,-5.42829418,1.69429719,-0.22680283,1.01917934,2.25884271,5.235672,-4.10513449,-3.22732782,-2.70791864,1.4894886,0.86009383,0.8515411,0.69582534,-1.93364727,2.38255715,-3.09037066,0.13720644,0.26286983,-0.91867548,1.40677834,1.01242316,-0.1550549,-0.37353921,-1.32323384,1.50847805,0.41271377,0.97782421,-2.00741673,1.05056977,1.9923985,0.82686162,0.26810125,0.06856392,0.05587506,-1.02287674,0.41392219,0.17881578,0.35772002,-1.28385663,-2.29668498,-0.05252093,-0.45478612,-0.27855802,-0.12763168,-0.00973564,-1.40472317,0.23169999,-0.89211237,0.44901597,-1.18730569,b'7'
1400,9.22668934,5.71665001,8.67454243,0.67578459,-0.49985236,2.55673218,-4.06097317,3.07787752,12.70863914,-0.18894684,-1.21483159,-1.95921636,-0.55071139,-2.23212957,1.65325642,0.40878093,0.16751993,0.95616257,2.60943317,2.30751371,-2.57060289,-2.56997848,-0.34078756,-2.65721297,0.91540241,0.77841204,0.12696737,2.76351905,-0.44822454,1.80771005,0.11215127,1.47693682,1.05228889,-3.18121767,2.21019673,2.35173774,-2.96976757,-1.3170979,0.28896844,0.02144706,-1.48245549,0.01600803,-0.32808134,0.61018741,1.05853772,0.11826491,0.06057455,0.80035198,-0.31511608,0.33552063,-0.103294,0.65232217,1.38600838,-1.73837972,0.64007604,1.86289382,0.08308482,1.18868518,1.32862306,2.44477081,-0.5688504,-0.46016273,-0.63169658,1.27847743,b'8'
1401,4.44505787,-9.29730034,2.85620022,10.52004242,2.01884651,5.6085577,0.40289044,-1.33653331,-0.98986387,-1.74681473,-6.51692295,3.76767373,1.77800119,-3.48248982,2.56110048,-0.14810872,2.02664876,3.70522904,2.86021709,0.60835719,1.48985815,1.01359737,0.72767484,2.08221674,-0.93148232,-2.1139605,-2.32718205,0.60467958,-1.71085119,1.73573697,-1.45783103,0.015306,-1.15900254,-2.5047369,-1.27680087,0.75091422,-0.2304697,0.75430572,-1.27681553,2.06491804,1.88105464,-1.06450069,-3.64021349,-2.67551208,-1.8765732,0.16615158,0.27473798,-1.56483197,-0.43831697,-0.21010911,-1.09943676,-0.54922867,0.683869,-1.36346793,-0.18746203,0.8643924,-0.43830562,1.00596583,-0.17774996,-0.80647075,0.01382972,0.24437779,-0.6889891,-0.38371769,b'8'
1402,11.9353466,-4.68576908,4.48691463,-3.00764298,-3.07579899,1.31924641,-4.29122925,1.05640888,-6.34530306,-3.12192822,-0.77517128,-0.0914762,2.35436177,-2.27494359,-0.6598506,-0.1329186,1.32718372,1.85813951,-2.1372757,0.16551328,4.92243481,-2.44565511,3.46422219,-1.16949391,1.21331298,0.02647405,1.25029922,-2.3212924,2.19228888,-0.40222254,-2.39295244,-0.53258419,2.23329854,0.13552284,0.20381904,-1.89993775,1.11014628,0.8748374,-0.48268402,0.85279465,-0.02033186,1.84627938,-0.82804346,0.30796206,-1.29859102,-0.12749648,-0.55235744,0.10194993,0.94522852,0.91603446,1.1184001,-0.11199737,0.64114475,-0.06750405,-0.44516951,-0.01848948,1.94592333,0.4557656,0.84447199,-1.65653646,-0.44695321,-2.43631339,-0.12837458,-0.70122391,b'8'
1403,10.09191895,-4.16475534,2.11663651,3.08226085,2.1805582,3.492697,-0.6065197,-2.38681316,-4.50358343,1.05409694,-5.23657131,0.48916864,1.36083746,-5.36415958,4.29249907,1.36871672,1.17630768,1.63259912,-1.08057237,1.0322721,5.25760508,-1.68143702,3.36979532,0.41897035,0.9369719,-0.08966053,-0.82894123,-2.04942274,-1.27613974,3.18250227,-3.51686478,-0.68940032,0.86455047,-0.95317298,1.22325015,-0.84282255,0.15002728,3.855582,0.27205646,2.10675883,-1.86994743,-0.8477636,0.3654156,-2.42657423,-0.3770014,0.10308225,0.53551334,-0.55622411,0.6514563,-1.43890357,1.29861295,-0.15972304,2.59674621,1.44321704,0.40406084,-0.54609215,-0.33788633,0.88339227,-0.45834363,-0.89785624,-0.28106967,-1.47502327,-0.08856744,-0.81855249,b'8'
1404,12.91197681,-1.96872139,3.48413372,5.96792746,-0.29379421,5.11540604,0.88640738,-4.14502716,-1.52256727,1.00277042,-1.96146488,-4.39898491,4.56316376,-1.19347227,-2.13277674,-0.25932264,-1.95770979,1.43115568,0.51770991,0.33656573,3.67424703,1.06476879,2.41177559,-1.55709779,0.21968323,1.20551538,0.80918968,-0.97976375,1.06206155,-1.11594808,-2.76328659,1.37076521,0.01124692,-0.53141242,-0.06366229,-1.94703019,0.51389813,1.51343226,0.0144397,0.77432263,-1.84229732,1.58831513,0.64621186,0.09909083,-0.98478258,0.34814176,-1.95891464,-0.11464381,1.22026944,0.38002098,0.4417423,-0.08150101,0.89871025,0.23739159,-0.26003557,-0.98962784,-0.29259205,0.42710429,0.83332688,-1.71119094,-1.75269866,0.20210248,0.21550465,-0.62890369,b'8'
1405,1.90633285,-14.66184902,3.83752942,5.8171711,3.77948189,1.02534175,-1.44939852,-1.54615903,-0.62631035,-2.27374911,-4.56675673,6.45890045,0.43759447,-2.03391409,2.74399209,-3.0878253,-0.20159566,1.83300924,-3.75107765,1.58773565,2.28965974,-2.8350997,4.72107649,0.28170061,-1.02423477,0.0734212,-1.307464,-1.82284832,-0.2813096,2.35682106,-4.90723753,-2.24569845,2.42060852,-2.05282021,1.42055714,1.77652872,-0.41022158,2.48836732,0.69590449,2.31132889,-1.04916596,1.79293287,-0.26619309,-0.53637397,-0.95833433,0.22366291,1.18185186,0.15943789,-0.06545857,-1.55742037,0.3013708,-0.72058058,0.79933119,1.12159252,-0.17567712,0.40487945,-0.25068641,0.01833354,0.35833752,0.00161159,0.94146401,-0.78812873,2.49298286,-1.79666567,b'8'
1406,13.60153484,1.78072405,7.66031933,2.65650678,-4.6531806,6.36832333,-2.89319324,-2.2591691,0.72043991,1.29257262,0.59888697,-2.4356792,1.27807283,0.83200622,-0.56402111,2.01847816,0.98445797,2.11123586,-0.3549819,0.88087845,1.78376698,0.94830924,0.20931742,-3.52650762,0.14691174,2.02121043,0.75554776,-0.66367126,-1.06049156,-1.33131051,-1.07511795,3.47702885,0.87976813,-0.5002287,0.25329804,-1.61784232,1.44077373,-1.72934389,-1.29568756,-0.02422884,0.56550682,0.45976108,0.08943728,-0.68497485,0.36471367,0.69823974,-0.86444676,-0.43899274,-0.23397504,1.02809799,-1.41451359,0.00262809,0.8249023,1.49701571,1.81152725,1.15164685,0.99003303,-1.60623395,-0.69213736,-1.48017478,-0.24691069,0.46957523,-1.85247719,0.60881704,b'8'
1407,0.62350821,-13.22763157,3.6116457,8.16091442,4.13733196,1.64523256,-2.00205755,-2.16402149,-0.45145226,-1.7943399,-3.01354694,5.86187553,2.25512362,-2.26781964,2.6219101,-2.97601128,-1.04340219,1.45462155,-4.81995296,0.22263455,3.42115712,-1.86328006,4.04118586,-0.13840127,-0.51447141,-1.6714251,-0.13955981,-2.98749495,-0.79661894,2.30306625,-4.93200159,-1.40614533,2.32774234,-1.89932013,2.42927289,0.16780058,0.19165063,3.00184989,0.45868289,1.94847298,1.07164717,1.93256879,-0.86451441,-1.82310104,-2.10946512,-2.0036273,0.83201087,-0.516644,0.10647944,-0.63107407,0.41292399,-0.65271854,0.86646807,1.89880979,-0.91137856,0.44822311,-0.39074898,-0.12533338,0.67298239,-2.07811213,0.93398005,-0.91153502,0.32822251,-1.97835183,b'8'
1408,12.54741573,-4.38268566,3.11084437,6.36480474,0.31125438,2.50154114,1.15865088,-3.30673337,-2.50159931,0.86864078,-2.94162178,-4.11466312,4.03078222,-3.95322824,1.25890255,0.78582025,-1.45180142,1.14354157,2.30065036,1.17252612,3.35600924,2.04809284,3.01471543,0.69642115,1.26927733,2.21885991,-1.44202566,-1.38833344,-0.82299519,0.74558032,-1.9331342,-0.46517563,-0.73335874,-0.20157057,-2.03681779,-1.28203034,0.32523131,1.21769094,-0.02504444,-0.08374584,-0.13639605,0.97232896,-1.02463126,0.04810929,-1.17334735,0.04781751,-0.34096402,0.65370774,-1.3379035,-0.3875038,1.22733939,-0.42497253,0.20966053,0.0263387,-0.59676963,-1.59744692,-0.68844986,0.58738655,0.09577531,-0.70953286,-1.02873266,0.28828329,1.04336536,-0.27304143,b'8'
1409,14.80581284,1.54591608,9.67847919,0.60673153,-2.87112164,1.10586321,-1.01429701,0.76364934,-1.5257287,1.90995812,-0.95443368,-0.66698289,0.20185363,-1.6484195,-0.27221584,3.12119484,-0.15170085,-0.638713,1.89612961,0.56524372,3.76401258,0.88143116,2.60174394,-0.05420995,0.51460397,1.30957353,-1.31244278,-0.46782267,1.66836524,0.42363584,-2.16321278,-1.1005373,-1.28731692,1.08199048,-1.52518821,-2.19207764,1.97141099,2.61096644,-2.05978489,-0.31791687,0.18792295,1.48960435,0.03255795,0.03217738,-0.74428058,1.68661261,-0.14838363,0.92584932,1.10261488,-1.11219001,-1.37022769,0.88812733,-0.08064485,-0.04291224,-0.26443142,-0.61431974,1.56364679,-0.18687747,0.47713453,-0.72613639,-1.66580045,-2.00887394,0.57968163,1.254107,b'8'
1410,13.98652363,4.34697247,5.67101574,1.02636647,0.87346685,-0.15117216,0.88856125,-2.86585808,-1.32282114,3.14755177,-2.3576231,-1.99027133,1.01502419,-0.04772498,1.3859992,1.3975966,-2.25302839,-0.89362723,1.76780915,-2.19651937,5.00224543,0.23589307,1.89636552,0.29327989,1.84082496,0.64814252,-0.15803799,-1.6086446,0.49353671,0.96610749,-2.33922625,-1.02591574,0.86766833,-0.86695439,-1.98668623,-1.90291989,-0.28718114,0.83696675,-1.60017002,0.4207412,-1.19146287,2.43952847,-0.18709438,-1.60825634,-0.78982282,-0.24347356,-0.04932709,0.78566813,2.13109684,-0.83066761,1.76549423,-0.18887389,0.83481491,-0.56008124,0.30688852,0.14211446,2.58592439,0.02829953,0.48801535,-0.73743331,0.37209088,0.68199736,1.72951758,-1.44884157,b'8'
1411,14.67619514,3.3642931,10.81218147,-0.04172397,-3.67649269,0.74880069,-2.67034245,1.58551407,3.32771564,-0.67330933,-0.18900228,-0.31889176,-0.97608137,-1.58126915,-0.37446737,3.63106465,0.08208692,-0.79632258,3.89589763,0.49591756,2.98509598,1.38745546,2.29666591,-2.26535082,0.69001782,1.41470492,-0.50413531,-0.4386915,0.36244965,0.48797905,-1.84635484,1.14125061,0.36475903,0.89411831,-0.95805526,-0.5817498,1.80519748,0.52573562,-0.55832469,-0.27491605,0.34709918,0.17867051,-2.63124204,0.39573556,-0.2500596,0.67383683,0.25636017,2.11480784,0.60328001,-2.02646303,-0.23154135,0.78908145,-0.738868,1.82824731,-0.48973817,-0.09723848,0.86138582,-0.86003923,-0.51261353,-0.5674352,-1.38098514,-0.74661851,0.47371626,0.39692059,b'8'
1412,13.95138168,-3.05703402,8.47414684,-0.43907443,-3.85828829,3.19708347,0.28275967,1.22436309,-2.18280888,1.03070378,-2.16691017,-2.89435077,3.71793962,-0.72243947,-2.14177895,-0.16705537,0.60444951,2.26423764,1.15454149,0.27447128,3.37898421,-0.04656541,1.62743592,0.7528553,1.1053319,-1.55858183,-1.51081026,-1.61690879,1.19959784,0.65520883,-1.85376203,-0.90579224,-0.14867105,-0.74951702,0.04719758,-1.56961334,0.01255679,0.3298254,0.45631886,0.25313461,0.14497578,1.63089323,-1.0689075,-1.41227996,-1.18250883,-0.81011504,-0.4202413,-0.33333755,1.1309495,-0.10138094,1.45490909,-0.07530916,0.61261857,0.69782585,-1.50750113,-1.10654831,2.47743201,0.38483167,0.74315339,-1.56238616,0.262483,-1.12673545,1.04299843,-0.75133461,b'8'
1413,12.09608555,3.40764284,11.01486683,-1.9876349,-2.61029625,1.56818819,-1.82288122,3.34650016,7.06292105,-0.61853755,-1.81868315,1.98713183,-2.05222392,-2.34810185,-0.74500513,-0.99478722,2.25361514,-0.99930441,5.84112072,0.53640437,2.90472054,1.01960433,-1.09257591,-0.39265442,0.91344786,1.26183856,-0.00383043,0.37423718,0.74952888,0.9934814,-1.10510767,-0.78031182,-0.2856403,0.33089721,-2.55823112,-0.91999292,2.42816615,-0.2468527,-1.11708868,-0.38505524,1.04484296,0.94027102,-0.41911045,0.43646389,-0.30268705,-0.60936582,-1.29764903,0.04395318,-3.20839357,-0.82215011,-0.10515843,-0.00246352,-0.69470143,0.63070226,-1.72042441,0.08702886,-0.44104767,0.32264519,-0.45041388,0.31352711,-1.60676122,0.58407813,-0.4686594,1.02784443,b'8'
1414,7.36982584,-9.75104618,5.52700758,7.99215031,3.22955656,4.39564657,2.98977709,-4.71654987,0.80002022,-1.22339082,-5.12585926,1.13718343,3.92479825,-2.00389194,2.87072182,-2.51224089,-1.435408,2.99722552,-2.26834154,3.10786819,1.19583321,0.64629346,3.45007396,1.46071625,-1.24942231,1.25775862,-3.19182444,-3.28035569,0.03940678,1.04017484,-3.87795782,-0.92274749,1.53313124,-0.86146265,0.86413872,-0.79093754,-1.18661976,2.84157825,-0.92606318,1.42306077,-0.61951977,1.85330606,-1.20502007,-1.51575887,-1.95419204,0.32645756,0.22988793,-0.05040669,0.68043822,-2.31939077,0.35309446,0.34342319,1.63248777,0.12499475,0.05497229,-0.98135942,-0.43338132,0.84480876,0.36310875,-1.54248917,1.72301412,-1.32516599,0.99460268,-1.81570673,b'8'
1415,14.54507351,0.58728933,6.91480255,1.56112885,-2.61038876,3.08235002,2.88522601,0.68683803,0.49610806,1.45434344,0.42588878,-3.67763066,4.84334087,-2.51559782,-4.87577343,-0.41001511,-0.49145186,0.48031652,1.62418425,-1.67741656,3.50547981,1.99658298,2.40970087,-1.21547318,0.30574906,0.64882702,0.58781374,-1.09320295,2.15421009,-0.82782072,-2.11964703,2.02032137,0.72027022,-0.04842645,0.59937906,-3.11408734,0.88277984,1.80492103,0.68424571,-1.30503976,-1.01142716,0.90158927,-0.40592885,1.24612331,-0.33151543,0.46627712,0.56416404,-0.81253123,0.97817928,-0.03021836,0.17682402,0.27339143,0.6856426,1.20757103,-0.19268185,-0.51550138,0.22279429,0.685404,0.48046523,-2.06383491,-1.18831801,-2.68568659,-0.05974644,-1.12497902,b'8'
1416,12.5349741,6.29424381,8.6704216,0.21494952,-2.98778486,-0.17992544,-1.41587543,1.27546096,3.45920634,1.8412137,-1.70922327,-2.40281844,0.740749,-0.63362843,-2.93728924,1.06433415,0.02271664,-2.32066441,3.61134028,-0.56960869,2.85207367,1.76057673,0.54346514,-2.64149666,0.89176083,1.42899501,1.03567529,0.19947886,1.07190919,-0.00755548,-1.34373391,2.06213951,0.57091463,-0.50306231,-0.63657677,-1.78429282,1.75352454,0.07450223,-0.92214668,-0.14339226,0.57852864,1.53240573,-1.48659694,-0.58140373,1.16392934,0.75863588,-0.12600933,1.0423013,0.31324834,-0.38965517,0.97057074,-0.39127564,0.70925367,1.29975736,0.06763834,-0.00430042,0.65438652,1.5019232,-0.56130672,-1.170784,-0.09535345,-1.07744217,0.00314856,-0.65417683,b'8'
1417,11.65427303,8.6491127,9.23698235,0.42496291,-3.67733288,-3.22945094,1.52275324,0.8223415,6.23406887,3.39609671,-0.20055342,2.30247068,0.0393436,-1.19136596,-4.46214294,3.23355198,1.8767252,0.34294808,1.06101,-1.07308555,1.59551501,0.80185997,-0.07693177,-3.84597349,-0.81546295,0.20679602,-0.0778634,1.74612021,0.70588732,0.47440076,-1.9791714,2.88177156,0.30926967,0.78393924,-1.0685122,-1.23971069,2.21764827,0.73326981,-1.43729436,-0.24545181,-2.66291666,0.12612917,-0.222045,1.00780153,1.45868647,-0.70199805,0.70701575,1.50059915,0.95875078,0.65035307,-0.71588272,1.06726289,-1.02985168,1.46302164,0.42339799,-0.98203444,-0.41340661,0.62078607,-0.61787134,-0.9394778,-0.7026968,-0.26936474,-0.10529816,-0.59697086,b'8'
1418,6.88271093,7.64618778,10.74774551,-1.45071459,-0.88194746,-8.50844765,-0.78813791,-0.47047222,11.87806034,-0.86728519,0.82986844,6.32837582,2.98722172,0.76504213,-1.32323837,2.79205275,1.37217546,-0.72948033,2.19629645,0.39103436,-1.27845669,0.08240718,0.41698289,0.09289742,-2.58208752,0.60669422,-2.0595839,-0.43141574,-0.39890957,0.24575162,-2.91277504,2.07130384,3.77321577,0.62091076,-0.618276,-1.06520808,-0.07875776,1.06185436,-1.30822408,-1.08367157,-0.58226484,1.10016906,-0.54389662,-0.23873448,-0.01759326,-1.35058343,0.94971371,-0.66476035,0.07230017,-1.14888203,0.90978366,0.41471884,1.09577417,1.03868794,-0.88986355,-0.05737317,0.26497173,-0.3584727,-1.05138016,-0.77339149,-1.23729002,-0.83587247,0.79564631,-0.59729517,b'8'
1419,13.3789854,-1.01339197,6.69518375,-2.88832188,0.41866481,2.44438696,-1.66174746,2.19247818,-4.80215979,1.97366881,-1.62730598,-1.43755603,-0.29573989,-1.70214224,1.26465607,-0.21687365,-1.27616739,-0.50458199,0.39706147,-1.58181238,2.70337915,-1.41886401,2.27289343,-0.09926057,2.55040026,0.68716794,1.41235995,-2.41242814,-0.04126167,0.25719357,-2.9247613,0.09706831,2.33224511,-0.58296162,0.75748658,-0.98077762,-0.31088543,1.93974054,1.24005246,0.23242664,-0.53478736,2.82213187,1.5633142,-0.33961004,-0.00319564,1.1770463,-0.20134108,-0.00644469,1.99241209,0.60133088,-0.08984803,-1.85012579,0.38630199,1.21090281,1.97167468,0.09552848,1.4058876,0.52313131,0.5198192,-1.82691693,-0.68118244,-0.02636498,0.17884308,0.37830868,b'8'
1420,8.09230804,-7.81886578,3.94413543,9.72177505,2.2769866,6.41720104,3.21778083,-3.50194573,1.07235312,-3.48806715,-4.44767714,-0.71000695,3.94397259,-3.58744264,0.64535928,-0.90220118,-1.59861064,3.5142529,-1.69265294,1.66128063,2.22488856,2.97872615,2.87601042,-1.36850071,-0.19460684,-0.15763897,-1.50472498,-0.80498332,-0.85335207,1.85385382,-3.15537024,0.67667675,0.2165745,-1.98895574,0.55141431,2.06823611,1.37291837,3.51196456,0.00863385,1.06448281,-0.86728442,0.74549264,-2.68833256,-1.43237627,-1.04491293,1.07699227,0.63386381,-0.17830014,-0.22683525,-0.41102377,1.28675807,0.34322935,0.92969751,1.19098997,0.41291583,-0.77530992,-1.3734746,1.96051025,-0.34799358,-1.02102888,1.36753333,-1.37809539,-0.96950728,0.18576506,b'8'
1421,6.98709059,-7.66419649,3.58856344,11.19587612,2.61740065,5.0473938,1.48766518,-4.28390884,0.48721266,-0.77530015,-4.92100334,-0.1820085,3.43791628,-3.31352329,2.20215702,0.56648302,-0.16485155,3.48020339,-0.51400179,1.66454434,1.12991333,2.73773098,3.36105013,-0.58315086,-0.26213524,0.52326232,-1.49075222,-0.5405162,-1.5031209,0.71782792,-3.77958488,1.48183966,0.65332878,-1.75279236,-0.15267658,-0.44021109,1.06569529,2.14118266,0.39089918,0.86688757,-0.22660476,0.46197882,-2.83359671,-2.55847335,-1.45351803,1.3116138,0.37039286,-0.03626251,-0.69085258,-0.81633526,0.35291469,0.23000544,2.4065094,1.74023128,0.4529874,-1.07394326,-1.41747093,0.323331,-0.32746601,-1.46945298,0.85708255,-2.27782607,-1.01562142,-0.957901,b'8'
1422,13.14650154,2.50414324,3.06776142,5.26399612,1.55631101,0.10894859,4.11275196,-3.0515554,1.53951359,3.62364912,-1.52410841,-3.82802939,4.09719467,-4.37331486,-0.32094765,1.5958066,-1.33883119,0.41452396,0.76970232,-0.82416701,4.83157015,2.09384489,1.71123648,-1.40949619,1.95923364,1.62356734,-0.69873768,-1.21889639,-0.16323614,-0.09948111,-2.69853354,1.73372459,0.5331257,0.16563177,-0.46645439,-0.0843766,1.16948247,4.397089,-0.13362801,-0.33827749,-1.91964817,1.26914537,-0.19247217,-1.55604148,-1.93226707,0.28032169,0.78839439,-0.5001452,-0.03587113,-1.47526324,1.4346596,-0.99682593,0.59709561,2.0978651,0.94458902,-1.67063165,0.2975235,1.05973101,1.03492045,-1.10751009,-1.40802658,-0.535878,1.6469301,-2.00426269,b'8'
1423,10.13695335,5.47066402,11.39766216,0.88085973,1.4950496,-1.73789883,-1.92254734,1.40151858,13.43988228,-2.76281857,-0.28761292,1.42373848,0.42380303,-2.92464232,1.33356762,1.07548022,1.58348799,-0.37190962,3.937186,2.1579051,-0.36051476,-1.13996744,1.19034731,-3.12829971,0.11981088,2.41266322,-1.34143329,2.45327377,0.53068757,1.61924565,-1.95154274,2.51554871,2.83060265,-0.65197819,-1.2936902,2.60988021,-0.74340737,1.30814481,0.30380976,-0.30493575,-0.37844855,-0.4554522,-1.20476675,-0.61672813,-1.70328391,0.57805324,1.84689236,0.93505275,0.31804633,-0.43673494,1.67691243,0.13962957,1.0652988,0.63062412,0.37963879,1.21269083,0.4570992,0.73556578,0.1071713,0.59406042,-1.5059042,-2.0994904,-0.42358539,-1.58266735,b'8'
1424,3.16304159,-13.65122795,3.36642718,11.81584263,-0.13602602,3.2783463,0.14948773,-4.25471497,1.18457484,-1.77459478,-3.22184277,-0.38158154,1.82594752,0.1369459,0.59993744,-1.18466949,-2.5019331,2.6694665,-1.59070086,1.33667135,1.83436847,1.78472114,2.44688129,-0.25875401,-0.51467472,0.07776463,-0.12772736,-0.87639713,-1.48007965,2.52040386,-2.22244978,1.68461657,0.73626888,-1.17033815,0.07502228,-0.85481334,-1.40184402,2.05568099,0.21312594,2.63812089,0.85983336,0.75692856,-1.14928246,-2.22486043,-1.88538945,-0.81282872,2.28768682,-0.84929299,-1.15133989,-0.80011606,2.4866755,-2.00406075,-0.88808894,0.92747188,-0.50444537,-1.66210508,0.51918745,1.79625082,-0.37348452,-0.97846103,0.13596563,-1.56470942,-0.06929654,-1.02254939,b'8'
1425,11.45331478,-7.03643894,4.45394135,-2.55127072,-0.97416109,0.98343223,-1.59432745,3.03803706,-3.66366434,0.24350977,-1.72770214,-3.64703822,2.17005396,-3.209903,0.62272453,-1.07289457,0.31796217,1.79841876,-1.82125807,0.87555933,5.08596468,-1.86151361,3.28014541,0.36359167,3.89764309,-0.84857315,2.23378611,-1.48697865,0.41179013,-1.23063207,-3.16330814,1.32184982,1.49347651,-0.33279711,0.66012692,-1.38445246,0.63283348,2.84683061,0.5196557,-0.29336029,-0.96552658,1.65249085,0.0546405,-2.44288731,-1.92876351,0.53718984,-0.14837362,0.67255473,0.27141365,-0.24822536,1.42556965,-1.41673446,0.20118451,1.05111313,-0.51477283,-2.34305096,0.7436192,0.75958866,0.20003355,-1.43510246,-0.75094455,-0.99674433,0.62347889,-1.06309164,b'8'
1426,12.11483192,0.1530683,2.85021496,4.26677561,-0.30225044,1.83120608,4.10876465,-2.54407692,0.696805,3.24944949,-3.14172983,-6.34008503,4.77933693,-3.61534762,-1.82457685,-1.12278867,0.26290441,-0.14779079,0.5595721,1.14938402,5.73299265,1.55028617,1.80048823,-1.88294828,1.88616526,1.30073297,0.41099012,-0.09426683,2.21754456,-0.16889423,-1.36693656,1.33184147,0.74694407,-0.12084669,-0.13109303,-0.91094816,1.63184905,3.72523212,1.15525019,0.7799691,-1.07235253,0.90011412,0.11853832,-1.90971804,-1.72250879,0.08374444,1.03706634,-0.84336686,1.1077733,0.14692408,1.2319243,-1.21639812,-0.11098194,0.94872153,0.55367196,-2.22999501,-0.95330358,1.11687076,-0.54511178,-0.91251922,-0.82561517,-0.89899611,0.28559232,-1.69488263,b'8'
1427,13.755723,1.68502808,8.10652351,-1.0144093,-0.4361878,-0.39891458,1.68753409,0.02635288,-1.73506689,4.29671717,-2.07964706,-1.51766801,1.91478503,-1.50286889,-0.58622742,0.21374512,-0.91380173,-1.20112967,2.34531069,-1.41062677,4.65228224,0.44205871,1.79690409,0.11952949,2.8317709,-0.33954185,-0.22238493,-2.35863304,1.53781533,0.53667736,-3.73475075,-0.81830323,0.723746,-0.33774382,0.35873914,-3.04505301,0.27035356,3.63518214,-0.76811111,0.00518012,-0.9880541,3.14882112,-0.631639,-0.94193715,-0.36361694,0.23266658,-0.55600739,0.43634915,2.276474,0.99126482,1.25946808,-0.30091858,1.6520282,0.97225201,-0.90653259,-0.93481404,1.40223193,0.36568147,-0.41904011,-1.38291919,0.28925502,-1.0524776,0.78246629,-1.37745106,b'8'
1428,9.56240082,-5.21453905,2.16519904,3.44365072,-0.67953283,3.85852551,-0.43497944,-3.46964812,-5.64467669,2.68643141,-4.09515285,1.49355793,1.44323778,-2.18712974,4.58550978,1.76204765,0.74191403,2.26868987,0.88706589,1.04233646,3.79462934,-1.81672502,3.9249599,3.35728884,0.61925972,4.12095165,0.28527915,-2.24727583,-0.39685678,2.18508625,-3.42944479,-2.26708245,-0.11230204,-2.3965292,0.91928381,-1.59373844,-0.59267032,2.2114687,-0.97505534,0.08747548,-1.70166492,2.21602488,0.38259122,-1.88892233,-0.24322963,1.14177036,0.47934479,0.43887496,1.87984467,-1.10914719,2.83551812,-1.22082067,1.18481767,1.12940824,0.48725921,0.43060386,-0.0676527,0.75394279,-0.18218032,-0.04132891,1.7874769,0.8148188,0.91486001,-1.92706466,b'8'
1429,11.85186768,6.79603291,5.97639751,-3.88495827,1.14963782,-4.96253872,0.60539579,-0.14100337,-0.46769476,4.13382721,-2.12473536,2.95397162,-0.64430642,1.009799,0.35279179,1.86725914,-2.69768667,-4.4970417,1.4644928,-2.41823745,3.74799705,0.3075394,0.74684966,0.61150599,1.20572531,1.37157655,0.95914578,-1.22497892,1.06178784,-0.3262369,-2.98221588,-0.11077595,2.5790801,0.06315833,-0.14025545,-2.00901628,1.1547308,3.32721305,-0.37975705,1.67954254,-1.43831038,3.25497842,-0.21530806,-0.54094321,-0.74731541,0.67498046,1.43377912,1.87222123,1.89200258,0.79636908,-0.10125344,-0.50806391,0.74010253,2.07686043,1.04452753,0.36578286,2.06820059,-0.85822141,0.02227724,-0.7106657,0.09334598,-1.49834609,-0.63621527,-2.28554964,b'8'
1430,13.09267807,4.51341724,6.020648,1.07022011,-1.19652009,-0.05783546,0.99390984,-0.45914674,-0.72128963,4.37425947,-2.57478523,-3.10356832,0.33880174,-1.12881935,-0.22289085,1.60960627,-0.37348926,-0.084203,2.42508054,-1.58585238,4.41516352,0.32814157,1.66411424,-0.5909965,2.56087446,1.04427028,0.46200114,-1.58748913,0.68559957,1.87500918,-2.98828411,-0.68480718,-0.29247075,-0.24318427,-1.11693597,-2.39533329,0.15796852,1.60027134,-1.06395638,-0.0050441,-0.79214627,2.6184845,-0.00647242,-1.4924264,-0.78853619,0.48649383,0.31012303,0.37359738,1.90619326,-0.83064836,1.68761945,-0.12451804,2.1790421,-0.42807937,-0.67483324,-1.19230175,1.72068846,0.72353613,0.24067891,-1.05322301,-0.45361316,-0.18126962,0.08249873,-0.52738047,b'8'
1431,12.64488125,-1.83466053,4.22206736,4.32097149,1.82023036,1.59735596,2.80613136,-4.29831696,-2.77846241,2.84372306,-2.99215031,-1.41658759,3.77302861,-3.1216054,2.54810858,1.23120379,0.57392979,-0.68404979,1.8100841,1.09160161,3.80015278,-0.60549086,2.88739705,0.97196722,1.71315467,1.21310389,-2.33863831,-1.97223973,0.70480204,1.86621201,-3.57358551,-0.13933325,0.04064123,0.03845078,-1.2977953,-0.56244576,0.22555518,4.41193533,-1.13953602,0.48489004,-1.01297522,1.96186781,-0.23741324,-2.40389013,-2.39720535,1.67678845,0.10079536,0.19555974,1.32643175,-1.9596051,1.31090498,-0.4909122,1.66425347,1.25155616,-0.16502053,-2.25525665,0.84429038,0.85400856,-0.17917043,-0.91075164,-0.26349053,-1.86057711,1.52276695,-1.02091837,b'8'
1432,11.68455219,6.18383789,9.09674072,-2.18476224,0.16542184,-4.53450584,3.09355164,2.0351541,5.31221485,4.2775116,-1.63766384,4.23313665,-0.1126163,0.64298856,-3.3957448,0.82271373,0.04480958,-2.06449986,1.70064497,-2.94773293,0.97669631,0.68133104,-0.25620988,0.01428604,0.0046283,-1.48564267,1.04123175,-0.0993287,-1.17785835,-1.48417068,-4.12877893,-0.34070253,3.01205802,-0.91502494,0.36164844,-1.83765233,0.18521833,1.15672731,-1.17851532,0.17952406,-1.61716998,1.9518317,0.92175931,0.86316186,-0.10121381,-1.15654588,-0.33070827,0.01533985,2.21413946,0.43906689,0.55229294,1.57090259,0.92112112,1.93018603,0.75702643,-0.68782228,0.81506705,0.30181456,-0.1957497,-2.05566883,0.44966143,-1.16047692,0.03507441,-1.52605236,b'8'
1433,14.23774624,2.05336475,9.20635986,0.53451443,-4.05551386,1.5569526,-0.26087618,1.69144428,-0.29858541,3.18210649,-1.27423811,-0.46128583,1.38442969,-2.40495014,-2.58563614,2.5816083,2.73503375,0.6632241,2.45144749,0.16751814,3.89778185,1.39673114,2.20064044,-1.06016004,0.22356582,-0.38227025,-1.17164588,0.95511019,1.65282083,0.57291603,-1.67076051,0.05385256,-1.17964554,-0.89749414,-1.09971571,-2.31631827,1.36309814,0.85016286,-0.74973428,-0.09094563,-0.5831129,0.77241737,-1.10201764,-0.4668048,0.02480841,0.77043647,0.68378657,0.25477004,0.38993329,0.29245597,0.27789688,1.26982367,0.72000968,0.7792567,-0.25232714,-1.07194924,1.32732928,0.22723112,-0.01236933,-0.704647,-1.43327379,-2.79265165,0.35464382,0.26545021,b'8'
1434,12.31278706,9.2802124,6.75893831,0.25365314,-1.27920032,-0.64274144,-3.36540699,0.45299244,5.33787918,0.25018668,0.19763041,-1.18232322,2.83522654,0.86855674,-2.03574133,3.27130222,-1.39380848,-0.93007296,2.49075937,-1.33670187,1.67990172,1.44248652,0.44948015,-0.53926349,0.11581725,1.52644563,-0.32621539,1.02714205,0.36960149,-0.82310349,-0.56637704,2.87485933,1.04060137,0.1852206,-0.57270086,-2.5586803,2.56259894,-0.09842616,-0.09065259,-1.00155985,0.01140022,-0.49476802,-0.14995621,-0.99473047,1.51475763,-0.51239324,1.20203555,1.48417652,1.54617906,0.18956131,1.39464629,-0.18034154,0.69545722,1.19123304,0.80072653,-0.29779947,1.34505761,1.56189406,-0.01739174,-1.13987851,-0.57087475,-1.37437487,0.70053291,-1.29496145,b'8'
1435,10.36808872,-6.16197395,4.87600851,-0.68825579,-1.69111395,1.26690352,1.36830401,-0.66575789,-5.08578253,2.79925156,-2.65066051,-1.13323998,6.19167709,-1.78064036,0.20719194,-1.89964294,2.73606849,-0.18514448,0.56829274,1.84906483,3.85576272,-1.96135807,3.24928164,3.18188667,1.5802294,-0.70683461,1.26313484,-1.13775504,2.08471489,1.10165942,-3.13256073,0.72220302,3.33677292,0.34500533,-0.25002038,-1.71292317,0.31301427,3.22130966,0.66579127,-0.50866741,-0.60978287,-0.05898841,1.3426404,-2.65626287,-2.00219297,-0.58019269,1.65359175,0.63366389,2.7218821,-1.09839189,0.35707802,-1.14776707,0.30827999,2.12302685,0.35789597,-0.98214793,0.3884089,1.87812257,-0.17461574,-0.64491636,0.02125059,-0.78023338,-0.04269177,-2.70422697,b'8'
1436,0.02865684,-12.43686581,3.77649331,12.91740322,0.67938113,5.56528187,2.58689427,-1.63177872,3.39422178,-2.14172363,-4.42609215,1.3964293,4.13494778,-0.38719666,-0.61186409,-1.8897922,-1.99590695,4.76413631,-1.99063241,0.57889271,2.35885406,2.36573076,1.37496233,0.03888702,-0.22792977,0.65553188,0.00176644,1.14686775,-1.9501152,1.12091017,-2.72842789,1.74484968,3.03983831,-1.69514966,1.29829216,1.480497,1.1752193,2.38264704,-0.10241127,2.32073379,0.87766528,0.22668365,-1.50663245,-1.36310756,-1.22396648,-0.1038426,1.86054611,-1.72756553,0.43105811,0.75346768,0.27070785,-0.70266819,0.19432235,0.53777272,0.02900243,0.45793939,0.91762638,0.2208816,-0.20205697,-1.32334137,-0.29678771,0.23293757,0.71445549,-1.26437449,b'8'
1437,0.68275082,-14.16602993,4.7103157,3.08877611,3.92046022,1.71452057,0.34517646,-1.73778057,-1.20089197,-0.4794006,-6.5738039,4.92515039,1.4056859,0.46626872,1.52663231,-3.96858931,-0.29590201,3.86678433,-4.33461714,1.43171,-0.59903044,-1.78223991,1.03779185,-0.19017863,-2.54658318,-1.2762183,0.77818954,-1.34011292,-2.91764593,2.29869795,-3.42201424,0.79481959,3.11435366,-3.8363328,0.47739759,2.01087499,-1.65379214,-0.23982805,-0.73154461,1.62285924,-2.44700956,-0.64870793,0.28008765,-2.05857229,-1.01763594,0.74816221,-0.14734571,-0.80628943,-0.91321957,-0.98314989,1.20650685,-0.94811487,0.4506011,0.99224985,-0.17076296,-0.55790412,1.07681882,0.92411363,0.40524632,0.46607792,0.72820473,0.9413268,1.24256885,0.17619765,b'8'
1438,11.22323418,3.28556538,7.14420319,4.09230185,-1.16045046,3.35971665,1.25122905,2.1751585,2.16714168,2.33088613,1.07321095,-1.61085296,1.13538694,0.29072136,-6.73436832,2.60084152,0.70188284,-3.88537598,1.15691388,-0.85216796,2.75993919,-1.19261551,1.21859777,-1.30806553,0.35863137,2.93737912,2.30751991,-0.37184644,1.11564636,0.22415042,-4.53095627,1.84487677,-0.02660593,-0.35942227,-1.80679464,-1.05847108,1.44425774,0.46198642,0.85007817,-0.1025421,-0.81764925,0.88479066,-0.57981539,1.29714799,0.93777442,-1.04806161,-0.33597046,1.10829377,2.49965763,1.20410049,0.51123583,-1.50783372,1.28859508,1.3290571,0.29553503,-2.61623812,1.43408179,0.31913131,0.04095042,-1.83181357,-1.68451428,-0.65985084,0.98068082,-0.75269729,b'8'
1439,15.11771011,-5.6562891,7.30150938,1.37219954,-2.68742013,3.97322321,0.39064193,-0.96943951,-2.96942091,0.21540564,-0.38717794,-1.19604325,3.33838534,-0.05756833,0.59326243,0.63248646,-2.27713537,-0.04714984,0.53459167,-0.24147272,2.06024027,0.28947097,3.73193574,1.49162531,1.28937399,0.4958635,-0.61628133,-2.18251991,0.80685139,0.16888797,-3.06341219,-0.93905187,0.164015,0.36256707,-0.29200697,-1.96129072,0.46746182,2.61165404,-0.26787996,0.29610574,-0.77615917,3.50302911,-1.58747244,1.45117736,-1.873999,-0.10130548,-1.35570872,0.55024028,2.75642014,-0.97372544,0.44232225,-0.10179555,1.50036597,0.89312404,-0.38102609,-0.89804065,0.46500683,0.23734836,0.76735181,-1.79734087,1.27399516,-1.69595933,-0.70627576,-2.30874562,b'8'
1440,14.32647705,-0.9122355,4.92132092,3.41488242,-2.15736771,3.96751738,0.97028589,-0.15252006,-0.69652128,3.20985866,-1.57410765,-3.34587026,4.89888573,-2.36372399,-2.47044802,0.8510499,0.07165992,1.20300984,2.18064857,0.81854963,3.46804309,1.05868113,1.57652044,0.46051693,1.95614183,0.55478781,0.50439996,-0.33318335,1.222821,-0.9121623,-1.35253847,1.65606308,-0.68581724,-0.10559374,-1.37492299,-2.62771893,1.02612734,-0.00033283,0.39449787,-0.48160884,0.29443455,1.50692725,-0.65812439,0.25629449,-0.78464055,-1.16455102,-1.03899133,0.34778285,0.1059635,0.43290746,0.61845928,-0.00618267,1.3183558,0.55300915,1.18134928,-0.1791786,0.40467381,0.13287136,1.18646121,-2.14961219,-0.51766908,-0.87901443,0.2177546,-0.88781983,b'8'
1441,8.67800331,-9.76307869,2.95986652,2.27202487,3.1317029,3.03457403,0.44590521,-3.71806645,-5.20469046,0.49636674,-5.34178448,1.5045557,2.73058414,-2.38766479,4.75759506,-0.74815297,-0.52422655,0.45338905,-1.07597411,2.12592173,3.37031889,-2.03329539,4.39757109,1.09753323,0.66761816,2.70484829,-1.12940693,-2.1959517,0.49955082,1.97774613,-3.99096537,-0.98355401,1.54375172,-0.87402219,1.22924149,0.22877623,0.41697502,3.7377255,0.75318962,2.13000345,-1.88699436,1.28829527,-0.49087453,-1.86751628,-1.63744843,2.31723046,1.70274508,0.36831355,0.27432117,-1.25741863,0.83149415,-0.89180398,0.55221391,1.21156347,0.81708473,-0.32205543,-0.11705756,0.15206936,-0.73745775,1.00541937,0.22348969,-0.73930812,0.68788719,-1.22419858,b'8'
1442,9.81794262,-6.74582577,3.33166075,6.83621311,-0.51443452,2.41695833,1.59908748,-4.49149609,-0.95257282,0.47272021,-4.48596811,-3.42342448,5.67472744,-2.52280545,1.25810957,-0.95078111,0.71469045,2.74310374,1.28977251,3.65579748,3.68608451,0.13264489,3.82541394,0.29412246,-0.18434808,2.80836034,-1.68369579,-0.92636585,0.76828122,0.8955332,-2.43410254,0.43563104,1.20954049,0.07931507,-1.63981509,-0.47964147,0.16960549,1.65854228,0.07391536,0.59648156,0.31245959,0.27977499,-0.30917585,-2.68440557,-2.61884594,0.98755431,1.68319011,-0.8122623,0.41273975,-1.33118343,1.76274109,-0.61250091,1.07887495,1.2211802,0.46479273,-1.62042809,0.22060752,0.70128793,0.46846956,-0.83956355,-1.19548976,-1.31907797,0.97063386,-0.85599428,b'8'
1443,4.97011232,-10.13485146,3.25666499,10.86199951,1.33802474,4.22257757,0.07126951,-4.18672276,-0.59997416,-0.97217512,-5.51651287,0.36463308,2.11292839,-1.37610781,1.76805544,0.54422975,-0.38982892,3.51989865,-0.28872344,2.89445448,2.27199364,0.33853292,2.63777566,1.00592566,-0.45571211,0.71227682,-1.34367669,-0.90985239,-1.25523901,2.85061073,-3.4575758,-0.05213833,-0.29574138,-1.34973216,-1.15767455,-0.48780265,-0.29661441,1.54196525,-0.3360163,1.50067329,0.19763339,0.98304856,-2.64710188,-3.06753945,-1.10550177,-0.28590184,0.42537427,-0.36592889,-1.48861027,-1.30001426,1.04662526,-0.10934412,1.52694869,0.17097628,-0.4796173,-0.89148968,1.03595328,0.58286941,-0.36504412,0.01502073,-0.41911525,-1.40448856,-0.22264355,-0.46645382,b'8'
1444,4.6774497,-7.92097139,3.02620316,3.44207263,4.36733961,4.37221766,0.65001106,-1.94208813,-4.85629606,-2.48999381,-6.50641346,2.34137869,5.05857563,-3.69261146,3.71854162,-2.80736637,1.44950414,2.64069295,-4.84863091,0.97901297,2.50676036,-2.36339355,2.06807375,-0.94878852,-1.00685608,-2.1603334,-0.05826169,-3.70663023,-1.08754683,2.85416412,-3.40726852,-0.78911221,0.91102988,-3.02121162,1.61341488,1.25946164,0.86218333,1.28953826,-0.11928988,2.04844451,-0.70297688,-0.59061813,-0.83040363,-3.96347928,-1.29105294,0.10515843,0.37601709,-0.3444128,0.57391161,0.42701316,-0.53702158,-0.85623574,1.83996224,0.84325099,0.16327482,-0.31723988,-0.63877487,0.60284424,-0.10251212,-0.4532302,0.32681787,0.75535089,1.18323398,0.47729009,b'8'
1445,11.21447182,-0.14850831,2.58716464,7.85953903,1.71094668,4.03277493,3.0087204,-4.1817627,-1.02083206,1.25619996,-3.52836132,-2.49683499,4.56575108,-4.27920341,0.33963442,2.03989339,-1.68499112,1.54860568,-0.07518816,-0.06110501,3.7547605,2.4918437,3.3268764,-0.99368644,0.19432843,1.93835163,0.58100915,-0.77139574,-0.14170647,1.44584239,-3.60724497,1.19985747,-0.54752636,-1.6065762,-1.03437638,-0.32008281,1.75294709,2.36319327,0.21154487,0.40824521,-2.18987966,0.56837261,-0.37750852,-1.34989262,-2.25316954,1.29511309,-1.10956156,0.92429709,-0.04394552,-0.90654022,1.68718886,0.25700915,0.92839587,2.66494179,-0.62513381,-1.29761624,0.26750255,1.14594412,-0.19046912,-1.48209381,-0.97155923,-1.56665897,0.56463504,-0.90106547,b'8'
1446,12.37044621,5.70428276,9.18778801,0.43787888,-1.6988647,3.07853556,-2.78543806,2.93737316,9.78665924,-0.73511666,0.07509756,-1.17825007,1.17324984,-2.66441083,-0.93048668,1.27260423,-1.70063496,1.16868615,2.02157235,0.56777763,-1.96225357,0.09262156,-1.07853973,-3.06984735,2.29671431,1.50430632,0.00408193,1.56297445,-0.70229006,-0.27272075,-1.61438549,2.6897769,2.71082544,-1.43939877,1.51925504,1.6506449,-0.43516517,-0.34825605,1.97611606,-0.45542514,-0.26057118,-0.22439288,0.27208599,0.00826191,1.45102811,-0.6441294,-1.43856812,1.59818459,0.07668006,-0.72333777,0.38851437,0.32702473,0.32336736,-0.68345332,-0.13494188,1.45001483,0.68561339,0.46754736,0.30047661,1.23427284,-0.1553061,1.92484164,1.04664719,0.91231692,b'8'
1447,10.23061562,-4.37902784,2.32628226,5.38168192,-0.94855702,3.43421459,-0.86753416,-3.4854629,-2.87254715,3.14306355,-4.45366144,-2.67465711,3.18726969,-2.1624608,3.11633062,0.83149254,2.18975472,3.07450795,0.23413587,2.91127396,4.53870678,-2.10839152,2.43227482,1.18535376,-0.0335238,1.08981252,-1.62505972,-0.94761664,-0.8315897,2.09374142,-0.96905339,0.39896655,-0.86801648,-0.74398273,-0.35086918,-1.23182285,-2.16861582,1.24385214,-1.64073479,0.34735674,-0.42362982,-0.07515283,-0.81385446,-4.42320681,-0.36395085,1.63934386,0.72650576,-0.7052362,1.90095282,-1.41859412,2.33833432,-0.3169173,1.22659481,-0.6320076,1.27628469,-2.10987616,0.71388102,0.31215626,0.17163026,-0.67001832,-0.42243373,0.13258046,-0.02056432,-0.65585059,b'8'
1448,11.57724857,5.70047092,12.28868771,-0.16495813,-1.78152132,0.03438234,-0.00723362,1.77277529,10.62612915,0.37447047,-2.30381823,1.83096814,0.11169112,-1.61290574,-2.97660875,0.94275808,2.49389243,-0.08273906,2.25521326,0.88508964,2.28583717,0.7709862,1.96972227,-4.61444712,-0.36319447,0.93728387,-0.35587928,1.13510656,0.33047009,0.65059829,-3.4534049,2.96680784,1.32679248,-0.25327402,0.42263383,-0.40184703,1.37619233,-0.1971392,-0.11194122,0.18335682,-0.51412416,0.15259333,-0.11193281,0.72733831,0.17416173,-0.40127975,0.82284671,0.53819335,-0.62349951,0.64922214,0.85601783,0.96539128,1.84347808,1.62250257,0.95334679,-0.78780305,-0.46210575,-0.21868049,-0.64099026,-0.39327872,-1.02684855,-0.52496153,-0.96056163,-1.74795604,b'8'
1449,6.51731586,-11.59475994,1.19619119,-3.03252864,6.08710814,1.70947039,1.23813534,-1.62053466,-4.55604792,-1.03454721,-5.0114522,0.66813517,4.9879179,-1.02610087,2.30375433,-2.26708126,-0.53277922,2.73675585,-3.61711311,3.86828756,2.03594899,0.77559334,2.33524656,-0.43468404,0.16103637,2.99613595,-2.10365295,-0.7351191,-1.34956121,-0.66697669,-1.70905411,0.32249379,1.42320728,-1.04964471,0.91431606,1.47465706,-0.96283007,1.5610888,0.1051724,1.44630063,0.17271125,-1.79573524,-0.90076637,-3.17386484,-2.79997492,0.71487892,1.41799998,-3.34393144,-0.42544255,-1.70656145,0.66448158,0.54286236,1.56761646,1.62945259,0.96164501,-0.89765978,1.05381572,1.82494259,0.67437321,-0.57742864,0.97763723,0.46468478,1.04028165,-0.42352191,b'8'
1450,12.72216225,-2.50126457,4.54191399,5.14563179,-1.68111801,3.75367451,-0.7378974,-4.07304668,-3.04272509,1.36869705,-3.24281645,-2.11665988,1.04700863,-2.17674279,0.62395287,1.73951459,-0.43702066,1.54879451,1.42935634,1.12173009,4.96179247,2.77137542,3.48613429,0.17399144,0.55017698,0.95493287,-1.10644555,-0.49091101,1.24047875,-0.97169214,-2.91982937,-0.79475892,-0.07041326,-0.85282665,-1.91121459,-2.19777036,-0.6153791,2.14054155,-1.1714133,-0.67481637,-2.10001612,1.36699069,-1.07886589,-0.452281,-1.32908618,0.96969914,-0.6198175,0.65700269,0.608859,-0.50475621,1.73153102,0.48141375,2.09243345,0.47536492,-0.14862102,-1.0853281,-0.10753584,-0.22513555,0.77537209,-0.93372697,-1.43841302,-1.26780963,0.68224072,-1.36958635,b'8'
1451,14.66726494,1.78138876,7.42298603,1.44338179,-4.72788239,3.86349344,-2.27573538,2.34076262,0.85122204,0.84255528,-0.3197844,-1.72006154,-0.39515305,-1.68437004,-0.6611433,2.49148512,1.28633046,0.98663533,2.50514531,-0.45516956,2.10020304,1.49839067,2.36717272,-1.13431144,0.33315825,2.88545847,0.01128048,0.84771264,0.00512123,-0.00473762,-0.95904624,1.37385225,0.6500755,-1.65151882,-1.00362074,-1.73059523,0.58437109,-0.73251992,-1.51928842,-1.14848936,0.52841914,1.57327056,-0.84496349,0.10628004,1.16666377,1.79794037,0.41705292,0.50557446,0.21851593,0.42847621,0.08560918,-0.98850334,0.30816007,0.34092498,-0.17123693,0.30036819,1.69836497,0.68488306,0.02316189,-1.73215079,-0.25546828,-1.36884582,-0.23517388,1.59477711,b'8'
1452,13.46637154,1.73729992,10.5813036,-0.09083211,-3.16065121,-0.63665116,0.69547391,4.27622414,5.65719748,-0.37045348,-1.56621981,-1.70903039,0.35516274,-2.34905672,-5.20770454,-1.20120358,-0.17847705,-0.32437706,3.43191504,-1.59563363,2.64098287,2.89883161,2.10497618,-3.96062565,-0.20263651,0.58077455,-0.22842708,0.33323801,0.97713614,-0.60774523,-2.49828053,0.00812149,0.64844632,-0.51851171,-0.29161012,0.66699982,1.73791385,0.37881714,0.22535026,0.16107535,-0.33206618,0.21705362,-0.50260037,2.3943696,0.3804301,1.57400429,0.6199832,-0.56049156,-0.71684349,0.78613305,0.41894919,0.36351022,-0.94050884,1.48025203,0.10505968,-0.65677071,-1.20864964,0.06622801,-0.08760089,-0.56846797,0.97235686,-0.7218135,0.18971837,-0.87770224,b'8'
1453,11.14003372,-7.50282717,3.79838753,6.70883274,-1.64018321,3.33783722,-1.12289762,-4.46434021,-3.52112722,-0.45787549,-3.06755877,-2.59596944,0.89979339,-0.8792454,2.44995832,2.34478903,-0.93240029,2.37570953,0.60002697,1.53209805,3.44029164,0.97250324,3.53547835,0.85015082,0.14178818,1.5052197,-1.29118967,-1.16212034,0.31795001,0.80529523,-2.89249992,-1.25350988,-0.63338768,-0.87445062,-1.66153693,-1.86749923,0.46341586,2.00937033,-0.30537331,0.86781061,-1.70776796,2.8522799,-1.90792549,-0.43163055,-0.19785082,0.3674041,-0.44587702,0.48049295,0.43601692,-1.09270942,1.56785226,1.30891657,1.30316126,0.5323,-1.89941025,-2.0831244,-0.45702004,0.71830672,-0.77074158,-0.14751399,-0.95549124,-0.79487562,0.41912913,-1.26510048,b'8'
1454,9.27313232,-4.46473742,2.08546829,8.56015778,1.03499901,5.81876183,0.89353824,-3.91283154,-0.24452496,2.35017681,-1.13343644,-2.42760634,3.77059579,-2.6452322,3.41466928,-0.91241622,2.23139834,3.69509816,1.00284338,1.44586635,0.99375713,-0.35109586,1.49823356,-0.63058591,0.46485436,4.14754486,-0.70364088,-0.95639795,-2.86884594,2.56516552,-2.14963722,1.13187885,-0.31651211,-2.01023626,-0.91218829,0.06103039,1.3613224,1.18899679,0.39968419,1.39255404,-0.09583902,2.65608287,-0.22791059,-3.54531527,-1.12074053,2.72763276,0.64544743,-1.01437354,-1.44222975,-0.66038644,1.76607955,-1.3697567,3.25962496,0.69216305,0.12061661,-0.62965935,-0.1668818,0.919155,0.03371745,-0.50418335,1.1906898,0.24659914,-0.43276334,0.95047003,b'8'
1455,12.49996853,7.42970562,10.46400452,0.04391214,-1.83783984,-0.9082768,-2.89611435,1.5128026,5.90950203,-0.24329406,0.2792635,0.35354352,0.12926698,-0.95436114,-1.38805866,3.84030128,-0.41395712,-2.10201645,3.71944308,-0.22499347,1.20639968,0.76308376,1.85355914,-0.32987094,-0.73901099,1.72146988,0.02184743,0.56321383,0.9945085,-1.40720344,-1.48175037,2.25557947,0.79220188,-0.06787974,-0.74803412,-1.99226415,1.70748782,0.79733443,-0.8991946,-1.80758226,-0.44761181,-0.71277142,-0.95932829,-0.08311141,-0.02725649,0.04514453,0.2895878,1.7817589,0.25248307,-1.33851886,1.00096476,0.68661624,-0.76153493,2.43435764,-0.67248791,-0.27159393,0.63377929,0.73672438,0.23201162,-0.5068596,-1.69785345,-0.55608767,1.16029406,-1.84105015,b'8'
1456,14.9500618,3.88165236,7.7758069,1.61468065,-3.49585438,2.08430576,-3.67622089,2.06186867,1.42749739,1.28171134,0.87715447,-0.81806636,-0.92817569,-1.50356424,-0.00322342,3.70625067,-0.29712963,2.04904222,2.50032139,-1.31522489,2.49411583,0.59868693,1.60510468,-1.56966949,-0.87366855,1.35240483,-0.18957758,1.09315014,-1.28512239,-0.13636899,-0.30047643,2.37191582,-0.29521471,-0.15770656,-1.01591778,-2.44232035,1.47055459,-1.48963976,-0.8445276,-0.32173792,-1.05502689,0.5135923,-1.08375859,-0.79136652,0.64244413,0.87609839,0.22421148,0.49571121,0.64979428,-0.13540155,-0.39990199,-0.97083271,-0.251302,0.65094209,0.96330857,-0.12733787,2.64844108,0.70227695,-0.20693401,-1.36882257,-0.86530846,-0.2818265,0.89220977,1.44768476,b'8'
1457,11.55216217,4.20227194,11.02147961,-4.46441412,1.85521448,-3.43349147,0.16141868,2.84828711,3.37682557,2.69581389,-2.42921209,2.42924738,0.20453322,1.66116464,-1.77801847,-1.61165571,-3.12940216,-2.43186903,1.95595384,-3.84634542,1.42117548,-0.32523698,2.17691469,-0.32819772,0.5229845,0.45442027,1.83020294,-1.2540307,0.26040268,0.04989827,-3.50373363,0.21148872,2.76363516,-1.23312783,-0.34262884,-1.77746546,0.3448956,0.29030341,-0.4594022,0.89365697,-2.0230062,1.96739841,1.17761922,1.25463033,1.05708766,0.19472471,0.04116008,1.66158223,1.84178853,1.58267939,0.59203154,-0.44492507,0.26806498,0.36769485,-0.31088167,0.01084614,1.19808602,0.06219185,-0.16410756,-2.08996773,0.31600988,-0.17431515,0.62172019,-0.79271525,b'8'
1458,7.23191214,-10.83611965,1.40854502,9.29976463,-0.88196552,3.64481187,2.75739765,-3.59543109,-0.33251667,-3.03939748,-2.03051758,-3.25358319,4.10845089,-1.61450469,0.31948328,-0.94722295,-3.96793175,2.74861622,-1.1406765,3.85936213,1.77882028,0.68125665,2.44967532,-1.20633185,-1.49318802,1.62039292,0.03403267,-1.33472097,-2.96842337,1.62969458,-3.20231485,0.21010327,0.36087018,-1.84355235,1.57774115,-0.61560726,1.78226447,0.92236173,1.17340779,0.58947432,-0.61392015,0.72935367,-1.08765674,-2.0522666,-0.54482806,1.06238616,0.6583069,-0.41253257,-0.36903459,-0.2020689,2.27147913,-1.43914437,1.4163878,0.97276652,-0.3421461,-1.26116276,-0.59171891,1.356336,-1.23738861,-1.00251031,1.03304827,-0.07039455,0.57222891,-0.8130191,b'8'
1459,13.89273071,-6.34067678,6.38127375,2.87179971,-5.80826569,2.64145088,-0.48060846,0.16154277,-1.43865728,0.94792163,-0.60986352,-3.00637746,4.04096031,-1.31547046,-0.06254482,1.76125038,1.63206911,3.5228436,2.03935194,1.79667139,2.72191143,2.47857547,3.12966251,1.13514471,0.92922401,1.43829143,-1.54452634,-0.34028387,0.57463002,-1.31644368,-1.50751722,-0.36864638,1.88464606,-1.13425779,-0.86761725,-1.05146015,1.14161062,0.56732142,0.34502828,-0.42322239,0.41830575,1.28084803,-2.33202863,0.07561938,-0.72583652,-0.16832423,0.93778485,0.77789593,0.54466492,0.62382174,1.0322746,0.0193854,0.80646718,0.26259744,-1.6722126,-0.32154751,0.79342258,1.04245067,1.30127168,-1.05773437,-0.4444865,-0.83860105,-0.04445249,-1.97264338,b'8'
1460,10.14482403,-3.32546878,3.68602657,1.56715119,6.97285509,3.00402212,3.72391725,-3.62612844,-3.4403882,2.47988391,-4.7200222,2.58458757,3.68898463,-4.76650429,5.31837559,-0.18229032,-2.18385983,0.27612972,-2.81741595,-0.60431671,3.00813246,0.45636156,2.99834752,-0.11271143,1.22396564,1.04992473,-1.90482295,-3.15683079,0.61673641,0.45345962,-3.64306116,-0.14518189,1.95747745,-1.22708654,3.05757785,0.06997877,2.94831729,5.39484215,1.17369986,0.00192964,-2.70996809,1.64337039,-0.72987694,-1.04901326,-1.29908812,2.18256307,-1.16787291,0.17279577,0.57618958,-2.11926031,0.43896472,-0.09050828,1.51859212,2.85305023,2.79881167,0.09534657,0.64210486,0.16835043,-0.14433378,-2.04535508,-0.70009315,-0.49085373,1.09597254,-0.95232487,b'8'
1461,14.73461914,3.63333893,7.99144411,1.35972023,-1.77096891,-0.49532068,-0.23010564,2.38672161,1.51854992,3.8038764,-0.88005328,-1.1544311,1.32565629,-1.96782291,-2.59707212,2.14826465,-0.85172546,1.01700354,3.70065045,-1.67187691,2.99685764,1.20878947,0.94142628,-0.80225611,1.50059474,-0.43904582,-0.58308792,0.08666611,0.28769898,-0.49448279,-1.87319624,0.36023283,-1.73273718,-0.25823742,-1.18294597,-2.03316021,1.29609132,-0.38026959,-1.65590036,-0.94376922,-0.41850638,1.49665868,-1.15391421,0.87533224,0.63663125,-0.01973131,-1.0561403,1.19207847,-0.74585503,0.91251755,0.96039468,0.76494825,0.4944073,0.42335224,0.0690456,-0.44553676,1.67658067,1.09465718,0.8472591,-0.7808677,-1.24088335,-0.72020501,1.15224695,0.15928496,b'8'
1462,13.42022419,-5.21070004,4.14737892,4.96651173,-1.20610666,4.30936813,1.48004127,-2.24777436,-0.04656124,0.24940252,-2.13028383,-5.49314308,3.76764655,-1.62085533,1.03706622,0.67435074,-1.72256303,2.01017594,-0.80611557,1.29372239,4.28943872,0.77626473,3.57725883,0.39479518,1.69331729,2.36032939,0.31888723,-1.46827269,0.55820107,-0.34128559,-3.09100199,0.76345563,0.4215709,0.95681584,0.03294343,-1.16127861,0.64056754,2.81829238,-0.04150236,0.57151806,-0.94568574,2.54698253,-1.16553497,-0.81875783,-1.85518205,-0.32416868,-0.3656562,-0.26630664,0.90417534,-1.42606854,1.5803411,-1.04390228,0.71246862,0.89898753,-0.44252235,-1.49450135,-0.05002141,0.79129207,0.98620695,-1.51131642,-0.94812399,-0.49253184,-0.31682631,-1.06839287,b'8'
1463,10.92004681,-7.27727842,3.88165951,6.79216766,-1.51450765,3.42589164,-1.08074713,-4.56699944,-3.62558794,-0.47834167,-3.23245478,-2.5068686,0.8367545,-1.00354004,2.20936465,2.22003555,-0.82096779,2.42351127,0.74020135,1.61828995,3.67304683,1.21785665,3.58528686,1.06513977,0.08537275,1.47544575,-1.35954189,-1.17187238,0.55150437,0.63653564,-2.93384695,-1.33835185,-0.54891348,-0.89128512,-1.82382441,-1.56435168,0.70082068,2.32734728,-0.36739194,0.54121935,-1.8085705,2.47314739,-1.84032655,-0.19583289,-0.23529112,0.59307957,-0.44483274,0.53422105,0.4343375,-1.34921932,1.57796693,1.3279897,1.64858258,0.65517169,-1.78590584,-2.01295471,-0.44919491,0.39257288,-0.75637639,-0.08570659,-0.94527024,-0.78927231,0.41584778,-1.22299862,b'8'
1464,15.31684303,5.4349556,6.19970798,1.67579865,-0.86421764,2.64957857,-0.00011587,0.31051505,3.98876619,0.53361869,1.01460481,-1.02145362,3.4485786,-0.15264913,-3.66282701,1.39643359,0.0120281,-0.43297112,0.91531253,-0.97949517,2.78579688,3.56749034,-1.01118624,-2.42453909,-0.07837689,0.33263871,0.22278905,1.32911348,0.04751968,-2.85592365,-1.49624288,1.76700258,3.98240352,1.4211967,0.83742625,-1.6502527,2.83718324,0.63950336,0.40979517,-0.05218264,0.03011191,-1.02024877,-0.24852382,0.04969208,0.67403328,0.46296018,1.09389079,-0.8260994,0.80203789,-0.17841673,-1.27940488,1.21191669,-0.73346496,1.72320616,1.77044702,0.64677358,1.78807378,-1.21788847,-0.15295547,-1.1797694,-0.75310618,-1.43707919,0.03930318,-0.41135558,b'8'
1465,14.07809067,-4.23542738,4.45634079,-0.7049548,-3.32112217,2.3979075,-4.70392513,3.12276316,-3.85441732,0.24761581,-0.16193557,1.65321541,-0.48854887,-3.62748647,1.85864091,2.53456259,2.10526109,0.93242168,0.69601202,-0.29116416,4.50811768,-1.99868178,2.41385293,1.07638717,0.80682623,-1.26790845,-0.19481952,-1.50465655,1.02530408,0.61666048,-2.21550751,-0.11424112,1.06462896,0.50487006,0.13667357,-2.11063862,0.97686005,1.44995999,-0.33685243,-0.06587008,-0.06032765,2.451689,-0.80696499,2.2842958,0.62300867,-0.50409651,-0.31111473,0.94588804,1.09303594,0.88244319,-0.03847001,0.85922098,1.22704852,-0.3393892,-0.29684228,0.53002715,0.40578532,0.73817408,1.17354488,-3.1648736,1.46150672,-2.1583035,-0.72726405,-0.28527898,b'8'
1466,11.57434082,7.40814304,9.52878189,-0.35724783,-1.57744122,-2.3709991,0.05196428,1.71696758,5.81725025,2.71276307,-1.64448929,0.62954926,1.35449529,0.18558367,-3.9088397,0.38622808,-1.35649669,-2.49850488,2.92987633,-2.01146054,1.14595461,0.62840122,0.43469313,-1.20217454,0.55472767,0.38093406,0.9841218,-1.09470522,1.19665551,-0.16252756,-2.74305773,1.83595037,1.37255049,0.33238405,-1.53731823,-2.47441626,1.29797769,1.30072498,-0.85443437,-0.09415391,-1.03849804,1.76553333,-1.15236068,0.12120013,0.07609487,-0.54758227,-1.42131829,1.26159275,1.30193377,-0.23768991,0.43918741,0.5843218,1.09219217,1.37108433,-1.44033647,-1.44719994,1.38103986,2.10058022,0.60947198,-2.49549794,-0.18015453,-0.22022365,0.56411076,-1.44924152,b'8'
1467,9.04749393,1.94612169,3.34450841,2.87451386,-0.10068756,4.34030247,-3.0578537,4.15284634,11.98334694,0.44398195,-1.21186185,1.45960498,0.80215752,-5.9671998,0.68326092,0.09363127,-0.58840573,3.77079511,-4.15874195,3.13879919,-2.31941581,-7.5933342,-3.03822303,-0.53648472,0.68800437,0.79752707,1.5274384,1.01162601,-0.09182978,-2.05359173,4.15878868,3.78398132,0.14663991,1.44853485,1.79777789,0.12072799,-2.96322346,-1.72681499,0.64783955,-2.27915764,0.40464818,-0.74922508,-1.12758112,0.03559805,-1.50271881,-1.66034687,-2.14814639,1.29165661,-0.04868163,1.87135708,0.64805645,0.76401454,1.65159917,-0.27580547,-0.31884688,0.32220161,0.44870734,0.40172791,-0.6688866,0.88446915,1.15071988,-1.26633143,0.65087116,0.52569133,b'8'
1468,13.38640499,-3.16206455,2.71465445,5.87601519,-1.23615718,4.53590822,1.36352587,-2.7499845,-0.70958567,2.49554634,-1.24204993,-3.88051105,6.68716002,-2.48610306,-1.48747444,0.28973329,-0.93732888,2.23662734,1.50628722,0.28746367,2.51871729,1.01695836,3.14589286,-1.14777315,1.16706932,2.22647858,0.29606068,-0.44203877,0.04381418,-1.45242226,-2.73084021,2.37028265,1.36062145,-0.63475519,1.40883529,-3.01738405,0.43061686,1.58864045,0.9091621,-0.23756659,-0.24982011,1.2079289,-0.84754694,-0.21177374,-0.71803808,1.11892772,-0.99380732,0.06993556,1.73699641,0.82669246,1.45874774,-0.83773124,1.02322209,0.925053,0.42975643,-1.17758489,-0.00748587,0.12175091,-0.6077984,-1.3002013,-1.13551676,0.12162393,-0.20338643,-1.86535561,b'8'
1469,12.2401886,1.8327899,6.7525444,-1.35156894,-0.22604406,-1.3109448,1.80721164,-0.84504592,-2.59596014,5.07330084,-2.49386024,-2.26841474,1.96612608,-2.61383915,-0.68056011,0.05247164,0.74043012,-1.8680855,1.73065901,-1.96143699,5.60773993,-0.07481402,1.9520545,-0.35114789,3.13490868,-1.29783523,1.09012699,-1.97479928,0.31454062,0.22760892,-3.61624289,0.08020878,0.95112866,-0.68664557,0.35286212,-2.90258837,0.38036561,3.22929072,0.00319886,-0.20131522,-0.95805424,2.28734064,0.36108601,-1.95457888,-0.06599736,-0.1844376,-0.14948805,0.1656487,2.18083048,1.72115362,1.28703356,0.35385045,1.19545746,1.24550402,-0.41861063,-1.48394454,0.39297104,0.72943211,0.49366456,-1.26118767,0.31394535,-0.57645613,-0.3488552,-1.90112972,b'8'
1470,-1.22534168,-14.4398756,5.20574093,12.95576763,0.79756737,2.86236906,3.11744356,-0.87968469,4.88645697,-2.9545517,-3.28841925,1.28033805,1.77451468,-0.13719693,-0.49921799,-2.20924044,-3.54114509,3.4555428,-2.39529133,0.8660593,1.97607839,2.0254395,2.32688856,-0.44165897,-1.29266942,-0.11895359,0.5272938,-0.57594854,-1.60269213,1.04660833,-3.3172307,0.77289963,1.80781591,-1.10890818,1.40635204,-0.15226296,0.57566166,2.02610421,0.25395584,0.68877065,0.57048154,0.28753567,-2.04096222,-0.52548188,-2.53502226,0.57321107,1.64746428,-1.21474314,1.19216895,-1.44696093,2.0340755,-0.21762866,0.06739902,1.17099643,0.19512993,0.18501318,-0.53698063,0.80158246,0.19080293,-1.63594759,-0.86784661,0.26446527,0.07852781,-2.47164273,b'8'
1471,14.78615952,1.67762089,5.22378683,3.45665693,-2.11448479,3.28901839,-1.38385582,-0.52739024,0.64497614,1.79132509,-1.65716982,-3.93432927,1.55332088,-1.38252008,-0.50243759,1.58190191,-2.7025733,0.43931711,1.33060169,0.51974034,3.82804704,2.07211423,1.93099499,-2.38563085,1.12011302,2.104285,0.04536632,-0.34253514,0.22952628,-1.34927368,-2.2512598,2.0037365,1.10804439,0.10877883,-0.48187816,-2.90257454,0.79213738,0.1979695,-1.05640066,0.35932946,-0.6073103,2.20792842,-1.37370431,-0.56137067,-0.42706347,0.40849048,-0.3862319,0.85808647,1.46041036,1.53585899,-0.60068184,-0.3395884,1.43142903,0.68520004,0.43439409,-0.80150312,1.85352135,-0.51050669,0.33448875,-1.76807404,-1.40997362,-0.13700122,1.39496791,-0.02583396,b'8'
1472,7.0237937,-8.81196213,3.49625111,9.14239502,0.475824,3.55303788,-2.03763819,-5.14928532,-3.60891771,1.57889199,-2.94547224,-0.00678253,1.5459137,-0.46071902,2.27799416,1.26491487,-0.66171455,1.34309936,0.75851035,1.46772456,3.64647675,-0.64775866,3.18389058,1.36761618,-0.28019834,0.77965975,-1.34322977,-0.92977554,-0.4973855,2.82312918,-4.28690481,-0.24852014,-1.29960036,-1.37094069,-1.4769733,-2.22260761,-0.50283003,2.49952126,0.58448136,0.76208651,-0.39985144,2.76595831,-1.51012087,-2.56975532,-0.1310631,0.28808874,0.58291936,0.14945531,0.65960497,-1.61308134,0.91600674,0.73680663,1.7087543,0.37223315,-1.09963584,-1.92866898,0.04217434,-0.48163009,-0.91368484,-0.5885154,-0.15359485,-0.50598764,0.75850201,-1.07049978,b'8'
1473,15.08619308,2.79080343,10.28736687,1.06046307,-2.9178648,2.63843584,-1.65455914,1.24956274,1.86990452,1.28000391,0.59549975,-1.4413693,0.92880034,-0.29499617,-1.82263851,2.70015478,1.12383127,1.36919212,1.26043832,0.33348894,3.00159931,1.61550808,0.43139833,-2.5353713,0.14005899,-0.59164089,0.0349828,1.1728301,0.17368269,-0.14505053,-1.7846092,1.81286049,0.30456668,0.40886277,-0.65977395,-1.37876904,2.02370477,-0.22421008,-0.9277252,0.11738467,-0.76136982,0.61949611,-0.41097873,-1.02171302,0.49858308,0.8758626,-0.2128215,0.8427794,-0.94564646,-0.04508257,-0.77111971,0.04735303,0.16226077,1.17433679,0.93696904,0.06970811,1.71139801,-0.77890205,-0.34368929,-1.13533449,-0.97537088,-1.05796421,0.49800158,1.55478919,b'8'
1474,14.04721928,1.69770002,10.44415188,-1.05153275,-2.49581122,0.25323439,-0.0249896,3.53790164,1.23579049,1.98856091,-2.38538933,0.6292367,-0.26171625,-2.62687635,-3.14493704,1.12610853,1.85810757,-0.17881405,3.91696858,-0.45840049,3.78354716,0.33287317,1.36118352,-0.83041,0.9185828,-1.73682618,-1.15470529,-0.8702569,1.23506546,1.34062994,-2.21449614,-1.44836974,-1.98508251,0.00997812,-1.71253109,-1.17726624,0.26926541,0.51439613,-0.27155554,0.2800132,-0.04393756,0.87725246,-1.0126524,0.76970226,-0.42290723,0.57761467,-0.79272699,-0.23932624,-1.05550551,-0.27282041,0.00137588,1.50174928,-0.37327814,0.58283281,-0.84389859,-0.21820056,0.42758942,0.1628395,0.31491637,-0.68069774,-0.9293412,-1.1194576,0.77144253,0.24405769,b'8'
1475,11.57394791,-6.85766411,2.33462071,7.44521093,-2.20286369,4.02265644,-0.45580149,-3.5473516,-2.08016443,0.45262557,-2.6934309,-2.68748641,3.20445585,-2.01050782,0.87794256,1.76511967,-0.2955488,2.325804,2.04682016,2.50934029,3.30972433,1.41171432,3.65645623,-0.09755874,0.87289858,2.92503786,-0.23331913,-0.31546402,-0.09116364,-0.04889542,-3.36643267,-0.22876239,0.32808578,-0.50933272,-1.11812162,-0.67149282,0.65811181,2.08540058,0.09112132,0.07713974,-1.03876805,0.86110801,-1.47453749,-1.03681111,-0.90474594,0.80012888,0.26554546,0.11294723,0.60979396,-0.44698665,2.65636492,-0.53632307,1.55486047,0.52903318,0.79187369,-2.1008811,-1.77098131,0.36980635,-0.52323806,0.27523136,-0.93463641,-0.41740933,0.28103042,-1.73244154,b'8'
1476,0.16716254,-12.79207706,6.57045698,3.84982181,3.62514687,1.62231529,2.29253316,0.22237903,-0.06003141,-2.43911123,-6.50887108,5.26188898,3.06961274,-0.65885878,1.19149065,-4.47672606,0.58787537,3.92036319,-3.41594076,1.51942945,-0.18937121,-2.33464217,1.22816932,0.2755971,-3.04797506,-2.43665457,2.74483204,-2.00535274,-2.06733131,1.66910017,-5.03956509,0.43396068,2.38343167,-3.2981329,0.26550579,0.86532539,0.35977483,0.42568225,-0.80673563,0.90528822,-3.29920483,-1.10097456,0.12273131,-2.04619479,-1.92704546,0.17378184,-0.28690511,-0.4694581,1.25601172,0.01107103,0.68713576,-0.36982155,1.2469269,2.51137972,1.20114529,-0.01506531,-0.08386445,0.90659314,-0.43382975,-0.37332582,-1.06866336,-0.08307487,1.73561394,-0.84563529,b'8'
1477,12.56402683,8.73947239,8.99090385,-0.19298631,-2.19449592,-0.68357801,-4.07861042,0.26663995,5.54541636,-1.63892925,1.77852416,0.77797294,1.39523911,-0.46749207,-0.3018589,5.43775558,0.35305214,0.19920206,2.26212049,0.13718772,1.61057758,0.96020144,0.68123704,-0.44951868,-0.76871192,1.06715834,-0.47784466,3.41721392,2.15031433,0.5935775,-0.92406523,2.6005578,1.20136154,1.3622508,-0.85485673,-1.44718921,2.04527783,0.33777088,0.97370893,-2.92402554,-1.37313545,-1.95537293,-0.32857686,-0.34458131,0.1547842,-1.67785466,1.69179952,0.71721613,0.73130113,-0.92543995,0.18783534,0.79911113,0.18492413,1.56147766,0.41102916,-0.82435799,-0.07286239,-0.48308408,-1.80711985,0.55894411,-0.85786915,-1.63517451,1.29287183,-1.09089553,b'8'
1478,11.18620014,-5.28643942,5.53992653,-3.32310915,-2.90207148,2.53342152,0.09168816,0.85735422,-3.96196508,3.23437929,-3.61865711,-1.1739924,2.73036313,-0.03056678,1.82745147,-1.42137003,1.35359693,4.16904926,-0.27115768,0.55937791,3.18162966,-3.45969343,2.35085154,2.34752226,4.14671421,-0.04258764,0.67010331,-2.3781054,1.35057187,0.66694438,-1.40572417,-0.57445073,2.13924527,-2.24405551,-0.11231625,0.12235636,0.04814029,1.3500874,1.3202405,-0.02431205,-0.61582857,1.36435533,0.87664962,-2.66581273,-1.4470135,0.33809,-0.04241584,1.46919584,2.5076139,-0.65159404,1.69521856,-1.39758897,0.18807387,1.87868667,0.17803389,1.61671019,2.14028907,1.68166244,0.19881052,-0.19876277,0.97330302,-0.29017764,0.68483007,-1.13624442,b'8'
1479,12.20436382,-5.76307154,3.07134557,7.37327671,-1.58924711,4.57718277,-0.53088188,-2.55816388,-1.86213207,1.00055695,-2.00607109,-3.33747411,2.637182,-2.46193814,1.87262154,2.49743199,-1.86305809,1.4103775,-0.76003933,1.34464145,3.19359636,3.14566255,3.53132606,-0.1572361,0.4400686,2.36246848,-0.01620996,-0.90577626,-1.30182219,0.81388152,-4.1681962,0.61528397,0.02063151,-0.49304634,-1.12163591,-1.70335352,-0.17472506,1.90162981,0.35603428,0.95800257,-1.96017325,2.65392447,-2.05425906,-0.64533585,-0.88848317,1.00867331,-0.67506766,0.60470736,-0.57771224,-0.51562518,1.83259141,0.25604069,1.53610802,0.31996703,-0.81326133,-1.68068159,-1.04536438,-0.14030744,-0.1781508,-0.35320896,0.02931426,-0.8718465,0.11187655,-1.99687576,b'8'
1480,14.01540565,5.88885689,7.38939524,0.4296585,-1.30196548,-2.44091201,1.19953752,0.52554917,1.39684439,4.01606178,-0.65245199,-0.17048717,0.39821506,-0.72543269,-1.19479609,2.54324532,-1.44846773,-0.73615229,2.69886041,-3.13831806,3.81434298,1.04649067,1.77990103,0.37743211,1.25392413,0.98684078,0.35595125,-0.20530057,0.71923232,-0.22163314,-2.83215046,-0.5833292,0.3191644,-0.56183392,-1.91195464,-2.09806943,1.10830617,2.34132242,-1.77022636,-0.60920095,-0.51875651,2.73670506,-0.06672971,-0.1118372,-1.07085645,0.18499973,0.03220282,0.42450404,1.50919127,-0.51023364,0.62213564,0.08849275,1.10011017,0.94326848,-0.75113136,-0.84064704,1.70956373,1.03831625,0.67475456,-1.27596307,-0.44107226,-1.67236948,1.02096236,-1.99060655,b'8'
1481,13.85640621,0.0926857,4.72701168,3.98380828,-3.01511669,4.96745014,-0.0627203,-1.07705975,-1.51561308,2.45202374,-1.31314707,-3.57014298,4.24270248,-0.82872826,-3.17781162,1.58230281,1.08473444,0.70931447,1.33999348,0.62180877,2.83622384,1.17815757,1.37212825,-1.4864403,0.17957544,1.50472081,1.13330388,0.38053453,1.14865184,-1.20566952,-2.23067236,2.45611668,0.71925682,-1.04471421,-0.13483608,-2.40243578,1.13686824,-0.38952309,-0.40618837,0.64764178,-0.62431008,1.25152004,-0.20778321,-0.25033116,0.30818427,0.70997792,-0.59268719,0.03007102,1.12434816,1.62025154,1.16508162,0.23180652,1.9510262,0.66652453,1.15192676,0.08622813,1.13751876,0.07029708,0.53015178,-2.37610054,0.12065344,-1.22934437,-0.81281698,-0.91506767,b'8'
1482,12.13029003,5.89824295,13.39673805,-1.58309305,-2.71678162,2.06349802,-3.1240139,1.19321883,6.19025183,-1.08926463,-0.23293996,1.15112758,-0.70152521,-1.57927191,0.28779101,3.21535778,0.95714879,0.20355749,2.56800652,1.54637289,-0.13208638,-1.81936741,1.1080575,-2.14831948,0.77585208,0.49379033,-0.84680158,-0.59796292,0.24117851,3.08142948,-1.02725351,1.56501198,0.15593839,-1.49401689,-0.92239618,-0.11178222,-0.80710363,-0.91965586,-0.28490424,-0.65853953,-1.22366238,0.47789645,-1.46463013,-0.92207134,1.43290269,0.03549328,-0.52101785,2.2483778,-0.07143468,-2.26830673,1.60417485,0.73149872,0.17133856,-0.11974514,-1.29249954,0.7234273,1.13300931,0.23875047,-0.09664452,0.04235196,-1.72878003,1.61952376,1.8683182,0.45487624,b'8'
1483,15.25328445,1.71203852,7.86143446,2.15198779,-3.46754122,1.90300214,-1.65946722,1.28501189,1.23686051,2.12800407,-0.22646737,-2.30123448,0.68524951,-1.77153623,-1.12886953,2.49163771,-0.64239848,0.09683335,2.38432002,0.20130372,3.94349718,2.89048672,2.69745517,-1.91228867,0.89271522,1.37256491,-0.12462512,0.150877,0.48076677,-1.88954413,-1.94564974,1.36310053,0.5798555,0.43962485,-0.61880541,-2.25285077,2.07993913,1.1765511,-1.23023784,-0.84572822,-0.89108586,1.45893669,-2.61193776,0.09275229,-0.27641594,1.66275299,0.6063416,0.50968671,0.20087034,0.6012826,-0.32386428,0.24033305,1.40080845,2.09859085,0.70767629,-0.19566143,1.027722,-0.40484041,0.33212781,-0.62324405,-0.90134734,-1.75863838,0.53847778,0.5826866,b'8'
1484,-2.31776977,-12.78769016,5.35178185,7.28591537,2.20637035,-0.53007352,0.66346765,-0.90263653,0.65342283,-3.09902239,-5.15743828,4.36688995,0.5817433,-1.31583202,-0.62537241,-4.3044076,-1.37990797,3.57758641,-2.82899737,1.41141796,2.98701906,-2.86321974,3.42155623,1.66531372,-1.74625552,-2.4743948,1.61998212,-1.35078955,-2.48330641,1.75714433,-4.36502981,-0.53224802,2.3264215,-0.70589894,1.12718427,0.52746123,0.68126631,3.35609889,-0.58959877,0.87107146,-0.72353369,-0.01169482,1.0119704,-2.19837952,-1.06305635,0.59939086,-0.63622421,-1.13598561,0.16106269,-0.69505477,0.96241391,-0.40212369,2.90403891,2.75715303,0.1998502,-0.72130024,0.03271651,-0.01455529,0.260198,-1.63370824,0.71432471,-0.73499906,0.62298369,-1.65719533,b'8'
1485,14.43605042,-0.36796713,8.56679916,0.12084517,-1.96149325,1.90119314,-1.14278555,2.0095396,-3.01366568,1.27745652,-1.20140934,-1.11904407,0.7162903,-2.33642745,-0.13976145,2.0315423,-0.16138649,-0.69262278,1.78506136,-0.43530881,2.60276318,-0.47868031,2.49447274,0.78150201,0.58510721,0.22266281,-0.99208921,-0.64054513,0.57988071,1.71562731,-3.2594614,-0.02610517,-0.61779237,0.6785146,-0.97019601,-1.31184304,-0.57277596,2.66097975,-0.25042474,-0.05833596,-0.11641479,3.41240454,0.26774803,0.05188917,-0.91329563,1.4737184,-1.28397107,2.11719203,2.55727983,-0.48413694,0.32991832,-0.26571631,0.21064544,0.62476712,0.65121174,-0.45712534,3.17159891,1.20050347,0.60942715,-2.18505573,-0.3433567,-2.33104205,0.85276175,0.00732503,b'8'
1486,12.33783722,-7.23492336,5.61158752,2.80315089,0.9018786,3.49944949,1.29040194,-3.32685256,-4.91498709,0.85850644,-2.15714073,-1.3539536,3.28420186,-0.24644694,2.71031666,0.06369007,-3.07616019,-0.5658316,-0.24730505,0.66659832,2.61074686,-0.60329694,3.66086745,2.31772327,0.77911079,2.23880148,-1.19116139,-2.98902941,1.13858652,0.7272774,-4.37823963,-1.20291805,0.21604581,0.03317279,0.57414854,-1.10954833,1.30533504,4.09070539,0.33245885,0.81277204,-1.87511516,3.84925365,-0.38267499,0.03621783,-1.407287,1.61749768,-0.02466004,0.25678372,1.24065614,-0.81552708,1.33506203,-0.45272803,1.47609568,1.13261664,-0.07768995,-1.54453158,-0.58106947,-0.65114951,-1.23307467,-0.85357022,1.19891644,0.23890013,0.41559768,-1.49422991,b'8'
1487,14.09397411,-2.57942247,8.27872276,-2.87737226,1.32878101,1.71101689,2.07779217,1.96795809,-2.02245951,4.3048954,-2.66970491,-1.16121411,1.43433034,-0.81667578,0.7153523,0.17865527,-2.24957657,1.10389805,1.49092388,0.28068733,3.07602835,-1.47621179,2.39326787,0.59192824,4.02234411,-0.03707466,0.66863322,-1.48205864,2.20879006,-0.7164076,-2.58291864,0.1845839,1.02826858,-1.88627052,0.51377457,-1.24497259,1.16939878,2.22510624,1.40433693,0.55280316,-1.56013715,1.23422837,0.4807421,-1.28931618,-0.46227455,-0.35300767,-0.3551113,0.88190293,2.56063342,0.22159046,2.02377391,-1.46003079,0.62448514,0.9569335,0.08097953,-1.11796618,-0.27377772,0.30939776,-1.40462685,-2.30919886,0.24776904,-0.80418152,1.3371805,-0.7495206,b'8'
1488,11.01470375,-5.88481617,2.87200785,7.74929047,-1.38215125,4.8625927,0.14088249,-3.93619561,-1.61698341,2.16574359,-1.44362974,-3.03897452,5.81642485,-1.13826931,-0.80154848,0.56643176,-0.51096046,1.42940092,0.33294225,1.48406625,3.15199828,1.10020018,3.33881736,0.03980064,0.05186456,2.78017282,0.96237469,0.13624823,0.15219235,-0.39930785,-4.05700922,1.71588516,0.47712249,-0.37173933,-0.06489635,-2.53960991,0.71493316,2.67647719,0.52073288,-0.1077778,-0.69904494,2.15959382,-0.74140823,-0.88078982,-0.80904877,1.14713109,-0.03862791,-0.236871,0.0613327,0.0494197,1.86941814,-0.39749444,1.91143107,1.01905251,0.42039198,-1.84621727,-1.72321272,-0.30982101,-0.1464062,-0.70954591,-0.7388171,0.53171259,-0.02440321,-1.89598596,b'8'
1489,10.92819786,-8.4018631,3.47088003,7.8249588,0.19282055,4.83956337,0.44201684,-4.93712425,-0.60707092,-0.72059536,-1.68319893,-3.16333556,2.89765811,-0.89799148,1.12254143,-0.23919082,-2.64394307,1.93433499,-0.83769059,1.65411949,3.16872168,0.65457386,2.41431594,-0.90124798,0.9019717,0.55085385,-1.01930594,-1.66620922,-0.15011549,0.71746612,-3.44418812,1.49233675,-0.48625541,0.03474647,-0.59622264,-1.13070619,-0.29066229,3.55423927,0.45934796,1.20296538,-1.14615309,2.91176891,-0.72652853,-1.18630171,-1.21482098,0.4188534,-0.31339115,-0.42741323,-0.08078967,-0.92315727,1.56463027,-0.72731829,0.95637703,0.65297073,-0.34899217,-3.15586138,-1.90469933,1.22907734,0.11695206,-1.74963331,-0.60331374,-0.84699345,-0.46211287,-1.30256307,b'8'
1490,6.34712887,-8.21635151,3.15645885,3.00065422,5.14287233,2.71808338,-0.00286055,-4.48113823,-5.32049227,0.61488998,-5.44025135,2.32725048,3.68751121,-3.55794764,3.22233391,-2.60928965,0.72372007,0.98517001,-0.8710202,2.00670958,2.38695073,-1.54606318,4.23437452,-0.32624149,0.40654731,0.41614336,-0.54296684,-3.62964702,-0.71259499,1.88625777,-3.41200352,0.08926749,2.79995942,-2.06248856,1.50600553,0.5659948,-0.58503819,1.63828933,1.02870488,1.59845281,-0.52016193,0.3213397,0.53808147,-2.37403226,-0.959355,0.93945694,0.54725021,-0.94195247,-0.68154228,-2.16287255,0.59711361,-1.28164959,1.85297728,1.12528396,0.90590966,-0.38612878,0.60829163,0.81823409,0.43626875,-0.55425614,0.08608778,-0.57910311,1.4272126,0.50921941,b'8'
1491,5.90448093,-12.39377975,2.94533992,1.32417941,1.67342818,-0.25882196,-0.01955867,-3.7398622,-3.2379899,-1.51704586,-4.31720495,0.91459918,4.08005428,-1.84249496,2.7825737,-4.78494883,0.21427584,1.9596746,-0.60946727,2.84752226,2.96345401,-4.19856215,3.92639136,0.46589375,-1.44755578,1.23603582,0.59194219,-3.1335268,-0.84896517,0.19482374,-3.22712374,0.83781934,4.18696737,0.26647693,0.61956215,-0.13135788,-1.04295349,1.65262079,-0.59820521,0.88039541,-1.45295763,0.23303619,0.50768197,-1.08740735,-2.97050858,1.1312511,1.10884213,-1.11753345,2.38859224,-1.17385221,0.56582248,-1.23010552,1.22787154,1.4913274,1.97373152,-0.77533334,0.99975538,1.22742081,0.6456241,-0.82350659,-1.89406455,-0.65340281,1.58679402,-1.03091395,b'8'
1492,13.73132801,-2.45323181,3.99907827,3.61124516,-2.71846271,3.29936266,-1.52177477,0.31874305,-2.24325371,2.86496496,-1.87481594,-1.00965381,0.68300712,-3.19937611,2.17674708,2.92817211,0.31531072,1.91306305,2.87233329,1.73707247,4.31301451,0.30068821,2.39606857,1.54238129,1.38495004,1.48516083,-1.20512843,-1.38854218,0.20056486,0.8859936,-2.75421524,-0.307441,-1.32328844,0.3468855,-1.55416083,-1.3151089,0.1651001,2.65224242,0.26268625,1.24302971,-0.79033864,1.79416561,-0.56649387,-1.7492125,-1.46269429,0.34969428,-0.18739705,-0.93895793,2.59733462,-2.437222,0.06953879,0.26071137,2.05928278,0.26730275,0.93692625,-1.74889123,0.51356673,0.19792461,1.19926262,-0.79435337,-1.10941827,-0.87373066,-0.07671529,-1.35033476,b'8'
1493,11.68312645,8.38706398,5.24692345,-3.22456074,0.89936984,-5.13099861,1.27970505,-0.26943755,0.15214348,3.3870697,-1.61281061,2.82046986,-1.05370593,1.3489269,-0.06979227,3.74768376,-3.06513691,-3.66873097,0.20834279,-2.20773363,2.81710124,0.21151936,1.0546968,1.80650949,0.53555727,1.94027054,0.29246837,-0.76097274,0.42047286,-0.96091783,-2.03756428,0.35926366,2.10829544,-0.26814908,-0.98932481,-3.07696152,1.0544548,2.14523983,0.19347179,0.57178748,-1.26158273,3.0099771,0.41450378,-1.51726985,-0.39569223,0.14957246,2.81214595,0.91426992,2.17534018,0.46252036,0.91100067,-0.49120188,0.99053848,0.76945573,1.15117753,-0.55513549,0.72381496,-0.81358868,-1.24748766,-0.26046413,0.26698977,-2.07710671,0.08183521,-1.0645237,b'8'
1494,13.94937611,-4.61587334,5.63383102,3.50413537,-3.29585743,3.65018773,-0.097399,-1.01715589,-2.34679127,0.08149105,-0.90342999,-5.62366676,4.46922207,-0.94215006,-1.98958826,0.17067635,-1.40085912,1.976511,0.84824264,0.70325756,2.70711589,1.68703055,2.050318,-0.85388112,0.33299971,1.11155903,-0.60416412,-1.2495085,0.07173109,-1.83986437,-1.47860706,0.51663566,0.71378678,-0.37325794,0.07206374,-2.5594461,1.33498526,0.83066177,0.21916234,0.73133826,0.21904612,0.85643005,-0.71988076,0.37936115,-0.2412411,-0.27011719,-0.62002313,-1.20383811,0.72917581,1.08515,0.32056183,0.03586411,0.1680522,-0.39531434,-0.26674682,-0.57064998,0.42051888,0.92684132,0.62268752,-1.74677277,-0.61636245,-0.10424143,-0.12838256,-0.85950011,b'8'
1495,11.84869766,-7.41440868,2.72696972,7.76442051,-1.56875634,4.79894161,-0.65869856,-3.09567285,-1.20459843,0.31979519,-0.33166671,-4.70363808,3.7122035,-1.02843666,-0.54751492,0.48889434,-1.69589758,0.85971951,-0.11481962,-0.28439593,2.28458261,2.43740177,2.35874557,-1.08812666,-0.26757652,2.42831826,-0.46684223,-0.92691231,0.1723249,-1.36170554,-4.44705534,2.10031319,0.83290589,0.29404157,0.8334133,-1.76627767,1.21354246,2.47826481,1.21459579,0.23212415,-1.43396282,3.53444076,-1.35695839,1.11826086,-0.6100148,1.53420985,0.47606897,-0.39321113,-0.17275493,0.41794741,1.12106955,-0.17307711,0.96687233,0.63454318,0.01926297,-2.27094269,-2.38111734,-0.63547724,-0.5711273,-0.15380788,0.0829594,0.45920098,-0.72752142,-1.520697,b'8'
1496,14.52892017,-3.56426454,6.17063951,2.98688722,-3.44314766,2.73916554,0.435781,-0.04116166,-0.77321911,0.82148468,-0.43476057,-5.48196602,4.42385674,-2.34983611,-1.59611797,0.01418734,-1.24218237,1.80309916,1.60575759,0.34618831,3.40158868,2.8792932,3.06978011,-1.1476202,1.20313346,1.00716043,-1.2954936,-1.20216954,0.91333294,-1.74009466,-1.93077481,1.06757164,0.82982528,0.02120459,0.8162775,-1.31866586,1.21381426,1.23620331,1.02398944,-0.4088167,-0.04398918,2.10344648,-1.81989431,0.75114334,-0.85861361,0.1227693,0.74733561,0.25444341,0.96938056,1.17674541,0.9154526,-0.59472787,0.09665155,0.25536013,0.30135757,-0.80925745,0.0158093,1.1022414,0.72860688,-1.63627112,-0.05376287,-0.86821544,-0.26505297,-1.36765909,b'8'
1497,13.63070011,-4.37239361,3.88736439,4.35896444,-2.95198154,4.50742579,1.58940625,-0.67539608,-1.07582903,0.54723859,-0.14893198,-5.0488987,5.89976597,-2.33814049,-2.42435932,-0.7071414,-1.51884723,0.8862586,1.05910921,0.5350678,3.69136643,1.97733808,3.53943753,-0.15715718,0.03360116,2.95652175,1.50216591,-0.82022667,1.22514081,-0.66963768,-2.15281916,1.54940891,1.48442864,-0.35745364,0.45077258,-2.47633815,0.05041718,2.46893573,0.20764947,-0.6227057,-0.72252822,1.18663025,-1.14939725,0.81792963,-0.75328279,0.918383,0.43549979,-0.29889512,1.19296861,0.01769483,1.45617092,-0.7534138,0.21411324,0.0669924,1.02224922,-0.77043241,-0.61820745,0.13345423,0.15893257,-0.90620351,0.37843186,-0.86399281,-0.53245246,-2.35386205,b'8'
1498,11.7153883,0.92403936,6.04075193,-2.52359462,1.56557357,-0.0452832,0.08559656,1.90327656,-5.16275549,4.5929389,-0.88859963,-1.25893712,0.82845497,-3.78155589,-0.05989122,0.3074491,1.39311171,-1.21208715,0.34036922,-2.05873823,3.27726555,-1.23010254,3.23148799,0.08734488,2.97250128,0.05864019,2.40719891,-2.03104782,0.16403365,-0.15864986,-3.1565752,0.7325139,1.48680878,-1.60232329,0.46301234,-1.5071007,0.23980522,2.77635002,1.07740951,-0.86328948,-1.40029645,2.22067547,2.3963201,-1.16078544,-0.11164939,2.09767294,0.29004544,0.32734752,1.01661706,-0.29650199,0.22790664,-0.56168294,0.80139542,1.09663117,-0.27243012,-0.73534751,0.50279427,1.39119112,0.37270677,-0.97168106,-1.68626094,-0.07815835,1.36932385,0.30042523,b'8'
1499,11.0408926,0.64134693,3.37569094,6.23430777,1.62983382,1.04404116,3.94911194,-2.75579309,0.82989025,4.13926744,-3.57404518,-4.60281277,4.79508114,-5.31442642,0.90181279,1.19305778,0.27722907,1.25587845,0.1340214,0.59652686,4.66165495,2.73840547,2.43110156,-0.84141803,1.65154803,1.90635097,-1.58131444,-1.1155504,0.0324254,0.30468833,-2.85783482,1.77289152,0.27377594,-0.74202865,0.36179137,-1.09656477,2.44291854,3.20068502,0.52652657,-0.20756149,-0.98575664,0.72145718,-0.9808929,-2.64632583,-0.82119203,0.29306492,1.42831504,-0.79818511,-0.75928324,-0.68418252,1.41651511,0.02700591,1.73922348,2.1960907,0.82380742,-2.28089476,0.14982247,1.05212915,-0.52368653,-1.26870561,0.00074777,-1.03071404,0.70295608,-1.41210735,b'8'
1500,11.93096256,-5.73893404,2.9266398,6.35484076,-1.52293444,4.89854002,0.17022443,-3.30180621,-0.97588348,1.26212323,-2.83602619,-4.04009819,3.94139218,-0.63470942,0.78266168,1.09656596,-0.53184879,3.39711881,-0.12760231,2.60447407,3.04063606,-0.19064325,1.69193065,-0.85425925,1.37349963,1.78401852,-0.22432081,-0.75958943,0.37496209,0.0637396,-3.463902,1.27061081,0.60119361,-0.10417563,-0.20363402,-2.17758107,0.53418994,1.67581546,-0.12278104,0.82228625,-0.65860283,1.89695644,0.14076854,-2.39862227,-1.22251523,1.23248696,-0.5321582,-0.12026429,0.15704268,-0.16905028,2.51492929,-0.8807466,1.54306388,-0.15575397,-0.11424059,-2.04813981,-0.7247076,0.80075109,0.66161877,-1.34275758,-0.87393272,-0.10317463,-0.26061571,-1.44699299,b'8'
1501,13.51778603,6.7621069,4.37406731,-0.2793138,0.1146909,-2.64871407,1.68860412,-1.40440536,0.21227694,3.25451279,-1.66569233,1.73155499,0.95646602,-0.63582605,0.10761738,2.49516392,-2.59277868,-2.60419273,0.74360037,-2.89944863,3.5383296,0.63654739,1.07967174,1.20105267,1.44240391,0.79351336,-0.73560941,-1.26058388,0.90257478,-0.07384956,-4.11693907,-0.58038187,2.59730887,2.26738262,-0.97410452,-1.70534337,1.20401454,3.25654221,-0.8374716,-0.84722245,-0.74784064,3.0054884,1.13212121,-0.82576305,-2.30688143,-1.12641358,0.93115342,0.11169553,3.64540839,-1.11073041,1.05245185,-0.84655333,1.1326462,1.34487712,1.42457342,-1.46964264,2.78368521,-0.97338808,0.54979461,-0.79047406,0.59412783,-1.12700605,0.18332386,-2.83585548,b'8'
1502,11.79046535,-1.50917482,6.03569651,-6.49770498,1.14884055,1.37536752,-1.76128483,2.06733203,-5.49917173,1.01477528,-3.12718821,-1.79722142,-0.58735371,-0.03985813,0.33645487,0.01224971,-1.14547396,-0.09307295,-0.5546279,-0.04870415,3.52758384,-0.45678955,2.14802265,-2.30844498,2.99760771,2.32187128,2.09261847,-0.58777225,1.81421685,-0.48534012,-1.69682729,0.22862935,1.84239948,-1.87623882,0.33085877,-1.12552798,1.11224866,-0.85683793,-0.4450556,-0.51694685,-0.33803529,1.71624053,0.80944788,-0.47057754,-0.40508676,1.17431116,0.82086289,0.04898286,0.55046624,0.5704633,1.25872374,-1.24635065,0.07074642,0.38757181,0.45584488,-1.2916863,3.38088751,0.78483129,1.22934771,-1.28497636,-0.80046791,0.02912095,0.62546718,-0.38269013,b'8'
1503,4.46361685,7.49322319,9.29678917,-1.85578084,0.36823273,-7.80899811,-3.33202267,-1.03043795,14.65650177,-2.01279831,2.88866496,3.32793331,6.02697754,-1.84560466,-1.77130651,4.18522453,1.66426086,0.28723371,2.53598571,0.27230477,-2.03976703,0.89923418,1.3252337,-0.76727939,-1.91752243,0.85265219,-1.12477207,1.25449991,1.59264278,-1.0034169,-2.61472082,1.58021164,3.1774826,-0.07660168,-0.81816292,0.27587816,-0.72094011,0.65953165,-0.11748505,-0.44221985,-1.39596283,0.85995758,-0.7836619,1.34060621,-0.08395112,-0.28295413,1.58608353,-1.26372457,-0.49168777,1.19497311,0.9231661,1.23532891,1.15108752,1.54397368,1.03639698,-0.29513323,-0.05374956,-0.93826652,-0.9610948,-1.05609274,-0.14540343,-2.05122852,0.33063614,0.56523538,b'8'
1504,13.95366955,-2.71776247,4.32936239,3.131917,-3.8919754,3.58207035,-1.22828579,0.49310684,-1.92880535,2.0704298,-1.68709612,-2.1705029,0.39248693,-3.05814672,2.2038765,2.57739019,0.06198275,2.40913463,2.55528998,1.13492084,3.94227982,1.12100887,2.69153857,1.54962206,1.63943231,3.31119394,-0.15257508,-0.19864839,0.08529377,0.85483313,-1.75793326,-0.94320488,-0.59029067,-0.01099509,-2.16843581,-3.01982808,0.72875547,1.04762542,-0.40159714,-0.73569924,-0.13270521,3.00514388,-0.92020178,-0.00833219,-1.66629231,0.32766345,0.70314831,0.20436883,1.28364873,-0.35881311,1.43396926,-0.31567085,2.04984164,-0.17492712,-0.3152135,-1.22260833,0.85432374,0.35567546,1.06928968,-1.8205266,-0.91063344,-1.21374321,-0.32658479,-1.40995777,b'8'
1505,15.15436172,2.57440805,7.32990599,2.29094195,-2.30589867,2.85633612,-0.23724651,1.38514757,1.43189144,1.69269228,-0.16018176,-2.85439229,2.46223092,-1.53393614,-2.911623,1.47778511,-1.12982726,-0.26623893,1.43866289,-0.82606423,2.86616707,2.17686033,2.15877867,-1.32120359,0.45090115,1.28697777,0.68055832,0.40096033,1.14589548,-1.57918167,-2.33239746,2.22647858,1.44223773,0.47746795,-0.66473699,-2.27974296,1.7635529,1.28315079,-0.25929666,-0.99322683,-0.59729397,2.18312407,-0.86525387,0.82783508,-0.73104012,0.51397902,-0.24552612,0.56779313,0.82036203,0.16511476,-0.33357477,-0.24169993,1.19219303,1.72801399,1.16160929,-0.65459216,2.05187845,0.22819923,0.60965294,-2.18840241,-1.16658604,-2.02435279,1.05800366,-0.11700692,b'8'
1506,13.3362608,-7.47007465,3.11488891,5.41440821,-2.79343653,3.37034845,-1.09674215,-1.64251351,-2.52927876,1.90226173,-1.82622004,-1.27423978,3.44942307,-0.93123072,2.32320857,2.20400643,-0.41307354,1.18794489,2.42830515,2.17063236,2.76024365,-0.23465246,2.95668721,2.1274333,1.4263972,0.91855353,-1.61396873,-0.96753454,0.49998426,1.22971952,-3.21640348,-0.07352281,-0.97452629,0.160106,-1.55306435,-1.54216182,-0.79595232,1.51848483,-1.2589525,0.10755479,0.5451138,2.45536518,-2.02859378,-0.25128019,-1.39046586,0.40320772,-1.11657059,0.51284146,0.78882563,-1.44457161,0.77528602,-0.4396621,0.85735178,-1.49252033,-0.67009622,-1.56234777,-1.12362146,0.73423427,-0.02594388,-0.11547732,-0.39704487,0.30595732,-0.41358197,-2.51919365,b'8'
1507,14.39289761,0.87509489,7.47772598,1.83765817,-4.44079304,2.93395615,-0.05553484,0.63731104,-0.25245905,1.81597733,-1.21872449,-2.62476277,1.70976424,-1.59327495,-2.69882584,2.79028463,2.66842151,0.1459043,1.82249045,0.60131216,3.92537403,2.41485691,2.44966078,-1.01941454,0.32076663,1.32217038,0.20449364,1.18303204,2.15594101,-1.62193465,-2.26523638,1.14981484,0.5591144,0.1182363,-0.60318494,-1.93090212,1.92082953,0.48461634,-0.70787752,-0.2743403,-0.06575298,0.71310902,-0.82800454,-0.06095362,-0.04221082,1.04470599,0.84506178,0.13090062,-0.05981438,0.36500216,0.75577182,0.15139198,0.23078704,1.3746959,0.89708662,0.01965725,0.90905178,0.18099996,0.32192868,-1.24199677,-0.8378377,-3.27988744,-0.63762903,0.06244028,b'8'
1508,14.80602264,5.00839424,9.10638618,0.71215677,-2.63445854,0.55313349,0.73290825,0.92802024,3.86049628,1.54188013,0.39685416,-0.95261693,2.06648731,-1.02177596,-3.74933577,1.4759692,0.47224855,-0.63853872,1.88590169,-1.60363698,3.30971813,3.22177458,1.56897974,-2.92039537,0.46692967,0.22116178,0.23755014,0.84186757,0.88794851,-1.15217519,-2.40806437,1.51030922,2.03943157,0.70147371,-0.25543416,-1.19122469,2.86714053,1.03033161,-0.35662854,-0.72952145,-0.56045574,0.54229832,-0.77795166,0.90230244,0.40126777,0.19977003,0.69538122,-0.45709538,-0.36760056,0.63926399,-0.59188312,-0.25248396,-0.750561,2.18058658,0.71191108,-0.71937323,0.81368232,-0.02176902,0.2763744,-1.27045369,-0.58205628,-1.51445818,0.17778301,-0.13303021,b'8'
1509,4.33554649,-11.6403532,5.75278187,6.19463444,3.16968107,4.03194141,2.59001398,-3.31476569,-1.20578241,-2.5162909,-7.04597664,3.63823366,3.38955188,-1.57428992,3.25867677,-2.85213423,-0.7828629,2.98659348,-2.98386621,1.98263121,1.22921944,-0.08200336,2.63371038,1.87936687,-1.76622558,-0.6703943,-1.49406922,-2.24216795,-0.83597803,2.17151928,-4.6113286,-1.36777544,2.582757,-1.91409755,0.4175663,0.84195447,-0.05607033,3.36084747,-0.61061394,0.83044171,-1.32387137,0.47210592,-0.78702992,-2.3399713,-2.41678858,0.54957223,0.99950469,-0.12959766,1.730268,-0.77895427,0.19464056,0.38722175,1.10237658,1.85880709,0.56945175,0.39760923,-0.04958844,-0.02480392,-0.74669433,-0.93622994,1.25264597,-0.73608327,0.7108016,-1.60476363,b'8'
1510,9.33324432,6.92566776,9.43756485,0.96062553,1.09415329,0.91236138,0.07150412,1.23611283,10.00544357,-1.94931233,-0.83947611,-0.07868481,0.04575992,-1.12549114,-1.5213232,0.94638526,4.8597765,-1.98221922,2.61662126,1.59857583,-2.84276247,-2.01379609,-0.32690236,-2.36326432,-0.64444858,2.54496598,-0.843108,0.75369406,-0.72992325,1.68584621,-1.3672415,3.55507612,2.29883718,-1.96674156,-0.89801991,2.50325727,-3.18098569,0.09030676,0.61161768,0.61260676,1.54002166,-0.39441389,0.54533917,-1.43829,-1.7337395,1.03568339,1.27233958,0.15664864,-0.43593889,-1.04986811,-0.13037167,-0.12064749,1.60325527,-0.31850755,1.07628882,1.63082576,0.44420528,1.1647228,-0.91147232,-0.26114935,-1.27919018,-1.11637771,0.1068992,-0.27125534,b'8'
1511,13.72002792,5.41281223,4.41903496,3.46621633,-0.90657878,-1.04524398,1.38573885,0.0627135,1.18394208,4.6686368,-0.8541944,-2.86938834,1.990201,-2.68121171,-2.15956259,2.72381759,-1.56319821,0.25387156,2.62503505,-0.84500623,4.56457806,1.16523087,1.19785869,-1.55394304,1.1362623,1.0545584,0.85864866,-0.18242407,0.65822625,-0.17291373,-2.46578169,1.74263334,-0.15149237,-0.32353503,-1.33310223,-1.27859473,0.86808228,1.66042852,-0.32556236,0.26417124,-1.64857149,2.28321791,0.05129495,-1.7970252,-1.63472784,0.50807375,0.88820612,0.89838779,0.99077326,0.4962219,1.5683068,-0.18959773,0.411587,1.04735589,0.61054194,-1.968431,1.34011579,0.64725119,1.01407671,-0.85823333,-1.58625197,-0.51483017,1.07222235,-1.80370104,b'8'
1512,9.87478542,8.68558502,10.53013802,0.39693496,-0.58651,-0.20300066,-0.07042813,0.78770924,11.59752846,0.43942887,-1.2948494,1.98806357,0.93502635,-3.28115559,-2.28016376,1.71981573,1.76139736,-1.789814,1.36477745,1.87029743,-0.38990456,-1.2798059,0.04217616,-3.46489,-0.81987703,0.36150685,-0.35293004,2.74047565,0.84072089,1.00131941,-2.11067867,4.26150513,1.75704873,0.08671516,-0.15618718,0.8680585,0.57798696,0.88557136,1.11653328,-0.3947525,-2.30719399,0.02294178,-0.15023009,-0.27900207,-1.58391726,-1.68611991,0.76601774,1.43509865,0.59557396,0.39667296,1.63011873,0.74344051,2.07803774,0.8228876,1.18708587,-1.24102592,0.41929841,2.14115095,-0.13866705,-0.040241,-1.43527699,-0.17616491,0.46181309,-3.3750155,b'8'
1513,15.13184738,2.39203739,7.81126976,0.1022684,-1.49112463,1.15334141,-2.13250208,1.1218729,3.07769895,-1.59320283,-0.14187217,-2.6859839,-0.09310269,1.34156001,-0.00995541,3.84483576,0.24564505,-0.8031764,3.78452325,-0.11841702,4.28485441,3.44657183,3.67690468,0.40860128,0.78973234,0.50001347,-0.42338091,-1.36074114,-1.01492262,-0.80276656,-2.14744329,-0.51238894,0.7097522,0.4076423,-0.41590059,-1.23367512,0.6896081,0.37929344,0.83379334,0.48099637,0.61891186,1.14079452,-1.67418873,0.65176111,-0.55751467,0.58997059,1.05315077,1.16837263,0.83121973,-0.83738256,0.12279821,0.12629071,0.21572137,0.11675084,0.8124733,-0.26811969,-0.1936357,-0.57784748,0.78115255,-0.96686488,-0.86973059,-2.04295397,1.36200082,0.83884126,b'8'
1514,6.95625257,8.41319752,11.13384819,0.10184076,-0.21143842,-3.82800937,-0.08533406,-0.83151674,13.94355774,0.59944224,-0.53651333,2.59047604,2.94302416,-1.44059038,-1.99285698,0.29777884,2.10992479,-1.74426591,1.67605662,0.76385927,-1.41093338,-0.38668436,-0.78313422,-3.09724593,-1.6553781,0.29706267,0.45766169,2.80338883,0.08503485,1.05884612,-2.40817451,3.7910037,3.75585723,1.56996632,-0.04256809,0.7296207,0.59296298,0.20310485,0.74293005,0.19680828,-2.79658127,-0.65430456,-0.8392837,0.70933622,0.56610644,-0.91450536,1.06555152,0.22429633,0.34685951,0.23244965,0.83124107,1.10492826,1.22262335,0.74485964,1.28932488,-0.27143931,0.9731766,0.1415801,0.60537189,-0.53071964,-1.2900238,-1.26762986,-0.50927359,-1.09557486,b'8'
1515,15.02886772,-0.81609845,8.00526142,1.67220426,-3.53667116,2.59169531,-1.21000767,3.06657314,0.4730711,0.7144978,-1.26284456,-4.43270493,1.14317966,-1.38469541,-2.67846251,1.71283901,-0.41274512,1.57985973,1.71640587,0.01853991,2.30838227,1.60227489,1.56564093,-1.38908219,0.97353566,0.75917184,-0.08229315,1.08009124,0.56595612,-1.55761528,-1.44264877,0.50233197,-0.10664759,-0.59316045,-0.45093012,-2.08854079,1.45381975,-0.10122472,-0.38180363,0.75416207,0.68371367,1.09605372,-0.76060975,0.62041569,0.58531702,-0.20740244,-1.13145554,1.0367353,-0.39129221,1.03044045,0.11163189,0.05847144,-0.90445805,-0.63959956,0.35523868,-0.25596881,1.51116252,0.57050735,0.00045049,-1.22056592,-1.39034867,-1.42709017,0.40025055,1.68055153,b'8'
1516,8.63326836,6.00370979,11.37554836,-5.08063221,0.96144104,-6.11493683,-3.07218409,1.6614604,6.65590096,0.95544565,-1.43304443,5.5500679,1.5467459,2.95649433,-0.33913803,0.92718339,-0.96000504,-2.41667819,3.6292305,-2.32156849,0.03958676,0.51721776,1.41289783,1.12715912,-0.76333892,0.72073776,0.11226678,-1.03812039,-1.67436075,0.66121995,-3.30003786,0.46808839,2.76742172,-0.45671326,-0.35504627,-2.15645647,-0.1205349,1.30095744,-0.49352586,0.20253372,-1.11985147,-0.58104372,1.15717304,0.55759943,1.07047558,0.72618687,-0.28393459,1.94938254,1.70513558,0.90030062,0.08937277,1.06989717,-0.37068176,2.38583422,0.67287636,0.59292924,1.28296351,-0.90569675,-0.25806788,-1.34936583,0.39877832,-0.67882133,1.28380883,-0.32357889,b'8'
1517,11.9024868,0.96663857,2.52739239,-0.05646145,2.50311422,-0.4903667,-1.37869978,0.19337785,-4.77582312,4.2725873,-2.78074026,0.22999954,0.1613214,-4.90266466,3.89935851,2.43963909,-0.29301262,0.93550372,-0.30248463,-0.45417821,6.28767204,-3.33113432,3.68611836,0.83373308,1.47006285,0.01242686,-0.36744007,-2.68208265,1.8977437,1.02817178,-2.77860594,-0.10385728,0.23271149,-0.63645476,2.29701877,-1.35000277,1.60277247,3.73844934,0.15771747,1.12963033,-2.63604403,1.43056202,1.24082875,-1.57404721,-0.11786389,0.2806012,0.92426354,0.28227639,1.87060595,-1.39177406,0.81965494,0.04216182,1.30903554,0.81983477,1.07957911,-1.66466379,0.36643171,0.39614487,-0.37492207,-1.38683987,-0.87185979,-0.22971046,1.99020898,-0.52232563,b'8'
1518,13.0914669,-6.78257561,5.69619465,-2.40113282,-1.67536438,4.00492525,-0.99894047,0.00181627,-5.36532736,0.96868205,-1.45695734,-1.2124846,1.2137866,0.4290908,2.51545429,-0.93501139,-1.61129606,1.42361498,-0.83327562,-0.28071833,2.35496855,-2.13837528,2.01453543,0.76629543,2.67445087,0.14455096,1.08955431,-2.66542506,0.65186238,0.40771484,-1.96963751,-0.05123138,2.33295703,-1.94835305,-0.16566288,-1.54981792,0.12607598,1.59326458,1.01064241,0.94154882,-1.26341271,3.45818901,0.80951691,-0.29608446,-1.33325183,-0.3497186,-0.86577523,-0.39866042,2.02451301,0.36370528,0.29177192,-1.34034789,0.40193009,1.45100808,0.58599985,1.05535305,1.00485432,1.28933311,0.35069853,-1.23558569,1.40603483,-0.1047135,-0.72004008,-2.3477993,b'8'
1519,0.20497978,-13.38647938,7.03949594,5.99074459,3.83836985,4.19676447,2.6915307,-1.20269871,-0.12529898,-2.60057139,-5.72708511,6.81076145,3.2108624,-0.23636705,1.26084995,-3.93055868,-0.34729946,2.92863464,-2.86579704,-0.01080084,1.41873968,-1.20565414,1.73679316,1.53647661,-1.32544637,-2.53593779,-0.1239379,-2.27917576,-0.30150223,1.31534445,-5.56320381,-0.17889261,3.02554822,-2.69114852,1.37353611,1.24415767,0.26851821,2.76286387,-0.60363638,0.41858262,-1.03756297,-0.27051747,-1.24186242,-1.020401,-1.41403663,-0.28741008,0.71076161,-0.33346772,2.62487245,-0.29715961,0.03603189,-0.73490548,0.5424329,1.05959964,1.50340939,1.39287376,0.81766891,-0.09285703,-0.59538019,-0.877783,-0.29486647,0.64029282,1.70513403,-2.17741752,b'8'
1520,11.37193489,-6.40001106,2.23302007,3.32188916,-0.65072691,2.68582869,-2.16238022,-2.43020701,-5.83689356,1.68815947,-2.93902683,0.68843532,2.07251501,-2.77689815,3.6813736,1.68781435,0.69401884,0.24248397,1.37107801,1.01055169,4.11429453,-2.12728882,4.61706161,1.49699306,0.93236661,1.18275785,-0.55124587,-1.92798281,0.18200183,1.72992575,-4.55038071,-1.18373764,0.85020214,-0.42334372,1.04514551,-2.10426164,-0.29520059,4.03303576,-0.34290612,0.87103331,-0.83197635,1.9174664,-0.30836999,-0.79715705,-0.14007044,1.53688562,-0.62108463,0.57791412,2.37927103,-0.90453416,0.64229906,-0.21511519,1.29198003,0.10021222,0.77399909,-1.2243948,-0.91177869,-0.15092467,0.03198606,-0.08160859,0.36215806,0.34106225,0.49439192,-2.21098828,b'8'
1521,11.57724857,5.70047092,12.28868771,-0.16495813,-1.78152132,0.03438234,-0.00723362,1.77277529,10.62612915,0.37447047,-2.30381823,1.83096814,0.11169112,-1.61290574,-2.97660875,0.94275808,2.49389243,-0.08273906,2.25521326,0.88508964,2.28583717,0.7709862,1.96972227,-4.61444712,-0.36319447,0.93728387,-0.35587928,1.13510656,0.33047009,0.65059829,-3.4534049,2.96680784,1.32679248,-0.25327402,0.42263383,-0.40184703,1.37619233,-0.1971392,-0.11194122,0.18335682,-0.51412416,0.15259333,-0.11193281,0.72733831,0.17416173,-0.40127975,0.82284671,0.53819335,-0.62349951,0.64922214,0.85601783,0.96539128,1.84347808,1.62250257,0.95334679,-0.78780305,-0.46210575,-0.21868049,-0.64099026,-0.39327872,-1.02684855,-0.52496153,-0.96056163,-1.74795604,b'8'
1522,13.28494072,6.03307247,6.0689168,0.26067778,-0.13621211,-3.62307525,1.62876558,-0.60712838,1.10577559,3.8976922,-1.2853632,-0.34420323,0.44770682,-0.43057624,-0.7946701,1.92917013,-2.4465642,-2.79943371,2.52841449,-2.59460449,5.00620651,0.99089718,1.60547698,0.54030347,1.17575157,0.14739403,1.288113,-1.43494105,0.30972791,-0.09034258,-3.22486925,-0.80700505,1.25388312,0.50627333,-1.89853477,-2.09824467,0.4049356,2.83490443,-1.17960155,0.30099094,-1.12843406,2.85693312,-0.57391953,-1.50232434,-2.57609797,-0.00136545,0.40769637,0.32519031,1.76539612,-0.38612008,0.75736409,-0.11675274,0.78913033,0.90090317,-1.18241429,-0.82651561,1.58554387,-0.07131065,0.45225853,-0.33461815,0.17610084,-1.15808773,0.50674105,-2.03376055,b'8'
1523,14.51811123,-4.79661083,7.75243855,2.77532244,-5.38045168,4.90851498,-1.90374613,0.8407954,0.37654448,0.34793341,0.80606604,-3.59478831,2.80132723,-0.01710519,-2.24575281,2.12840319,0.1822232,1.68915272,-1.05808926,0.31715131,2.000983,2.29627538,0.89925766,-2.21350861,-0.01010579,0.77606148,0.11624634,0.06281054,-0.2761898,-1.83443046,-2.25840282,3.0667901,0.6398288,0.48595557,0.53488261,-2.58390784,1.32603216,0.25371867,1.0685215,2.00710893,0.69090807,1.30700099,-0.40031374,0.70183921,0.67729282,0.52088064,0.12273231,-0.49494815,-0.06660123,1.69037092,-0.66130507,0.34106493,-1.18997478,0.93794823,-0.28642744,0.36095965,-0.13430524,-0.29755974,-0.40604842,-2.03039026,-0.10727212,-1.65099764,-2.2156086,-0.22877175,b'8'
1524,5.7553587,-8.09884453,0.82016104,7.54441786,2.65022182,1.53460729,-2.81206846,-3.13515973,-3.32557917,-1.41378796,-3.60063791,1.71119952,2.78452682,-5.05811453,3.25809216,-0.72099733,1.23936486,2.45576191,-2.21361589,1.93940496,4.49505329,-3.76099491,4.55976248,0.07708883,-2.8427639,0.19848755,-0.95357662,-2.51700807,-0.92633677,3.46575594,-2.79826975,-0.8037945,1.55019474,-0.75325447,0.19317663,0.30397299,0.19160748,3.3508954,0.32854819,1.32965422,-0.63111764,-0.01870571,-0.19128747,-1.93848228,-1.68707693,-0.70594072,0.81721771,-1.40092254,0.59098238,0.1351974,0.7698158,0.01940286,2.07044148,1.22403491,-1.40969753,-1.67734551,0.70920992,0.1651296,-0.6373288,-0.86532474,-0.19659314,-0.88107842,0.07898027,-0.61264116,b'8'
1525,9.87263012,-9.09009266,2.22011185,9.12038231,-0.46293545,4.52876711,-0.67844915,-4.43292618,-1.16238785,0.75882792,-2.43599463,-1.61256146,2.37973309,-0.63415211,1.55163312,1.75333118,-1.45386076,1.83204532,0.4051013,2.24393177,2.73060799,-0.05379975,2.73001075,0.08251619,1.64882195,1.98451889,-0.76287383,-0.90581381,-0.87091351,1.12543488,-3.8574481,-0.00172114,-1.44549692,-0.2451573,-0.73757732,-1.97340739,-0.13459182,2.13220716,-0.25947392,0.4471404,-0.38209802,2.63208747,-2.02811646,-1.55706811,-0.3123852,-0.78321809,-0.43391877,0.47737527,-1.38057613,-0.17858148,2.26924467,-0.90862954,1.27391076,-0.66482115,-0.14051408,-1.57532883,-1.34857225,0.99868935,-0.33215883,0.41910768,-0.99936604,-0.41412815,0.35243106,-0.53295255,b'8'
1526,12.22986984,-3.87161994,4.87473583,-0.89106882,0.50349605,1.91877747,0.14443398,0.54243183,-4.52447939,2.39994431,-1.80383015,-1.84235501,3.53477359,-3.96930099,0.86569405,-0.53693652,1.40756392,-0.45466697,0.10695761,0.19279861,5.07048416,-2.10153985,3.37262225,1.40605259,3.05809546,-0.7084685,1.17226112,-3.0593679,0.59819531,-0.09960616,-3.8847928,0.94480777,2.21287584,0.17005819,1.52143955,-1.96001542,-0.3111918,4.16705275,1.02235317,-0.06323364,0.02352118,1.21006262,0.63760507,-2.34367633,-0.53375566,0.83756047,-0.08672465,0.01075435,1.9956429,-0.22572574,1.07166147,-0.92043018,1.08399558,1.28104055,0.76472414,-1.2865659,-0.06561995,1.23322701,0.07765782,-1.68208623,-0.23787281,-0.36586383,0.19405425,-0.92191362,b'8'
1527,7.93843699,-7.61441803,3.6571219,-0.39869642,4.6967783,2.02157545,0.35836077,-3.6777513,-4.11136103,1.62812161,-5.12430143,-0.53101754,4.56997776,-3.2492969,3.78888726,-2.84457874,1.07130575,2.39628863,-3.38789296,3.08496809,3.53214836,-1.22292376,3.26880193,-1.21344459,3.11046219,1.13550055,-1.37935209,-2.68430042,-0.43135357,0.31062567,-2.40355825,1.7578702,1.56661475,-1.0600307,0.29310501,-0.80493748,-0.50109851,0.63296145,0.195068,1.4589653,-1.44041324,0.74637705,0.41771376,-3.57962513,-2.0182147,-0.57009006,1.70575488,-0.80918193,0.58086807,-1.26918864,0.45123935,-1.05883074,1.77784944,0.83648324,1.0812093,-1.73534119,2.24531174,0.281533,1.09371233,-0.65831864,-1.24352264,-0.03106588,1.77984583,-0.89382356,b'8'
1528,12.99258327,2.39469719,12.55537033,-1.5607543,-3.10983324,1.19543684,1.01608038,3.24630356,6.99176121,-2.61893058,-1.69946957,0.15708661,-0.24364388,-2.20396566,-3.93871784,-1.39046264,0.17812383,0.4540652,2.18659925,1.03397536,3.08952951,0.40237033,2.39542913,-4.32081318,-0.6068958,0.32098526,-1.94737124,-0.08750826,1.39718699,2.15559721,-3.109653,1.41670561,-0.29251951,0.19391954,-1.19967723,0.27985692,0.96124721,0.17954141,-0.52984369,0.56257641,-0.51668131,-0.17266293,-0.37447232,-0.00746813,-0.29180586,0.25920832,2.07881737,-0.25492001,-1.01887584,-0.08490318,0.84602141,0.52826691,0.29184508,1.30546081,0.72227699,-0.96343982,-1.08916092,0.60066438,-0.52504426,-0.63741469,-0.48148251,0.17597532,-0.12610447,-0.76578772,b'8'
1529,13.71473598,3.56161737,11.4032011,-2.42792797,-0.05825514,0.6961084,1.11904812,2.93895817,4.07386494,1.63398647,-2.90265036,1.55574274,-0.1537807,0.27436733,-3.01457024,-0.23001671,-0.7775209,-0.8949073,2.64992666,-0.96616864,1.63667727,0.19413149,0.09918267,-0.30145407,1.20077825,0.57972437,-0.31153911,-1.37928605,1.5581069,-0.60007429,-1.39347064,-0.89039052,-0.04287323,-1.15484881,-0.793998,-1.83545625,1.72215676,-1.30123997,-0.50722396,1.20425868,0.43059945,1.32043803,0.33012307,1.80011559,1.02897191,-0.85298944,-0.43075001,0.71398187,-1.1872592,0.86701441,0.32965934,-0.30819887,0.00955629,0.00882804,0.20665711,-0.00026214,-0.19739723,0.55110359,0.06122494,-2.32606411,0.48230326,1.33801508,1.80638444,0.40238777,b'8'
1530,6.29130077,-11.01260376,2.9517355,10.84827614,-0.46044201,5.37841797,0.66669416,-3.90814424,-0.91617775,-1.95205677,-1.81697607,-2.695328,2.39580154,-0.87960267,-0.32035351,0.40039277,-3.95132017,2.00972271,-2.21751094,-0.01008201,3.24751163,3.26440167,2.93452597,-0.45673704,0.3311829,1.0167439,0.56771958,-0.7934671,-0.32830811,1.31334198,-3.35172272,0.44187427,-0.13505386,-2.15524101,0.19335538,-1.41397965,1.53175187,3.51942515,1.65870857,-0.38054967,-0.34776038,1.30707622,-2.11236024,-0.40251851,-0.57203257,-0.44741559,0.96466857,0.43275762,-0.30701733,-0.14859474,1.44896948,-0.64973235,0.10384941,1.70505822,-1.44596291,-1.21565247,-2.22654629,1.14694071,-1.02043831,-0.95945144,0.98496193,-0.7096926,-0.348409,-1.96656609,b'8'
1531,4.15951061,-9.23216629,6.21661472,5.95465994,5.42894316,5.10348129,3.3094759,-3.19810653,-2.37581635,-0.73157436,-7.06301117,6.0158844,3.02584434,-2.53303385,3.16343522,-1.47737169,1.13957524,1.77434683,-1.65223253,1.04391313,0.92048466,0.46900561,3.33115005,1.5477891,-0.02233684,-0.92716551,-1.53359342,-1.91299284,0.28426719,1.19978368,-4.51510715,-0.3558743,3.22225833,-3.12320185,1.30986369,1.30095994,0.92789841,3.50653338,-0.48076999,1.02705228,-0.90762722,-0.55495858,-2.04875851,-1.93346786,-1.63533652,0.26040518,1.34657979,-0.37113047,1.66350317,0.35019767,0.29221937,-0.14747173,2.22714615,2.40593433,1.71822238,-0.00262076,0.11125493,-0.86782908,-1.04778123,0.3989501,0.97927362,-0.85482728,0.22924137,-1.62273467,b'8'
1532,14.72078133,1.63774347,10.98319244,-1.10879099,-3.42313766,3.44907641,-1.96656179,2.39087272,2.47064853,-0.92654347,-0.70009041,2.46156263,-1.6620698,-2.38589501,0.20149851,2.68984771,2.27465606,-0.48323113,3.32618737,0.93252754,1.74488878,0.2891714,0.16665292,0.1875155,1.25113344,1.73122334,-1.21627378,0.18698573,0.09027052,1.14838684,-1.83229315,-0.4483912,-0.32767004,0.69197285,-2.19135642,-0.05331114,1.484519,0.8749103,-2.12388468,-0.81743419,0.87922239,0.09132978,-0.54608214,0.57708269,-0.26548278,-0.4457581,-0.3656618,1.13465643,-0.94838363,-1.40702391,-1.20819831,0.41495535,-0.43151045,1.1513586,-0.80831724,0.62314105,0.38043213,-0.5902589,-1.00360012,-0.74818885,-0.86440092,0.2146892,0.5098865,2.21327829,b'8'
1533,9.26258564,-8.56928635,4.59037971,-2.25031352,0.06751716,-0.73690534,0.68579888,-0.80303502,-3.8567605,2.24778032,-3.54037189,-0.49148154,6.2525034,-2.08942628,2.67449236,-2.91708422,-0.52405536,2.18626165,-0.07176775,3.07069349,4.06167507,-1.65367794,4.05190802,1.20308828,3.2850337,1.43272984,0.9723655,-2.90513682,0.7549789,0.53903055,-2.75219584,0.11735535,3.47987509,-0.8637957,1.30900323,-1.70284235,0.76518512,2.29791737,0.06086302,0.39741671,-0.06746984,0.38685977,0.98699915,-1.66712093,-3.10628271,-0.80624658,1.67850137,1.00323761,1.4986372,-2.069206,1.15060174,-2.71689224,-0.05812669,1.82415354,1.27665699,-1.29507947,2.33796072,0.74548566,0.45618552,-0.79125655,-1.51005685,0.34289175,2.39739466,-1.97159863,b'8'
1534,7.39199305,-9.20174789,4.02983379,0.83838785,4.93177366,2.84686971,1.67485166,-3.84707713,-4.77496195,0.81183577,-5.67588997,0.58577704,4.39970922,-2.63868928,3.77698255,-3.10884428,-1.06861424,1.22337246,-3.18412042,2.77077436,2.8512671,-1.22741437,3.73672628,0.8331933,0.50533497,1.98445022,-1.15829182,-2.85296226,0.37192273,0.66138577,-3.01494217,0.92889094,2.08931422,-1.25520086,0.88817477,0.01361769,0.34927034,2.47036839,0.33368671,1.85937071,-1.38425183,0.26691666,1.43294287,-2.2913959,-1.68038881,-0.07130148,1.58368981,-1.17250037,-0.21424232,-1.55241108,0.24198233,-0.79668653,0.90319788,1.7346065,1.81552923,-0.67372084,1.12354863,0.40158784,0.36013514,-0.74885422,0.1273189,-0.18091971,0.19628036,-1.38509023,b'8'
1535,13.15007496,-0.60378122,3.29275584,5.9316349,0.25701773,3.50940156,1.24739695,-3.77641368,-1.78953838,1.75305057,-2.41770744,-3.91478133,3.25635695,-2.35264492,0.11023021,1.70520508,-0.39005733,0.62670302,1.38156295,0.15948796,4.17147493,1.0320009,2.96969914,-0.9767139,0.52232349,1.9099102,0.3030622,0.26674652,0.5581727,0.68697429,-3.44336653,0.97011971,-0.11233723,-0.17793566,-1.24156547,-1.63192189,0.78862882,2.29806638,-0.72017229,0.4375065,-2.47057128,1.47911155,-0.71234924,-1.21342993,-2.08186722,1.4511261,-0.63593358,0.37483287,-0.02608275,-0.75100458,1.8402245,-0.36507773,1.72689462,1.74166906,-0.3230074,-1.52623773,0.38581014,0.4113884,0.02016753,-1.00923288,-1.76059997,-0.8729459,0.85900164,-0.71047533,b'8'
1536,15.64110374,-1.57484901,7.91625547,1.18236852,-4.87178516,4.16528702,-1.11778355,1.75296879,0.41783905,-1.94381618,-0.65516353,-2.13711429,2.27645636,-1.52231526,-2.73998547,0.93112266,-0.24895775,0.57682371,1.96965361,-0.08754063,1.72734547,2.43545437,2.00279808,-2.98622012,-0.09292424,1.0328455,-1.52685201,0.9742676,0.57708502,0.1358639,-1.72742689,0.93304229,1.48864722,-0.39097148,-0.67302978,-1.07051146,1.80776143,-0.14648753,-0.5499686,0.04423594,-0.01887524,0.20481347,-1.47927129,1.25776231,0.0325036,1.38102388,0.52213877,-0.27206063,-0.77793247,0.78567159,-0.05906014,-0.53229487,-0.49081016,0.97873688,0.16086847,0.12770337,1.37097037,0.09839717,0.26584059,-1.71069479,0.59256071,-2.72605634,0.13190842,0.54838187,b'8'
1537,9.55853176,-9.32571125,4.38268232,5.26264572,1.01947939,3.59313941,0.5664041,-5.15235424,-3.49773932,-0.1684275,-4.03975344,-0.6330297,2.9277761,-0.7875616,3.12174559,-0.60315251,-1.81767559,1.67116332,-0.58527899,2.71255493,2.64418077,-0.98900694,2.9814508,1.44307709,1.08303809,1.06621039,-1.01048601,-2.98849106,-0.95832443,1.33917201,-3.60226202,-1.29493964,1.35841,-0.61061651,-0.01395029,-1.8722645,-0.48442245,4.12484312,-0.06526577,1.2497108,-1.02614307,2.44982982,-0.49036705,-2.06592536,-1.52640378,-0.24268974,-0.89485168,0.23612475,1.48609114,-0.7968663,1.91654015,-0.71459174,1.11999965,1.61359894,0.27779394,-2.37281132,0.29848671,0.21108603,-1.06654096,-0.78709596,0.63797516,-1.01362479,1.08745611,-0.32543904,b'8'
1538,-0.23875952,-12.22393799,6.31698227,12.52174091,1.85363805,4.71677208,1.36734557,0.36539131,0.67402267,-1.24201918,-4.47748661,5.00465679,0.7592656,-0.70039105,2.97189713,1.3760525,-0.12454677,1.79433298,-0.34278947,0.43763304,2.80609441,0.60229254,3.11812401,1.3011651,0.85665107,-1.28861487,-3.75070143,0.36954963,-1.7784729,3.19823742,-3.39788723,-1.32121325,1.09447241,-2.3033874,0.12235105,0.52651381,-1.18418336,1.27751112,-1.63318074,2.04484224,1.48600221,0.26239935,-3.79774308,-2.66964793,-2.53533554,-0.26209909,0.88141477,-0.86654615,1.47494078,-1.35954452,0.15863194,-0.81047702,-0.10764432,-1.70370674,-0.50436753,0.25131059,1.33341932,-0.21191891,0.17056739,0.08472586,0.16186385,0.08382726,0.91052997,-2.12921405,b'8'
1539,14.88286018,3.57191133,9.12359142,-0.16521274,-2.99647617,0.81930488,-0.77229929,2.25294948,1.26402187,1.39499438,-1.53684711,-0.03541946,0.0846076,-1.50900733,-1.76616001,2.6971097,0.05039477,-0.25709134,3.23339295,-1.34510255,2.90973401,0.59719491,2.42297792,-1.13081825,0.9753381,0.80706435,-1.06035185,-0.30056423,0.82576632,1.25243342,-1.84866774,0.12726212,0.00092633,-1.33905268,-1.99336457,-2.65692735,0.39331532,0.41031516,-1.49192846,0.04561454,0.13131297,0.90203649,-2.12154198,0.11164884,1.10885108,0.53017992,0.01608787,0.72604644,0.65469569,-0.38454261,0.0516828,0.83981574,0.25518417,0.37780285,-0.50776643,-0.96433395,2.13752508,0.27488154,-0.00556582,-1.74861753,-0.33841997,-1.24488199,2.113554,0.20656064,b'8'
1540,7.98979044,-6.77955532,3.92789936,3.31449294,3.712708,2.11162019,2.21292639,-6.01323509,-3.48705339,2.44660211,-4.20452929,1.11126804,5.70357943,-1.59771562,1.85554147,-3.08203316,1.39358902,0.26403105,-0.6975987,3.71831846,2.22578502,-1.92713332,3.60787368,0.40157557,1.40605414,1.22586596,-0.10550061,-3.06539083,2.62436914,-1.32315874,-3.72693396,1.17592049,3.43662405,-1.11384869,0.46679991,-1.8167547,0.94798803,1.78918362,-0.2735467,1.08534098,-0.84992015,1.21527004,2.62807798,-1.3988266,-1.70189488,0.17284214,0.6342144,0.40167308,2.35269475,-1.0014534,0.07829984,-0.5099721,1.41860461,0.3050884,1.69746137,-1.52929306,-0.26065159,1.30082428,0.5146181,-1.65392828,-0.56706017,-1.47513509,1.18184829,-1.42624044,b'8'
1541,12.87633705,0.57527757,5.86204529,-3.76561093,0.34192264,0.11989975,0.80863953,0.53619015,-3.17377615,4.04793215,-2.97907972,-0.41655135,1.49865556,-2.84665489,-0.62156153,-0.51002955,-0.9464829,-1.92726898,1.9777503,-2.11626983,5.098773,-0.94648606,2.19953656,-1.61903787,3.9117856,-0.75354379,1.24439657,-2.45025849,0.53532195,0.31544173,-3.59344292,1.37056541,1.3765682,-1.21457767,-0.04571271,-1.81259239,-0.14361691,1.77787054,0.53307164,0.46339148,-1.06423759,0.42972553,0.52669728,-1.63444924,-1.61769688,0.40617138,0.72028118,-0.29858375,2.13722444,1.1177876,-0.3948369,-1.16220486,0.62006259,0.96873105,-0.33886665,-0.83431351,0.21664357,-0.00499102,-0.11117771,-0.67717069,0.98206443,-0.874834,1.13379931,-1.67033195,b'8'
1542,8.67829704,-10.4670887,3.66544819,7.69610691,-0.44211769,3.57977486,0.35809708,-4.50395107,-2.23756409,-0.80011022,-4.36199856,-0.6539433,2.53023148,-1.26168633,3.90052915,0.71935284,-1.99521506,1.98497415,-1.51545465,2.24328184,2.56729722,1.70977497,4.0294342,2.04949903,0.3292616,1.57156813,-1.13651466,-1.93767285,-0.67402649,2.30439568,-3.67628241,-1.89450741,0.05307165,-0.44315869,-0.93239188,-0.97677612,-0.10365248,3.55407882,-0.01615179,0.85150838,-0.65431762,2.35972905,-1.86821842,-1.95390296,-1.86729705,0.22331309,-0.46845877,1.15570486,0.61009091,-2.23314524,1.43948555,-0.19399786,0.71832681,1.59938431,-1.66531086,-1.63594532,-0.86880112,0.88091552,-0.56830615,-0.41939116,1.32318306,-1.11586869,0.4424063,-1.15769601,b'8'
1543,13.83854675,-1.13583922,5.47400713,3.6533103,-3.22307777,4.06260109,-0.07296157,1.15665829,0.2697525,4.06997681,-0.50719213,-4.12312794,4.7845602,-2.34228182,-3.13238525,0.96948779,-0.43076801,2.09566283,0.674523,0.85287857,3.06582808,2.05911326,2.3175838,-0.57446551,0.90655637,1.41129124,1.15072191,-0.43985975,-0.05150652,-3.04054546,-1.50053108,2.66339588,0.75031114,-0.62888342,1.36282802,-3.4901576,0.54142642,1.17369914,1.23834896,0.14270437,-0.60522145,0.76887137,-1.5990591,-0.18033502,-0.23676217,0.05868027,0.27504301,0.51803851,1.74108338,1.72393978,0.3638252,0.60591584,2.10116482,1.44950163,1.21280444,-0.01936805,0.74172235,-0.1166167,0.17994738,-1.7072444,-0.60818201,-1.1159476,-0.28235894,-1.09451389,b'8'
1544,13.58465481,7.11873531,10.33658409,1.06054795,-1.83003092,1.47304201,-0.67448521,1.90747118,7.39387751,0.1493516,0.7519933,1.40044546,1.36992836,-2.15845942,-3.46942902,3.18814468,0.78643823,0.13857782,1.17760634,0.773175,1.36231077,0.69908267,0.95829594,-3.12069535,-1.11824214,0.82303494,0.31590658,1.55705595,0.59330058,-0.82734495,-1.98143661,3.93946886,2.10334206,-0.25766224,0.10661817,0.09831673,1.45778632,-0.00738752,0.53993738,-1.16142595,-0.83750224,-0.48862433,1.13951957,-0.55410331,-0.01710379,-0.26279682,0.65783334,1.49420381,-0.56862521,0.4163115,0.20566955,0.78724086,-0.99590445,2.3513,1.29417717,-0.07136047,0.64809513,-0.02500124,-1.46865463,-0.35951704,-0.80692178,0.44233972,1.70268595,-0.05255849,b'8'
1545,9.34399223,-4.02851629,2.2418251,-0.55365646,4.42936516,0.61791712,-0.72246933,-3.07665896,-7.65296507,2.67599988,-1.97012568,0.09737039,5.38375282,-3.09221935,2.30090523,-1.06211305,2.30241609,-0.63251674,-1.88698518,0.83905625,3.55434895,-2.13736987,4.11054993,-0.17077088,2.85521936,1.39657438,0.84229553,-1.50965989,1.51267886,0.2859906,-2.36991024,1.74891806,0.60691822,-1.53300238,0.13767743,-2.00917625,0.56329656,1.92906082,-0.32070839,1.18148994,-0.68618584,1.55163729,0.10843243,-2.57098675,-0.62686598,1.17532814,0.13611189,-0.10689378,0.76360488,-0.9283157,0.08347277,-0.84665751,2.01217413,0.86601532,1.00809276,-2.4698627,0.27414227,0.65059245,-0.47033641,-0.86946601,-0.69258982,0.15432042,0.70574892,-0.01193702,b'8'
1546,13.30825424,-1.46479297,5.85356522,1.94004869,0.44975626,3.2348597,2.17159081,-3.29916167,-4.24117613,3.92029905,-1.30509853,-0.17308259,3.83782005,-1.27127135,0.39025688,1.52179074,-0.53583801,-1.40330553,0.41692346,-0.05714393,3.32110333,-0.24265999,2.61448002,2.2718997,1.22300136,1.72659671,-0.01795658,-2.85198998,0.8487494,-0.66334289,-4.27305317,0.4333353,0.7025038,-0.39498645,0.3773821,-2.43265557,0.38951397,3.71285176,-1.32447803,-0.33599955,-1.98075283,2.49346137,0.20636187,0.28741068,-1.22673547,0.1563966,0.12760061,0.04514718,2.90885544,-0.12947774,1.35231197,0.37926438,2.89541459,1.30957353,0.78360128,-1.36980581,0.08336616,-0.15877329,-0.27161714,-1.68641973,-0.11058238,-1.04232514,0.70304227,-2.45026588,b'8'
1547,12.40043926,-1.93405294,3.02629352,7.08279848,0.03138751,3.56103158,0.44172978,-4.34198952,-2.59146595,1.43322027,-2.70196962,-2.83183169,3.04290771,-3.26982522,0.03806257,1.70689082,-1.1362288,1.6325779,2.03864002,0.44795561,3.35772204,2.44147134,3.45543933,-1.25993693,0.52196324,1.88222992,-0.64917397,0.08350945,-0.13112497,0.12245452,-3.57084608,0.38334346,0.04769823,-0.94274455,-1.07700038,-2.06246901,0.45266795,2.31860566,0.13204575,-0.178516,-2.30370426,1.16696751,-0.66574687,-0.8798846,-1.55596483,1.93754148,-0.54370421,0.71258759,-0.3991679,-0.43410349,2.37849236,-0.10066783,2.06500506,1.40050864,-0.08045083,-1.75564504,-0.44332528,0.28825936,-0.21390787,-0.60908878,-1.82820511,-1.02123654,0.98617971,-0.78077126,b'8'
1548,-0.86872035,-11.736866,3.67873263,10.26473427,1.60309398,6.03807068,2.44162703,1.91519785,1.46792388,-1.14019322,-6.5185318,7.82925701,0.2186861,-1.32006335,3.54835916,-1.64910674,2.4892323,4.88764191,3.2124033,-0.56096077,1.75972617,-1.01108861,-1.8212055,4.831604,-0.43072811,-1.44783449,-0.93883234,0.48608983,-0.13946104,1.7867862,-0.92721188,-1.32618272,-0.36239672,-1.43584514,-2.16541862,-0.44429049,-0.47527432,1.47132337,-2.37577915,2.27352667,1.63185263,0.22913063,-2.16916084,-0.77960473,-3.03088331,0.14824641,-0.18564324,-1.55743146,0.68463612,-1.02936625,-0.63237852,1.46921802,0.39865136,-1.02179623,-1.50009179,1.25830102,0.41219068,-0.43355262,-0.29873237,0.60588515,-1.02634788,1.78362632,1.66195786,-0.67026722,b'8'
1549,7.08959627,-6.96300602,2.95258737,11.60472965,5.37416649,3.01736593,2.33448505,-1.99390292,0.29212618,-6.89023066,-1.6271925,-0.98728108,3.52489638,-0.94314128,3.05152035,0.87255609,-2.79826641,4.33263683,-1.81233454,0.59776282,0.03603506,4.69110632,-0.05707493,-1.62088287,1.98157084,-0.56669199,-0.91776371,0.17632389,-1.14609432,1.55559385,-1.63185918,0.8839128,2.3051064,-0.43773073,-0.9466058,1.43764269,0.80804038,3.86896062,-1.57258093,2.95901036,0.51580417,0.76355416,-3.08850861,-1.43594682,0.18941891,1.082847,1.15992904,-0.55818582,1.0736618,0.21574581,2.57347775,-0.37682486,0.4190731,0.30003798,0.43392399,-1.19117022,-1.26219463,1.53414214,-0.75711989,-0.99867338,0.67828178,-1.0900346,-0.97133917,-0.05267356,b'8'
1550,11.99754143,4.53054762,11.44208622,-0.1406071,-2.41338158,1.56862974,-1.01810074,2.64496565,8.61050892,0.07229048,-1.36748505,0.68464804,-0.90966868,-2.62771845,-1.89822006,0.16655672,1.93838882,0.58163273,4.30214977,1.31126475,1.54257083,0.8550123,-0.04190078,-3.2576046,1.37559378,2.0511539,0.94296002,0.27756476,0.2621839,0.18042159,-1.42528689,2.08009005,0.64748734,-0.7061587,-0.9355284,-0.29387227,1.30642748,-2.23744202,-0.02964437,-1.6200062,0.95544481,1.0726583,0.46287042,1.10170221,1.11261594,-0.11613244,-0.72500962,0.96952844,-2.41940117,1.07966149,1.19758117,-0.34220207,-0.38444972,1.46201527,0.02077204,1.0702101,-1.25425005,0.01706222,-0.42766932,-1.29735374,-0.44129848,1.10774422,-0.76448679,-0.04509897,b'8'
1551,15.47912979,3.41497326,7.74677372,1.44927728,-2.68058062,-0.29887009,0.89199519,0.16181391,0.97630692,2.4812479,0.38007188,-0.94918799,2.4510355,-2.15984845,-2.64893579,2.48532557,-0.11350477,0.08677459,3.08212757,-2.32011318,3.51360488,2.69161797,1.96306849,-2.05867648,1.30555212,0.11564872,-0.92285401,-0.00014329,0.41373158,-0.54565281,-2.27228928,0.57093716,0.83400673,-0.18441111,-2.08576989,-0.7951144,1.80958343,1.24277782,-0.39640248,-0.35341841,-0.49038458,0.80650258,-1.73658049,0.479761,-0.58012271,0.86790466,0.23444833,-0.24198937,-0.07720289,-0.14162177,0.72675449,0.51881182,0.0528183,0.67061847,0.14781344,0.23370707,1.56630278,1.07860625,1.18843651,-0.88340908,0.1682459,-2.12223029,1.10578883,-0.83570451,b'8'
1552,14.72541809,2.38667488,9.12800407,0.57971466,-3.60751677,3.54391623,-1.65628862,1.77241731,1.56251049,0.01199934,-1.27669859,-1.86564612,1.28813565,-0.84629518,-2.42926788,2.21353602,0.51222277,-0.81204033,2.00051332,-0.13837767,2.38553333,1.25982881,1.99124193,-1.19097495,-0.001257,1.32963634,-0.20024233,0.56028175,0.62063575,-0.3193689,-2.02453661,2.0961566,0.5708136,-0.2876125,-0.57129467,-1.66616666,1.1171298,-0.37374717,-0.74024284,-0.00045127,0.95394635,1.01963449,-1.27104175,0.13554375,-0.30370808,0.20146099,0.10632764,1.50433934,-0.06878288,0.25344163,-0.34668773,-0.11738938,0.61497056,1.50282848,-0.3119449,-0.54423499,2.2950325,-0.06262727,-0.26774371,-2.06622148,-0.87682253,-2.06674981,0.68468714,0.95481443,b'8'
1553,13.54521084,4.14052296,5.06483173,0.94082332,0.22069228,-1.42502928,2.3892355,-0.63999462,-0.80861044,5.81018019,-1.40834379,-0.26054215,0.47623855,-2.33314252,1.47220135,2.23167467,-1.40340078,0.14484477,2.93208933,-1.54428661,4.43721008,-1.06246614,1.38060772,0.93483043,2.99605799,1.13007534,-0.08913958,-1.9072094,0.58828473,1.3634702,-2.47916937,-0.71462774,-0.64590305,-1.41072321,-1.83012414,-1.08766603,-0.14218974,4.18266201,-1.10893548,0.33612573,-1.49147677,2.82431912,0.59273469,-2.30758524,-2.27945805,0.97390509,-0.05633833,0.48117042,2.52502823,-1.54084229,1.00822747,-0.91070747,0.97891402,0.7491926,-0.22521025,-0.5216437,1.15715909,1.49274087,-0.30047837,-0.71225214,-0.34320411,-0.61915529,1.64330447,-2.10770392,b'8'
1554,14.71377563,-4.68080807,6.26154757,3.95514989,-3.69974136,3.70131707,-0.8629632,-0.53380573,-1.9036293,0.85773551,0.1948266,-3.09674144,4.24839878,-1.20330763,-0.77515507,1.6680975,-0.154598,1.60329819,1.49108708,0.51056004,1.90754628,2.04085398,2.87472653,-0.55599666,0.41159844,0.72381371,-1.02727818,0.29822552,0.17178917,-0.36653957,-2.60828924,1.13633418,0.8441233,-0.40792185,-0.94849491,-1.83111274,1.18065596,1.26000464,0.32676733,-0.27018714,-0.28952307,2.7922318,-1.64944172,1.32945776,-0.81695664,0.98357105,-0.36484015,0.69130027,0.45412403,0.85032654,0.59298259,0.10136616,1.61518621,0.18749154,-0.66800934,-1.14235353,0.49519086,0.44144344,0.87862831,-2.24027538,-0.81360191,-1.42013955,-1.06403589,-2.07272816,b'8'
1555,14.07866383,-3.48643017,4.07732391,5.77437401,-1.50155449,3.90605354,0.30619669,-2.37985396,-1.42699528,1.75799537,-0.1953752,-4.44132614,4.6825285,-2.09379196,-0.77970171,1.21431684,-0.50319433,0.84473693,1.4652611,0.05381966,3.2119112,2.3913033,2.97532964,-0.43427467,0.66730893,1.85126173,-0.11140656,-0.50752294,-0.02828264,-2.14575577,-2.82254171,1.99450302,1.13377082,-0.37910658,-0.43510711,-0.88283575,1.15145612,2.07996082,0.15570974,-0.44797021,-1.11061907,1.68705678,-1.76485705,0.93098789,-0.40967739,1.33153784,-0.65216553,-0.18955636,0.70990896,0.74346483,0.87478113,-0.06493509,1.50023866,1.20625126,0.8185147,-1.07190228,-0.65043116,-0.13963653,0.10608327,-1.42694354,-0.42570856,-0.19930193,0.21653724,-1.72963071,b'8'
1556,11.92423248,-4.071105,3.42656875,5.80248976,-1.2306819,4.23788261,1.18504453,-3.30910134,-1.31354856,2.05065107,-2.62420321,-5.2610817,5.53739834,-1.10129309,-0.27632236,0.38453412,0.66669989,2.72793174,0.33642882,2.59214687,3.9280014,-0.47860259,2.26807213,-0.13075089,1.03787959,2.06358004,0.35264766,-0.60494781,1.35578752,-0.16640532,-2.06430912,1.99069357,0.53033757,-0.57013685,-0.52711833,-1.90019834,0.8855052,1.69654441,-0.32736742,0.64538836,-0.67794025,0.96355605,-0.18788807,-2.20951939,-0.56390429,0.1532796,-0.33932245,0.19300103,1.1113832,0.68649721,1.85181415,-1.08343053,1.50964212,0.58001029,0.28333646,-1.71108389,0.12193847,0.45172232,0.16560411,-1.80212879,-1.08567989,0.15161973,0.04150337,-1.45506978,b'8'
1557,0.93487322,-15.65146637,3.28843713,3.80940413,3.18748951,1.85767758,1.86967576,-1.99009943,-2.32573032,-3.24405503,-5.29323387,5.82769108,1.08465564,-0.59838492,4.04957294,-2.48269939,-3.21796322,2.37849045,-4.61189842,1.28692222,2.11296272,-1.32196832,3.32943392,0.55098581,-1.3451128,-0.32228255,-0.78515029,-2.00757337,-0.42211151,2.24293184,-4.92809772,-0.36101484,1.68468046,-2.22810936,1.65483737,2.33507657,1.16743255,3.11258149,0.85300601,1.2799871,-1.1724776,1.18031371,-1.77915204,-0.85887063,-1.26396453,1.16898894,1.42901778,-0.15592146,0.45185518,-1.40434372,-0.57809013,-1.64184475,1.14579332,2.0259409,1.11188793,1.19120443,0.25088263,0.05142139,0.61227196,-0.98418301,-0.18396547,0.10756475,1.90697873,-2.19806123,b'8'
1558,12.03734493,-3.5422833,4.61897469,-1.30577207,1.94828117,3.60038209,-0.74801159,-2.04044771,-6.4758153,3.08263493,-2.59814167,-1.08025908,2.24713874,-0.89910001,1.76093864,0.33283019,-0.22294867,-0.25916135,-1.04967093,-0.16303778,3.34765339,-1.5992744,2.35236597,-0.22440147,2.11246538,0.46555972,1.32456183,-1.09854579,0.69978404,-0.63150048,-4.24796581,1.88724899,2.15513945,-1.13516307,1.05390024,-1.95230377,0.59194875,0.95096612,-0.13465357,0.19840151,-2.34393597,2.29534411,1.08304203,-1.58638382,-0.66754234,1.14672148,-0.07553838,0.98503542,0.94811374,1.31487989,1.54892373,-0.50582957,1.89366841,0.93009949,0.76789534,-2.4259789,1.00695264,-0.19839238,1.05862308,-1.60288215,-1.31544423,0.96822065,-0.47312424,-1.39234924,b'8'
1559,11.98983574,-0.72543263,3.62883949,0.46736756,3.51525974,1.07277608,2.91507435,-3.97541976,-5.10785151,4.62696171,-2.41225004,0.49902391,3.71193576,-3.54291987,2.31783772,0.23724055,-0.06748486,-2.11432648,-0.43944085,-0.06178617,3.64509773,-1.49217343,2.78705192,0.27122831,2.2466979,0.24056458,-0.17617744,-1.49105871,0.40202546,0.54145586,-3.19000673,1.35678291,1.93420553,-0.60580891,-0.0323838,-1.4126507,0.49145794,4.50411797,0.17218876,0.16161889,-2.40600872,1.46665657,1.78478694,-2.28152394,-1.97101247,1.08605492,0.27796078,0.4420898,1.90560865,-0.11430556,1.02088106,-1.22702444,0.8497858,1.83012855,1.63073659,-1.29114175,0.85897768,1.74767935,0.23296964,-0.93423009,-0.93816531,-0.7307061,1.00935614,-1.65012193,b'8'
1560,14.13265705,1.12394094,7.37041998,3.46730947,-4.03388071,7.06623745,-2.49800158,-0.00746918,2.71982408,1.33127964,4.41897917,-0.12078094,0.78425062,0.36785308,-0.19777107,2.43767715,0.91379786,2.99532437,-0.04066432,-0.49604034,-0.19829123,0.78448105,-1.43037343,-2.9378736,0.22826165,2.96723747,1.34575605,-0.01877564,-2.49210024,-0.24708092,-1.97182667,4.24711895,1.01843798,-0.61066216,-0.65102506,-0.33633843,2.55886292,-0.48196226,-0.51400745,0.46413392,-0.04541016,1.83621967,1.41455936,0.85133964,1.47568285,1.21913671,-1.01623547,0.35477495,-0.11014555,0.67461681,-1.34892821,0.15799469,0.53202033,1.75212502,0.77819312,1.35189223,1.29521084,-0.42380208,0.52515775,-1.97041631,0.92406613,-0.17791791,-1.85718203,0.87173104,b'8'
1561,15.0795002,2.35802221,8.98312569,2.0782783,-3.40542316,2.51251006,-0.36915016,1.20796287,1.77135944,1.71192598,0.78658104,-1.84219193,2.51807022,-2.58248949,-3.34773016,2.22792554,-0.26236022,0.63517511,1.16561687,-0.73724806,2.49314332,2.52678275,3.01870942,-2.54372334,0.25573558,1.69273531,0.26922369,0.38767481,0.39161444,-1.92589748,-1.81899488,2.61118126,0.76110876,0.82198632,-0.39541399,-2.12059307,2.68572354,1.34128618,0.5302459,-1.16670525,-0.60489494,0.51073581,-0.56371331,1.18164086,-0.3785578,1.23973572,0.1738805,0.5300138,0.81475157,0.53146875,-0.55239207,-0.02827799,0.03753471,2.55650091,1.68839073,-0.54401493,1.2563051,-0.806835,-0.34275839,-1.11532843,-1.28883052,-1.90336394,0.30236626,1.18299317,b'8'
1562,10.48466778,-6.70997047,4.55028105,3.10470867,2.5220499,3.02413464,1.98886883,-3.93403316,-3.83675909,3.310251,-5.34460163,1.37195587,4.13754511,-2.2371428,5.03186417,0.43138182,-1.3749702,1.08813763,-0.54260969,2.79759312,2.50586557,0.26539838,4.00764275,2.34115982,1.2027247,2.72062683,-2.63878155,-2.76051855,0.46113801,0.92372572,-3.85997248,-0.67143726,1.44466352,-1.0909884,0.91110778,-0.53847849,0.56746101,2.64543533,1.11708736,2.1360116,-1.24493027,1.48900151,0.02787702,-2.3218987,-1.82759249,1.56247687,1.17462504,0.69163191,0.34926838,-2.05300522,1.37479162,-0.93121934,1.65486205,1.6035527,0.98446012,-0.23733419,0.25550771,-1.10057318,-1.35591388,-0.48916686,0.64313358,-1.52374434,1.41169846,-1.20316601,b'8'
1563,10.10983849,8.37761688,10.9140377,0.55464101,-0.93197083,-3.61610675,0.63134336,1.06098318,10.70817947,0.92469049,-0.470016,3.35991788,0.70957267,-1.14006662,-3.50862741,1.85615277,1.68860173,-1.35831451,2.29294276,0.62049961,0.02358645,0.30535352,-0.31173864,-3.75542855,-1.958498,0.60176593,0.24360913,1.07724285,-0.3943491,0.23588908,-2.40138769,3.10594606,2.38268948,-0.23925,-0.07943606,-0.51742518,0.71712112,0.39178056,-0.52946723,0.28033662,-0.78718847,-0.14530332,0.70778996,0.00894384,-1.19844759,-1.17878866,0.24573897,0.73746276,-0.77899808,0.15588599,-0.05513017,0.40850142,-0.30827284,1.49925685,0.826401,-0.70178032,0.44612575,-0.26229244,0.1435886,-0.38419557,-0.75585699,-0.27864796,-0.24941152,-1.77546406,b'8'
1564,12.73968601,-5.12009764,5.99172688,1.63062441,-2.70648766,3.39349246,1.0162549,-1.31498051,-3.24039316,-0.30321968,-3.18922758,-3.75360656,2.57648516,-1.47262573,0.57081223,-0.1107862,-2.83575964,0.77200496,-0.98305559,1.63306427,4.72295523,0.87667727,3.61644292,1.92098808,0.86575282,2.01065326,0.2909351,-2.68773794,0.55019665,0.20122862,-2.92457867,-2.35229254,0.88947701,0.56578994,-0.96459627,-2.10898447,0.36812425,2.99870372,-0.16636968,-0.4648509,-1.09586608,2.18958139,-0.47319129,-0.82538855,-3.19224644,-0.42458308,0.25672308,-0.49385142,1.84526491,-1.34261227,1.9952786,0.66447377,1.06839073,0.68637413,-0.17670268,-1.26525319,1.38521683,-0.42231524,0.80419916,-1.15625334,0.56403583,-0.52462739,0.8789494,-1.4583056,b'8'
1565,10.26634598,-7.9244895,0.50589824,3.31231451,2.81020546,3.77938676,-1.39343071,-2.42314267,-4.98442793,-0.53863132,-4.65539789,1.49788237,-0.00652039,-4.10654831,4.98725367,0.36125958,-0.27977169,0.40181577,0.14393723,0.45210004,3.9391315,-2.88797474,2.15179658,1.40596819,1.87249696,1.07579958,-0.68330085,-2.16974711,-0.99178934,2.21020746,-3.50389051,-2.66677427,-0.56711757,-0.48734862,0.92829096,-0.93123865,1.05898809,3.96278572,-0.16288579,2.95760465,-0.96669155,2.1151948,0.3325296,-0.81751335,-0.70281577,-0.23989789,-1.52585769,0.18787265,-0.859559,-0.50665307,-0.05012263,-0.84352076,0.85558391,0.10798013,-0.63861805,-0.2073248,-1.66350651,1.25403965,0.27346909,-0.39460021,0.14440404,0.29081881,0.83603179,0.41140729,b'8'
1566,14.27612209,-3.94310093,4.81193161,4.05189514,-2.43594646,3.96501327,0.58710194,0.00016403,-0.5863862,0.42145896,-0.68899345,-5.59738636,4.0057621,-1.52622831,-0.95982361,0.49444759,-2.75850105,2.11583233,0.37326878,1.36011314,3.23159289,0.91403252,2.3783803,-0.96389115,1.21602738,1.33589816,0.51921487,-0.82636487,0.67658353,0.10817438,-2.58264971,1.79576445,0.63527328,0.43245691,-0.39336419,-1.98514736,0.99918461,1.71335983,1.01228571,0.28913212,-0.70992732,3.05461049,0.13675429,-0.03227098,-1.10444796,0.60334277,-0.36754346,0.02292943,1.4692328,0.23578888,0.80628151,-0.66865909,0.86086977,0.03870749,-0.36944777,-1.67087817,0.89967823,0.93083465,0.70858997,-2.65921116,-1.19495678,-1.31252217,-0.3825292,-1.30948901,b'8'
1567,15.10582924,6.266222,7.27835178,1.79103875,-1.93061543,-0.32838809,-0.3542366,-0.91926908,2.24167252,1.52466178,1.12350333,0.02047062,2.48920512,-1.24286723,-2.4288125,3.05720425,-0.80096841,0.08363557,1.59131038,-2.14964247,3.30330729,2.62546468,0.74398363,-2.03894925,0.04607683,0.94885844,-0.63152832,0.28068638,0.37619925,-2.17500687,-1.8402108,1.2060461,2.0331862,1.57911253,-1.06887078,-0.93113673,2.88007569,0.44954586,-0.95712316,-1.35088027,0.27065754,-0.16600706,-0.64590466,0.07732855,-0.89056456,-0.49659723,0.95620227,-0.51583171,0.93095642,-0.32871336,0.76352197,0.54432309,-0.17782211,1.75515544,1.6404494,-0.00968689,2.0411191,-0.23767044,0.54018253,-0.75768077,-0.43788779,-1.2001133,0.53785384,-1.86903751,b'8'
1568,5.4289484,-8.81099701,2.81296706,10.30059052,0.58728266,5.48421764,1.48881435,-5.04497242,0.3848114,-0.46003899,-4.64863777,-0.53926206,5.72044992,-1.38762438,-1.31764746,-1.41996264,-1.07681823,4.05938721,-0.90773952,3.38930416,3.14966774,1.94203544,2.06614995,0.08321667,-0.61337608,1.10249424,0.82873058,-0.17492479,-1.35443735,1.19076025,-2.89395905,0.56013083,1.67641473,-1.57605958,1.0115236,0.41799358,1.17625117,2.5173099,0.80279863,1.07347095,-0.16421044,-0.2420163,-0.38621545,-2.57591414,-0.33890438,0.33404744,0.7663064,-0.18968606,-0.77761161,-1.49887371,1.7555114,-0.14301443,1.22519815,1.84257948,0.287929,-0.77270269,0.01630378,0.62508905,-0.96318954,-2.05898952,-0.28514028,-0.41547674,0.57564843,-0.44956091,b'8'
1569,11.35140419,1.54054213,5.36492491,-2.68127203,1.57057106,-2.39100194,2.51562595,-1.49428511,-2.73014498,4.71729755,-2.62682915,-2.06024671,2.18635273,-2.58506131,-0.32092857,-1.88418961,-0.84409887,-2.67424536,1.18552852,-3.03364754,5.99468231,-1.11718035,1.24583018,-0.94171083,3.33929205,-1.48529649,1.74761784,-2.33406115,0.56486964,1.10447311,-3.3535161,0.62918043,1.30561531,-0.0721243,-0.22349358,-1.28473198,0.96644974,4.1652832,0.1825279,0.70676506,-2.49327993,1.89483929,0.58451009,-1.77254462,-1.20535624,0.13986856,0.00147991,0.22840667,2.39690089,0.52994621,0.17604443,-0.23856974,-0.36507034,0.37636745,0.150675,-2.53949213,-0.03452039,1.19355571,-0.59008825,-0.82211423,0.35953909,0.60301799,0.48827398,-1.62768316,b'8'
1570,12.24210072,2.47099161,7.39163637,-3.34425759,0.46317565,-0.70096755,0.27508497,1.70248103,-2.95630312,4.95103407,-2.38763285,-0.16334319,0.80432618,-2.07507563,-0.89271927,-0.47262406,1.03432226,-1.67111659,1.36636686,-1.79717922,4.31657505,-1.80203438,1.62158632,-0.59366512,2.66614962,-2.54308081,1.63131511,-1.67338336,1.47914958,0.90595698,-2.78129959,0.21844411,0.91170537,-1.13401413,0.83698958,-1.52704751,0.59684134,1.74236572,1.05567706,0.66269732,-1.64044702,2.71375251,0.93227148,-1.27426457,0.65830624,0.43445373,-1.01000488,0.97341537,2.35986519,0.73508668,0.85128754,-0.53480303,0.86611331,1.55224276,1.21702242,-1.34792686,0.68834472,1.29186964,0.50596803,-1.07725561,0.3795923,-0.33957326,0.61230505,-1.27333963,b'8'
1571,13.8596859,5.00088692,5.14282513,2.52492404,-1.66139281,1.33082747,1.31381679,-0.47091651,2.04104114,3.40654635,-1.45640802,-3.68965316,2.48536205,-1.51934743,-3.07064581,0.85690796,-0.9034946,-1.18495953,1.6000706,-1.42009974,4.14592648,2.30453706,1.84342718,-1.93881631,1.13921273,1.06394339,1.30549204,0.21957254,1.37426424,-1.43158507,-2.27388716,1.90251875,1.42878425,0.90027404,-0.64530134,-2.33134365,2.53935266,1.27333236,0.62718308,0.16810203,-1.16119242,1.52497029,-0.57286006,0.46022731,-1.38069165,-0.79364282,0.58104092,-0.15932679,1.66403151,0.21557438,-0.10099475,-0.48631406,1.37081528,0.96066201,1.60508811,-1.72295988,0.97047937,0.46385098,0.72708398,-1.28458071,-0.66564924,-0.99154145,0.00194722,-1.6228621,b'8'
1572,14.77264977,0.58257127,7.40295601,-0.30594495,-1.35536194,2.10406685,-0.57074261,-0.63512647,-3.43402433,3.16491795,-2.02810907,-0.53804803,1.00444901,-0.9871164,0.96951771,2.39462614,0.29459476,-0.06297255,2.26050639,-0.75846851,4.40994549,-0.59662825,2.20976686,0.71394229,1.39366043,-0.80530971,-1.04358792,-1.3009541,0.60781717,0.28553975,-2.54938555,-0.45463705,-0.23587081,-1.08072686,-0.58177888,-2.07526517,0.44574738,0.48700434,-1.01985395,0.87750113,-1.11731935,1.68932247,-0.71605617,-0.89394379,-0.40195847,0.37201518,-0.20960812,0.64495885,2.12507558,-0.08561885,0.35984999,1.09290254,0.73399329,0.60971081,0.23330796,0.4568758,2.55528617,-0.22018953,0.60024542,-1.39751327,0.60051066,-1.59399819,1.08686411,-0.71698672,b'8'
1573,12.14339542,3.29980516,5.71995115,-1.91669154,0.14950478,0.358181,1.28421378,-0.59069264,-4.03232145,3.39106369,-3.9445529,0.45832872,-0.19848537,-2.77856874,1.42533588,0.92904437,-0.5763768,-3.39314675,0.65646684,-1.48805308,4.59842968,0.29700887,1.87115741,0.27599025,1.46148074,2.24895549,0.1031068,-1.75561261,2.05085373,2.34298229,-3.37372637,-1.49450696,1.72391295,-0.63127333,-0.86223412,-2.88890576,1.80294633,4.04595375,0.57001722,1.80626369,-1.63792515,3.54594111,0.57451034,-0.7141332,-1.46378815,0.85513228,0.40900111,1.00757766,1.57269478,0.17244375,-1.02051365,-0.28507757,1.43552017,1.74176586,-0.15818924,-0.40507552,2.02457356,-0.81490749,1.15518355,-2.18096018,0.7783553,-0.60246789,1.41358793,-2.19897151,b'8'
1574,13.04714298,-6.28633404,2.02505112,7.30116653,-1.75503278,5.81708241,-0.22971845,-2.52014923,0.11026287,1.11187351,-0.6646986,-3.91102719,3.55982232,-1.71810412,-0.12578773,1.10697532,-2.61141586,1.11805439,-1.2365346,0.12045908,2.35293412,2.54414344,2.46886349,-1.45828307,0.93289757,2.70813584,0.99789762,-0.62181389,-1.21308184,-1.4721278,-4.06740808,1.85648441,1.09885275,0.18689728,1.01090586,-2.58751774,0.2792778,2.50067854,1.1269058,0.91704118,-1.25805032,3.23962402,-1.18584943,0.87268454,-0.37097251,0.49476719,-0.93903244,-0.61821008,0.86936015,0.30785799,1.67997789,0.2812264,0.71182942,0.08727551,0.74745011,-1.82630122,-1.76416922,-0.47551793,-0.29766205,-0.9129163,-0.28919342,0.42546022,-1.34904039,-2.05542636,b'8'
1575,11.30663013,6.68943596,10.97798538,-0.37763852,-2.03352571,3.09932804,-0.95482016,1.73634028,10.66013908,0.07835323,-0.21952748,0.34130859,0.61324692,-3.04328585,-1.39864635,-0.56469774,0.89766574,1.39255476,1.86248136,0.10700393,0.1865707,0.07490468,-0.39702776,-4.38691187,1.06726825,2.6312573,0.02853644,1.20928168,-1.0373826,1.04510427,-1.65803087,3.45619535,1.36111164,-1.85311007,1.06610155,1.88878095,0.48049355,0.30916601,1.08954239,-0.1949181,0.12520444,0.50819141,1.48907471,-0.53820735,0.18053043,-0.11590242,-0.59595281,0.86465573,-0.31712145,0.59260905,0.61661547,-1.25681365,1.34068322,0.90509307,-0.36583477,0.45280254,-0.21998382,0.5233677,-0.14221251,-0.08367836,-0.32648376,1.75472069,0.22890997,-0.5858354,b'8'
1576,10.35926151,1.48385477,11.63508415,-5.55977964,0.80315101,-2.95897079,1.4734726,2.5207119,2.04813528,3.63484907,-2.27546215,2.81105638,0.55530262,-1.47829342,-3.34112072,-2.88498116,1.31818008,-2.2107439,0.73070717,-3.3011055,2.7341814,0.22274107,2.63068676,-2.15023685,1.29338646,-0.97609669,2.48760509,-1.50431836,1.09716678,-1.54929447,-4.34344578,0.00300789,2.13681054,-1.19090343,1.36620855,-1.78745353,2.0906837,1.01569939,-0.63047969,0.70267487,-2.07580853,1.58671343,1.45424521,2.91230273,0.56384587,-0.38050565,-0.70945853,0.25849271,1.08888388,0.71658731,-0.03854512,1.22648215,-0.19291711,0.75095642,0.80613756,-1.35316586,-0.07540703,-0.10090914,-0.09846523,-1.35855007,-0.43004209,-0.97855759,-0.56578982,-1.26100969,b'8'
1577,-1.64206016,-10.0122261,4.55704403,4.76115465,5.49909019,0.44034559,-0.6069932,4.41180706,-1.441782,-2.53108573,-5.02088976,9.52328396,4.44673634,0.1098126,-0.5481534,-2.77561569,4.76167583,3.88983083,-0.0619539,1.13010836,0.217856,-2.68020058,1.7242018,2.14960909,2.47998238,-4.38155556,2.56038427,1.71766734,2.13051486,0.44719779,-2.8900466,0.27521086,-0.39408886,-1.54528689,-1.29035258,0.94287729,-1.52069175,1.31029463,-3.1006279,1.56148815,1.1819725,-1.18060791,-2.04086542,-1.91049027,-1.3189255,-0.57904267,-0.79101098,0.67841852,0.43838179,-0.93479347,-1.14353192,-0.86078954,1.38504028,-0.17112434,0.66373926,0.56275952,0.45540166,0.01065411,-0.01680493,-0.16114807,-2.26184964,-0.99889308,0.37116599,-0.94102097,b'8'
1578,2.80396557,-11.5819931,-0.64824611,3.1888082,5.41879559,-1.49741507,-3.15860319,-2.71887279,-1.771029,-3.92845011,-4.43031263,2.7005806,4.95515585,-0.6544199,2.11935806,-3.48905468,2.49105859,3.12592006,-1.31511593,3.87871218,3.68210554,-0.63949531,2.50500202,1.6157012,0.57665253,1.7774061,0.67217076,-0.65370893,-1.74482346,2.07742929,-3.319139,-1.93877804,-0.49171782,1.48174667,-1.22764301,-0.89147496,-3.11838341,0.83555567,-1.53369582,0.75298166,0.64541805,0.24651757,0.11111598,-1.54999089,-1.73073113,0.93362355,-0.34415215,-0.64455962,-0.66558808,-0.5502907,0.01025473,0.17795229,0.82412219,1.73370016,0.60152698,-0.59071839,0.76964474,0.5670284,1.17903924,-0.47468382,-0.6607269,-0.52741778,1.04742181,-0.10987661,b'8'
1579,13.6276207,-1.62902319,3.99516726,4.64429045,-2.13051605,5.01828098,-0.62755632,-1.76340127,-1.31459713,2.10131836,-1.73457241,-5.1911211,3.57302332,-0.26637036,-1.22072554,0.57752478,-0.4927516,2.69717717,0.82830298,1.45035601,3.06221199,0.42873624,0.60851324,-2.05839467,1.0306015,0.19856527,0.4725464,-0.18559635,0.7993741,-0.16830653,-1.76022089,2.14178514,0.56442726,-1.10193658,-0.63823116,-1.58424199,0.55867457,-0.58595282,0.14423084,0.92173481,-1.55860734,1.97367346,-0.01464632,-1.35571766,-0.42472827,0.44582987,-1.15682924,0.73358047,1.45633507,1.20810831,1.37484241,-0.53890121,1.66195011,0.00597978,0.78885293,-1.06693769,0.60201144,-0.10697417,0.81765455,-2.25642157,-0.41223899,0.51785231,-0.15550733,-0.91221058,b'8'
1580,8.78439045,-8.45670223,4.42722607,-2.15856862,5.07293797,1.89974332,3.24398494,-2.89101338,-4.32422495,4.11490631,-3.55383587,-1.39188409,5.74582291,-1.23320985,2.83782434,-1.57897758,-1.8025322,1.465657,-0.98794234,3.71347904,2.63799763,-0.35298783,4.21359491,-0.19865847,1.0999198,4.00673962,-0.13978586,-2.14236617,1.97674584,-0.06326365,-1.28736436,1.98169851,2.50157189,-0.40905076,0.67538601,-0.82890809,1.39613938,2.4160893,0.58774853,-0.34323251,-0.34821498,0.65851068,0.64569128,-1.68339109,-2.39957285,-1.22594225,2.17457056,-1.19791341,2.01067591,-1.70233846,0.65991729,-0.33406556,0.85121775,0.40317476,0.23184472,-1.81342971,1.89980793,0.39138359,0.65486044,-2.35440421,-0.98150051,-0.46571684,0.35519207,-1.10193801,b'8'
1581,7.80109072,-5.33478689,3.31140304,10.43105316,2.50764418,5.67635441,1.62339377,-3.97827697,-0.93283939,-0.75729781,-4.52168846,1.11853337,1.87810373,-3.46550894,2.35706973,2.53762054,0.00411952,2.38860631,0.34815365,1.20179915,3.52565217,2.27348375,2.71308804,0.08398533,0.2135005,-0.44493783,-1.57408166,-0.54448712,-0.40459108,2.87033367,-3.93958139,1.09780884,-1.34350026,-2.37557864,-0.81447899,1.70947659,1.35467124,3.37822366,-1.06244981,1.23074114,-0.47268468,0.59598726,-2.89785719,-1.98479545,-0.5917486,3.09582996,0.15698606,0.24111676,-0.38452074,-1.79326582,1.52355742,0.50271362,2.07346439,0.87246215,-0.42373854,-1.66068196,-0.46531391,1.10752654,-1.07876253,-0.25388294,0.50509608,-1.98060751,-0.50730014,-0.19179395,b'8'
1582,14.45407104,-2.35244846,5.58497238,3.69529748,-3.35506535,3.81561494,-0.9373188,0.95853698,-0.4347105,0.7782141,-0.79472899,-5.04916382,2.11204767,-1.91885841,-1.1657958,1.14377403,-2.00730872,0.31930959,0.32956624,0.85577035,3.6811161,2.79017782,2.67825723,-1.04489803,0.50013435,2.49149799,0.5119856,-0.17837566,0.65862203,-0.87587368,-2.8099575,1.33535767,0.96566296,0.77717769,-0.65115368,-2.10217762,0.73486042,2.10946226,0.04942441,0.1117478,-0.83951068,3.03302622,-1.29401803,0.39799088,-1.64550984,1.36837137,0.91387814,0.23030782,0.18091834,0.44860196,0.41502917,-0.74149251,1.20412159,-0.34996676,0.94703245,-0.82952917,0.4184792,-0.08420612,1.2932539,-1.46103275,0.02488489,-1.58082581,-0.58522892,-0.71592379,b'8'
1583,11.30329418,-4.75814486,3.02411747,0.93430054,3.16740847,1.8296051,-0.33839083,-3.01480889,-5.19560194,1.59685326,-3.28138065,0.08199072,2.3886981,-5.01747608,4.38961601,-0.38594151,-0.37864339,-0.00678355,-1.17404318,0.18319774,5.02675056,-0.6850639,4.73293066,0.31029773,2.55688953,0.49207193,-1.18907142,-3.55322623,0.36411643,0.4137342,-3.66271114,-0.00240993,1.81383348,-0.41483909,1.45752203,-0.55655611,0.47921824,4.76364708,0.72347647,0.62207019,-2.10136032,1.70966971,0.23856644,-0.23345339,-1.14894831,1.04889715,-0.16305463,0.47610354,1.00396323,-1.50512898,-0.04308344,-1.42700672,2.05673838,1.78817928,0.98694253,-1.05192995,0.21471,-0.13759445,0.12865448,-0.81623852,-1.26049078,-0.3328678,1.69089067,-1.31028199,b'8'
1584,13.59037113,1.40993881,8.89950562,0.77988672,-4.48594046,3.92064714,-3.27928495,1.83177567,0.96701622,0.06520402,-0.57562566,-4.33721161,0.18821037,-0.62275189,-1.55943966,0.73160231,0.09323657,0.68397892,1.66713595,0.06134272,1.56433403,1.29804373,-0.36554125,-2.40146875,0.66500163,2.08524609,0.30555201,0.63287866,-0.26306486,-0.70530146,-0.17188108,2.08308697,-0.04831912,-0.26120144,-0.75188589,-1.36264646,1.87346625,-0.33855993,-0.3557688,0.5005362,1.3208673,0.89459389,0.2826975,-0.95323664,0.15485084,0.22409299,-1.02044606,0.25994515,-0.43461004,0.29923946,-1.77519011,-1.36514008,-0.18316364,1.28467774,-0.53281683,1.11483896,0.70394874,-0.37317443,-0.32362068,-1.3666718,-0.61130881,-0.38031483,-0.10390627,2.11625099,b'8'
1585,9.43125725,-9.23685455,1.71529317,6.70033455,-1.80013776,3.92837811,-1.41038895,-2.31783175,-2.72763443,3.05083847,-3.55129242,-1.53422141,4.10169792,0.11917332,1.10148764,0.53510261,-0.95173603,0.55499566,0.61500394,2.27152443,3.71745133,-1.06241179,0.30800253,3.93677521,0.54576468,1.60438991,0.00836372,-0.96134526,-0.50374269,1.6997627,-3.15891552,-0.44444132,-2.51543093,1.08704412,-2.75656462,-2.7482264,-0.91572976,1.16331887,-0.87200773,1.10310996,1.34248233,0.97977352,-0.22454746,-1.10414505,-1.19749939,-1.23365986,-0.90283442,-0.57326341,-1.35147572,-1.28333616,0.78492093,-0.64481211,0.54746783,-0.33776605,-0.59195036,-1.28704357,-1.30410194,-0.58642399,0.25133479,0.6871388,-1.64649177,1.56503558,1.08602786,-1.10984254,b'8'
1586,15.77481079,-1.70155692,8.29930401,1.26917756,-4.5298872,3.34456635,-1.51998043,0.85296297,-0.07924604,-0.05936244,-0.55260634,-2.22851825,1.51111627,-0.87742513,-0.76515818,1.89880157,-0.45610142,0.81079066,1.51535559,0.2281189,3.43277121,1.9263432,3.13126659,-1.54549873,0.72348094,0.39371663,-0.67850107,-0.00428796,0.6186316,0.07274151,-1.35744417,0.04709482,0.72791487,-0.27028233,-1.94647503,-1.96670544,1.40681481,0.37007815,-0.26154006,0.58008361,-0.07269108,1.83411944,-2.71491528,0.65755606,-1.04763567,0.36720937,-0.0083801,0.14878631,-0.01340269,0.04252535,-0.68937349,0.41785741,0.25548983,0.23517096,-0.20568651,-0.39943588,2.00858831,-0.63352168,1.06718302,-1.32410169,-0.32635963,-2.36866546,-0.22017217,-0.37007189,b'8'
1587,13.86567688,2.31359529,13.05237293,-0.94174194,-3.18314981,3.19997191,-0.89858198,1.87940407,6.32123137,-2.45524931,-1.21932769,0.62461233,-0.10602057,-2.65331554,-1.25289536,1.80395734,1.2297101,1.1662879,1.64002883,2.52071524,2.2653656,0.30029815,0.35171551,-3.43623543,0.89359951,1.1748209,-1.2069087,1.35354471,1.36159873,2.42629194,-2.6180563,1.67880869,0.60684437,0.60643244,-1.08023214,0.52564067,0.99775648,0.40231764,0.29486275,0.29214615,-0.04796743,0.9829579,-0.23780794,-0.2893188,-0.6198349,-1.38205457,0.26318684,1.80752969,-0.66326892,-0.78716028,0.43444851,-0.60283422,0.50652778,1.35667074,-0.19699794,-0.69035751,0.00447059,-0.59591341,-0.64595115,-0.72747719,-1.11269259,0.47376966,2.13602638,0.18395659,b'8'
1588,9.53674603,-4.27052498,3.18405032,6.2082634,-0.12049961,4.08487225,1.53691936,-4.63040543,-1.62030411,1.82833576,-3.68686724,-3.88965631,4.1397624,-3.06200242,2.61135769,-1.02328444,1.55961704,4.28940773,1.23067868,2.53964615,3.59553909,0.37409192,1.67418301,0.95518231,0.99743354,3.64748216,-0.72298074,-2.30922651,-0.42963696,1.99440372,-0.42010939,0.00545454,-0.36922228,-1.04406309,-2.05010748,-1.83673751,0.4714756,0.00478578,0.61959505,0.90376961,-0.24891061,1.62800622,0.2639119,-2.79840493,-1.50821054,-0.36965704,0.64038706,0.42739463,-0.21904348,-0.22024149,1.82499766,-2.24321699,2.21212745,1.12206793,-1.14589524,-1.2516861,0.60194945,0.54480875,0.91614527,-1.07546759,-0.79441845,0.41017509,1.03199184,-0.25236648,b'8'
1589,11.35400295,8.3312912,3.25331712,0.93004286,-0.46800232,-4.8561306,1.66211581,-1.7551837,1.65183067,3.01529145,-2.35573196,-0.20787215,0.30183989,-0.02902292,-1.00386858,3.13163853,-2.60398412,-2.5595746,0.51436681,-2.66748524,4.63437843,2.22305727,-0.09917319,0.85455656,0.70399892,1.24775636,0.28553742,-0.95271009,-1.04150915,0.26625991,-3.48805523,-0.51043749,1.39845109,1.88310182,-2.48259878,-2.12087202,0.25558877,2.87230659,-0.8558768,0.59170389,-1.23955786,2.26267147,-0.49658906,-2.87641621,-2.09087849,-0.0333717,1.51306975,-0.0621531,1.19840908,-0.83560264,0.38896006,0.2086333,1.33032179,0.17275882,-0.25193483,-2.16537189,1.20431101,-0.98765755,0.40276319,0.08354306,0.1687635,-0.77138126,0.33999097,-1.28507733,b'8'
1590,10.45451355,6.14645863,9.13904095,-1.15436172,-1.59515584,-5.72259903,1.66712403,2.22107744,4.89022732,2.11177611,-2.21682835,1.77151895,-1.31441164,0.34949502,-3.44412804,0.21981609,0.99711728,-3.8904562,3.71491122,-1.85824895,1.4223696,0.62791866,0.77513385,-0.75065827,-0.99434298,-1.09978497,1.10469854,0.52418792,0.30271554,1.05742717,-3.32545948,-0.07486987,1.98812544,-0.15267497,-3.02421665,-2.11564779,-0.27184486,0.93941528,-0.81588542,1.19620717,-0.89773977,3.19889569,-1.01460063,0.02829538,-0.72579813,0.11481908,-1.45127749,0.3796699,1.45928383,-0.59558111,-0.33487207,0.16236722,0.75799775,0.46975517,-0.88235492,-0.84176898,1.66311097,0.63628781,-0.10985652,-1.27772033,-0.43053475,-1.3881048,-0.22158068,-1.67166543,b'8'
1591,11.52355003,9.97707748,5.7400856,0.03570119,-1.71734357,-2.18300867,-0.35342836,1.29183912,6.39440155,1.12737763,2.79471827,0.22232533,0.76643634,0.73554921,-2.81916094,1.21895301,1.1283505,1.86665416,2.38353491,-4.14350414,1.53753829,2.81800628,-0.22858378,-0.75682664,0.24628001,3.61708045,1.40599525,0.39977217,-1.04901648,-0.95830661,-0.0292784,1.87507296,1.49616003,-1.03925037,-1.78807449,-1.71057379,0.90537357,-0.58496743,1.07488132,-1.06831384,1.0614748,2.09600234,1.44315886,-0.01120459,1.30199051,1.02059817,1.07771111,0.67874038,0.61001861,1.94340026,0.9687053,-1.84352565,0.12167645,1.07753229,0.10225141,1.2592299,-0.20974874,0.44305849,-0.73944557,-1.28951061,1.44613791,-0.72185743,-0.44060874,0.41228548,b'8'
1592,13.4374752,-2.32728815,5.30365944,4.23290586,-2.84523702,4.30208778,-1.41630507,-0.01309073,-1.98875237,1.70344353,-0.13556409,-3.41545224,0.88758349,-2.12175131,1.2948432,2.03727484,-0.95716232,1.42200446,0.66245866,0.83153105,3.61407137,1.95020127,1.66912544,0.51095247,0.3372547,3.19243932,0.62643635,-0.90657806,-0.86115313,1.41162789,-1.95990813,0.37073231,-1.08836603,0.18275291,-2.70933771,-2.68558311,0.69580126,1.01175523,0.0936197,0.69773829,-0.97155523,4.27917051,-0.29928684,0.49746108,-1.10374939,1.60768771,0.59996206,0.27440906,-1.01104689,0.64634168,-0.20140119,-0.41957355,1.97085762,-0.81815267,-1.59887934,0.55840087,0.83635104,0.83253348,1.94572902,-2.28216314,-0.30509239,-0.83589923,-0.31710532,-0.46566328,b'8'
1593,14.25067043,3.04928446,9.04305458,-1.88637209,-0.93915111,0.10676885,0.73020577,2.64040732,1.15710402,2.78581071,-1.9947052,0.62865496,0.50915658,-1.73717308,-2.48233795,0.63949025,1.31459332,-1.11529803,2.74580336,-2.54345059,3.41673851,0.10981601,1.31863236,-0.81295729,2.07154942,-2.32617211,0.28418183,-0.49802512,-0.37486839,0.44603693,-3.43617439,-0.75149632,1.53029191,-1.49887776,-0.86221457,-1.5463835,0.31046581,1.66710949,-0.42146146,0.30668634,-0.67603856,0.42148501,-0.44847634,-0.8344087,0.18342406,-0.37770927,-1.04765642,-0.0448916,1.18375635,-0.12230188,1.18631923,1.28980517,0.9594897,1.11539638,-0.06819981,-0.93132561,1.64278197,-0.3908692,0.05102259,-1.84644604,1.08531046,-0.55579913,0.95636046,-0.96324921,b'8'
1594,13.08094501,3.63193321,12.49959183,-0.51602507,-3.07683325,0.29461193,0.05968833,2.04682541,6.43117666,0.18087733,-0.83369923,-0.79339671,1.26871765,-1.6618427,-4.27100468,-0.15179706,0.48163104,0.46016884,2.43524766,-0.28911138,3.09318137,2.11822891,0.95308006,-4.72789001,0.45673811,0.45913267,0.48753095,0.36695218,1.36300898,0.18291628,-3.11974812,1.74996424,1.01645648,0.70155227,0.34325129,-0.25660363,2.54268146,0.64119673,0.1652503,0.06457561,-0.34887612,0.37125051,-0.18682967,1.1930902,0.75774372,-0.05456444,-0.34781742,0.25277305,-0.55569959,0.30059981,0.66440505,0.28180715,-0.73485518,1.55068254,0.43563899,-0.70195538,-0.64531231,-0.20231606,-1.48719597,-0.71986449,-0.44763675,0.02821875,-0.68094552,-0.13447213,b'8'
1595,2.86482525,-12.26706886,5.33317327,5.6803503,3.01709747,2.88555145,2.06817913,-4.12365246,-1.14829254,-2.38837314,-5.43925476,3.36890101,3.34847093,-0.8196739,1.23896861,-5.12292862,-1.64121985,2.23294187,-2.07983494,2.39774036,2.38545752,-1.71458578,2.07714248,2.07412004,-2.84165335,-0.72215474,-0.49646926,-2.7089529,-2.10127783,2.14505625,-4.15508509,-1.50480771,2.10459661,-1.69119,1.79250574,0.514503,-0.49675131,2.551965,-1.29043758,0.95648122,-1.34016466,0.01969016,0.34007531,-2.35234594,-1.0416199,0.25638685,0.61481482,-1.14165044,1.04028678,-0.85355723,0.86276895,0.3721475,1.24755883,2.69864368,1.28787398,-0.12534076,1.29173899,-0.00769873,-0.76642108,-0.60707676,1.35270751,-0.53091377,0.63580966,-1.4752152,b'8'
1596,-0.77048546,-11.69057083,4.88128233,13.70897198,1.95458734,5.90352917,3.04195929,-0.8224678,3.8071568,-1.65553927,-4.65519905,1.80165005,3.77319789,-0.3480373,-0.59030771,-0.95534563,-0.9304589,4.33208752,-2.27557254,0.8606317,2.21163011,1.5360713,1.11027694,-1.17077637,-0.61651981,-0.20655608,-0.14300722,0.17424464,-0.43288422,0.24678087,-3.79020882,1.72779274,2.72255206,-2.40237665,0.79549396,-0.53860915,1.11543226,2.57225394,0.6819942,1.11831617,1.31645417,-0.22175638,-2.75689268,-1.34696853,-2.28406763,0.13879645,1.74643517,-1.12089634,1.1262207,-0.08511978,1.22502112,-0.13308126,0.19672561,-0.10143018,1.24593544,1.201388,0.79406643,-0.89705276,0.08835846,-1.36000025,-0.9936825,0.79366392,1.06906891,-1.66719055,b'8'
1597,14.95901299,-5.68601561,6.76444244,2.74982166,-5.40200996,3.56356168,-1.31654215,0.6820057,-1.25792074,-0.95477122,-0.28211546,-2.96319366,1.10304642,-0.5959931,0.23396826,2.76937771,-0.93440038,0.62683535,-0.1660641,0.39263606,2.60566688,1.95383716,4.28647852,-0.32598186,0.58892894,1.66491008,0.23756099,-0.32230914,0.05757666,0.69546747,-2.43562126,-0.21351981,-0.08918808,1.35054255,-1.61666703,-2.36869311,0.51090598,1.01988387,0.05263424,0.59512937,-0.47883308,2.71484709,-1.46650136,0.81780654,-0.76737857,1.348207,0.15608239,-0.12886643,0.46366149,-0.29383174,0.29134166,-0.33538103,0.00103688,-0.11302114,-1.76727891,-0.74276865,0.71924281,0.11970577,1.9800508,-1.01618075,-0.44826835,-2.86790633,-1.99347699,-1.0852164,b'8'
1598,13.11548996,-3.83088493,10.52805805,-5.81139278,-0.11343133,2.66356492,-0.07456851,3.36837029,-3.38528872,1.994138,-1.81183147,1.83018923,1.51784885,-1.76602495,-1.52675724,0.13195324,0.74073005,1.36551857,-0.84872419,0.59634042,1.07673562,-0.07950759,2.01751876,-1.65163934,2.43799877,-0.0447541,-0.75869119,-1.2943573,1.26659536,-0.87512821,-2.48302507,0.35825825,1.55483079,-1.86615181,1.4303807,-1.13738787,1.64198041,1.00294507,1.1565994,1.12125325,-1.07024705,0.77451134,0.69527614,0.60489953,0.26574856,-1.02703369,0.69583035,0.53723383,0.06919226,0.72292507,0.44780451,-0.29029268,0.47704232,0.91462719,0.60564429,-0.50150883,1.27940357,-0.07290904,0.1838069,-1.0760529,-1.06227505,-1.21680379,1.79143298,1.00702262,b'8'
1599,11.64120579,1.28309202,2.83423042,6.8682065,1.1493665,1.96146119,2.66075397,-5.93870544,-1.06877565,2.03760314,-2.75134182,-2.14775538,3.18308735,-3.70943379,-2.18271685,0.56451714,-1.60929298,1.5257709,2.28506184,-0.71934271,3.73959684,3.59056163,2.1655879,-2.21373463,1.94973171,0.23276454,-1.01805377,-0.28713524,1.05965447,-0.76434106,-2.57246161,1.60887003,1.18655789,-1.42018247,-1.62222409,-1.06938255,-0.12065554,3.54503202,0.66804838,-0.15858001,-1.85972929,0.76307034,0.3749193,-0.38332629,-0.89495122,0.37449813,-0.81287313,0.8258661,0.83685583,-0.65353179,2.03068781,-0.64389062,0.31493258,1.46384442,1.2670995,-2.26249456,-0.54786062,1.19863784,0.34531152,-1.80953002,-1.86762846,-0.87501991,0.70500565,-1.74879658,b'8'
1600,-7.52707767,-4.54756451,6.29154539,0.45951757,8.08687782,1.00038505,-1.05600786,0.68277442,-0.65204239,-3.37476587,0.65005231,-1.76093411,2.6740799,-4.01454782,-2.53772116,-1.82635784,3.83922935,3.041641,0.99329817,2.78224945,-5.4867568,-0.84443492,-0.78010142,1.24287844,4.17000675,-1.38228285,4.98890209,0.75489914,-0.68098593,0.42520773,2.13833976,-1.90973246,-1.19889915,-1.00385547,0.00032848,1.66411734,-0.88018763,1.89770174,-1.59558403,-1.08164144,-0.92710251,-1.17347789,0.99223506,0.77332896,-1.3974818,-2.37204862,-0.33500224,-0.70002604,-0.80355877,0.33300281,1.91414392,-1.31775618,-0.42768431,1.53665054,2.19448996,1.20971704,0.28174567,-1.53103542,-1.34720302,1.00605762,0.90545374,0.15385485,-1.02717459,0.43170074,b'9'
1601,-0.71766335,5.04538631,-6.1753068,0.19745931,7.6856966,4.58586884,-10.5296278,-2.59939003,-1.98403978,-2.71558356,0.81056011,3.44345737,-0.51964402,-0.44529691,-0.18033314,2.189219,0.7794733,-0.68799829,4.54801083,0.46017194,-3.59903312,-1.21317291,-0.78340924,0.56343889,1.94518387,-0.58353466,-0.24636775,-1.47578406,0.70544291,-1.65681064,0.94173241,2.28218555,0.19322309,0.43461645,0.50720525,1.58494568,0.19740415,-0.86376506,-0.05474496,-2.50723696,-0.98047096,-0.43934339,2.11082506,0.56310052,-0.23261714,0.48335105,0.23605791,-0.42257404,0.52685547,0.80069458,-0.25986975,-0.98820746,0.31353736,0.03521347,-1.07457066,0.98649788,0.74704432,-0.95384967,-0.71279281,-0.17488271,-0.16402023,-1.48019433,-0.44982752,-0.04522214,b'9'
1602,-0.34109306,5.09029961,0.8794542,1.40031731,6.41398239,4.22945976,-9.79504967,-1.48173976,1.56657839,-8.50412083,-0.19727826,2.48690987,0.02478969,-3.07382965,4.52894449,3.95544839,1.70486069,3.05124116,-1.3555913,-2.53613424,-2.44015527,0.87941575,1.31262386,1.16172743,-0.69675869,-1.74455953,-1.4609226,1.84236026,-1.11333323,0.75459993,2.32551813,3.3926096,-2.82624555,-1.73338866,-2.18108368,1.92869568,-0.42446303,0.27832317,-2.18215561,-1.69496679,0.65485263,0.56760418,0.79164082,-0.51333952,-0.87135947,-1.4267385,-1.48391783,-0.91447449,-0.67141038,0.97333169,-0.0320812,-0.48821402,-0.27967358,1.3444432,2.27187991,1.42682505,0.41213059,-0.59794933,0.98595053,-0.89702332,-0.92981833,1.33523035,-1.47301817,0.23163691,b'9'
1603,1.81031239,2.62312698,4.05466175,4.43953991,5.51839256,-0.27646387,-3.22942924,2.28533673,-1.36800671,-11.85890198,-1.69440031,2.86844468,-1.35235667,0.85245883,-1.59807062,0.54417992,-4.26354599,1.85505962,-1.27042699,-1.34564352,-1.45506644,-0.83519846,3.55814648,0.93179297,-2.31114292,-2.69737363,2.34227562,-3.74487352,-0.57147074,3.33388758,-0.39315975,-0.76337874,3.39261389,-0.26609355,0.39216322,-3.62977815,-0.23877716,0.18529856,0.8375988,-0.96930349,0.43363178,2.22240233,1.16908252,-0.66631979,-0.78419578,0.825122,-2.08032584,0.09543395,3.01343417,-0.09012842,1.29407334,-1.31111169,2.32143474,1.22872484,-1.26392412,-2.52118087,2.46489644,-0.55175442,0.6479196,-2.58714914,0.09260593,0.100263,1.64640462,0.38563618,b'9'
1604,-2.71216846,-9.17677784,3.16840696,-2.03800488,3.75845051,-3.94430566,-4.91181278,-7.94968319,-0.9132762,-8.72136116,7.46751785,-1.75671554,2.67470074,-2.87624621,0.93636036,3.31819487,-2.05203271,1.52936745,-1.490623,3.84431171,-1.77732921,-2.66587949,1.44277632,-1.72026992,-3.32691622,-2.02198529,-0.56922865,-0.64649534,-0.06475353,-1.04595554,-3.02101421,-0.09080434,0.1842666,-0.41098434,-2.87411189,-2.36162758,-1.88611412,2.78094554,0.15901184,-0.33125329,-1.54864156,1.52340782,0.16831385,-0.17723356,-0.30818486,-0.24976829,-1.30974019,-1.99821258,0.52341467,1.79376328,0.6507951,1.26983356,0.74107003,0.6210674,2.51893592,-0.77367556,0.34898067,-2.1206851,0.45522898,0.50562155,0.26135361,-0.1238471,-0.08630472,0.35726768,b'9'
1605,-2.9013443,3.69595194,5.58124256,1.73657179,7.48924541,2.42908812,-7.13923073,-2.50770593,-4.1352582,-8.56315136,-2.08566093,1.3109417,-1.67169595,1.58064747,1.93598509,-0.95990777,1.10162354,-1.98104441,-1.86764741,-1.10571182,-3.93167019,-0.60758394,1.95759654,0.12230682,1.12764895,0.33263299,2.58992672,-1.60998988,1.14451432,0.40346861,0.07140422,0.39841413,2.68016958,-0.21492964,-0.89063692,-0.18945393,0.62892151,-0.70675939,-0.22380626,-0.78546578,1.31295419,-1.30408096,1.25227284,-0.22071871,0.41261613,1.28639925,0.36627632,-0.61646152,-1.218961,0.26149642,-1.25963557,0.5247128,0.36932731,-1.2509439,-0.97966093,0.01377445,-1.22565603,-1.55849004,-0.37832472,2.21236706,-1.53898227,-0.09652388,0.36434233,1.04140282,b'9'
1606,5.87716198,3.44362783,-0.65393752,2.37171102,3.6726737,-0.57410967,-10.28689671,-5.02668285,1.47785378,-7.62607861,0.32091284,-2.57697606,3.55732107,-2.47470593,2.84805965,3.40798259,0.48093534,0.10683787,2.31679511,0.07115173,0.08383577,-3.7393651,0.25080177,1.12038326,-1.60406923,0.21982121,-1.46465755,1.22044158,3.10043931,-1.84982526,1.44189405,1.19568706,1.50474095,-0.82306415,0.03219736,1.24226534,-1.69336498,-2.02143574,1.19019783,-1.73999155,0.66984868,-0.85921127,-0.84380496,0.94097644,1.38230026,0.46039271,-1.73592198,-0.91081071,-0.19608279,0.7589196,-0.48012191,2.9755888,-0.64310884,0.12675261,2.09247017,0.86248982,1.5953207,-0.18140422,-0.56635773,0.84923697,0.14640377,0.58635014,0.39181137,2.48099494,b'9'
1607,-5.95881081,-4.232234,2.40271044,0.45483765,4.19228268,-0.48282564,-6.4297905,-3.00513625,1.21555924,-7.5648756,-0.24390864,-3.67772746,1.55351329,-0.61995262,-2.14306021,-0.40847945,2.57461047,4.32555485,-0.05269915,1.4779439,-6.45466232,-0.76394826,-3.52153635,3.28882742,-2.0940609,-1.91594779,-0.59171891,-2.15569115,-0.95963907,-0.9224298,2.18997622,-1.41026306,-1.09006572,1.53198481,-2.66008544,0.04746005,-3.1398375,2.54701519,-0.65180671,-0.13331753,-0.01421475,0.02200355,1.68016291,0.64796323,-2.02237701,-0.6306442,-2.81227064,-0.56013203,-1.89322376,-0.66943467,0.90221024,-1.56937265,1.11375046,1.6671232,1.69865918,0.07344532,-1.30808926,0.35388047,1.14131427,-1.00311697,-0.54518956,0.29409474,-0.71743309,0.3215436,b'9'
1608,-2.78251958,1.97132587,1.72492242,3.3163197,3.68986034,2.32656574,-8.92799377,-0.38890278,-1.48543978,-5.8121438,-0.02760506,2.9047277,-5.1686902,3.25697994,-1.18082619,-2.73309565,1.40011263,-1.15097129,2.11085701,1.37511253,-3.75294662,-3.21386194,-2.16903615,3.3485918,2.65748024,-0.61620849,2.03763628,-3.71500683,-0.49191666,-2.22589111,0.46050513,-1.93636155,3.62883258,0.88308525,-2.46284962,-0.22138914,0.83033085,0.49630603,0.60497046,1.48468745,0.24143398,0.51132435,1.46566725,-2.36305189,-0.60755146,-0.68920749,-1.02311492,0.32394004,-0.57115889,0.01553136,0.1658749,-0.71099985,0.8207984,0.02394462,0.49217987,-1.16901231,-0.59473443,0.30237758,1.37333775,-0.14628041,-0.40872002,-0.47593111,0.42179537,0.34338257,b'9'
1609,-2.45177078,6.54401302,-3.79567337,2.44614768,4.26375771,-0.69838405,-2.04213572,-0.14264071,-3.06069422,-0.17906949,6.24607182,9.04933167,-7.29336166,3.64157915,-0.27448273,-2.39685631,-1.39677179,-2.18192101,0.78632462,2.57519722,0.8171972,-1.44749761,2.3699708,2.09912348,0.63479054,-0.94531053,3.71386099,-0.86478984,-1.94882202,-0.82573557,-1.89390004,-1.53188694,0.59497547,-2.55061078,2.18989754,0.10193655,-1.40014553,-0.04511541,-1.29404032,2.07025957,-0.53979403,-0.30423987,1.88232052,-2.57504988,-0.59865952,0.84126866,-0.24971916,-1.29744792,1.42544699,-2.47898436,-0.59848523,-2.18870139,1.79525065,0.00362051,1.16373384,-1.50182438,-0.88812351,0.53140676,-0.52502525,-0.18130118,0.10249101,-0.79118276,1.36061847,-0.86186582,b'9'
1610,-5.10925674,-4.23309278,-0.27895385,-1.37537777,6.71027899,4.9646492,-7.00044155,-3.46555018,-0.57924795,-9.59013462,-3.34511328,-3.0172646,0.10763931,-0.46607479,-0.21408176,1.82092631,3.33254266,1.49480534,-0.72418094,0.40065837,-1.11177826,-0.85786289,-2.19028926,1.01198602,0.65038764,-1.84993589,0.17132288,0.73099232,-0.01230764,-0.41027325,-0.13570344,1.55641985,-2.13363624,-1.10018158,0.07964313,4.04056597,1.06978154,0.25799841,0.16286576,0.13002783,-0.21769214,0.48213565,1.59913456,-1.17144549,-0.3795737,-0.97952652,-1.00295997,-1.26474595,-1.15978479,0.41449082,-0.18037497,-2.11747074,0.52859735,0.63325554,1.4354738,0.68541586,-0.93432355,-1.36967564,0.30781603,-0.00552154,0.83129078,0.10572994,0.17703146,-1.1882838,b'9'
1611,-5.93214655,1.82600832,3.51338577,0.07117724,8.35245991,-0.58157766,3.48453379,-3.76137805,-3.08270025,0.84632599,3.57031655,2.82557011,-0.62729037,-5.65320826,0.16885471,-1.96080136,5.25665092,2.14331722,1.14034867,1.06049371,-7.80458689,1.54408312,3.90118361,-0.76872516,2.60937262,-1.66832745,0.95870972,0.91319203,-0.61477423,0.19111967,-0.25446784,0.79125619,-1.90252233,-1.16451097,-3.49894643,0.80391312,-0.56325543,1.16519487,-2.01586533,1.2603178,1.56184721,-0.50862616,1.08345306,-0.72196835,-1.67202699,-3.04087114,-2.47147799,1.17310095,-0.96943384,-0.7828325,2.8970108,-1.57325792,-0.42535496,-0.13450646,0.6376006,1.41962814,-0.53468299,-0.96894848,0.35521841,-1.87826943,0.02418898,-0.70794499,-0.88639569,0.77632135,b'9'
1612,-6.43108892,-0.28742242,2.66711473,6.44918013,6.60487032,1.47108889,-9.11777878,-1.11100459,1.2052505,-1.14461219,4.75321388,1.60714579,1.29179823,-4.82501078,-1.14189482,3.19736338,2.13665581,4.87730026,3.3535192,1.24184942,-5.57929373,-0.08629662,1.77659976,1.68290234,-1.17144656,1.18608582,-0.93315721,0.58668435,-1.82942343,-1.51429379,3.33596992,-0.86781812,-5.79042101,-1.20382428,-0.72635031,1.85615969,-1.15767753,-0.08465081,-0.82268035,0.36416245,0.65160036,0.03911693,0.47352061,0.0092933,-0.17282438,-1.31780207,-1.07179987,-1.47965169,-1.0461998,-0.27282998,0.27771935,-1.22721374,-0.09591007,0.67008775,1.54736805,0.8598628,-0.59960079,0.03352827,-0.15061384,-0.40768123,-0.5798009,0.74794048,-0.0746336,0.12698767,b'9'
1613,-2.80389595,-6.52772617,-1.10617733,2.01628137,1.4524771,-0.1641537,-6.07239151,-4.52600384,-2.12886572,0.24775046,1.69566548,-1.98291898,1.0879705,-5.52266598,-0.04024744,0.04925978,2.34131694,2.67854452,-1.02993178,2.39717054,-4.22430801,-5.49988413,-0.9146049,-2.11077571,-5.54614925,-1.58175254,-0.4487128,-1.01579726,-1.91709185,-0.66430259,3.34428048,1.41866827,-2.79278755,-1.2779634,-3.28490376,2.89624858,1.19963312,0.15787464,-0.7885946,-0.09220099,-2.10542703,0.98690236,3.57432413,3.11005616,-3.44263744,-0.88853633,-1.65728724,-2.30043674,-0.94318038,-0.44755447,-1.50596905,-0.65090036,-0.63108945,0.63224667,1.87759113,1.8218441,-0.66189051,-2.28982258,0.78705257,0.1545434,0.83994347,-0.13014323,-0.75872219,-1.27408433,b'9'
1614,-5.41844749,3.02924967,3.52745438,-0.90522122,5.37672281,1.79728138,0.53665209,-0.63597262,-2.54403162,-4.28810835,-1.89249372,2.51030207,-3.76457882,1.48659813,0.64558077,-1.82199192,8.16146469,-1.09408486,2.2682023,2.46663904,-6.48581457,1.34633887,3.40509796,3.71275187,3.67801189,-0.35619804,-0.62858123,-0.21996653,0.06606293,0.87334609,-1.81841123,0.2854352,-0.30890441,-1.48031616,0.49304757,-2.42430902,0.14630222,-0.63923639,-0.35535109,0.38353735,2.84320998,0.11159791,2.05412006,-1.01056492,0.62492913,-0.89098036,0.90366465,0.03736019,-1.55626225,-0.21174669,-0.16902302,-1.72017288,-1.06675434,1.66513133,0.78024578,0.11092412,-0.06330323,2.95179844,0.95425338,0.15435565,-0.48091817,0.00207767,0.05182278,-0.09888034,b'9'
1615,-6.69172955,2.3310194,6.67828989,1.15564239,10.089221,1.78794754,-7.26072311,-1.74163222,0.29024792,-5.07804632,1.53045893,3.5439117,0.11282694,1.51000464,0.17327881,-1.16292548,0.14235055,-3.24392891,1.69021344,1.57744312,-3.44821215,0.64768285,-0.38339052,2.23957396,2.90734673,-0.48341653,3.05403852,-3.93827391,-0.88769436,-0.80377418,-0.7340101,-0.02099872,0.62174112,-1.03977609,-0.28515589,2.30087614,1.01842022,-0.50926238,0.10604525,-1.05610967,0.85574019,1.39885068,1.83682477,-0.84496415,-0.8388499,-0.64715314,-0.26741666,0.23486161,-0.14138015,1.17045438,-0.04120754,-0.94565034,0.25171638,0.60783285,0.52992874,-0.23650521,-0.8241725,-0.50181341,-0.00450033,-1.11409163,0.27816927,1.78535438,0.59939229,-0.64218062,b'9'
1616,-7.2963376,-4.53006983,5.59035492,-6.03864574,3.41030073,0.15328276,-4.87418652,-3.96500039,5.79724932,-4.3270421,-4.96465158,-1.01542974,2.38758039,1.77872837,-0.37442017,-1.59981704,1.92018247,4.29249287,-3.69309139,-2.28085971,-1.40773928,2.81093788,-1.60970259,2.22090006,1.68359125,-2.74825764,-0.06417471,2.30925608,-1.05229568,-0.78687608,-0.38621008,2.82448626,-0.90911037,0.59001082,-1.34995151,0.81070089,1.07525945,-0.0098595,-1.92006576,-2.3698976,0.22306204,1.59700274,4.83052969,0.3581422,-0.1743803,-1.03565109,-1.35439503,-0.31707239,-2.08318353,-0.51751846,0.78792739,-1.32687855,0.71786213,-0.44564414,-0.05353129,-1.33259642,-1.11537671,-1.29415298,-0.37638551,-1.73368239,0.72149652,0.18746698,-0.99752188,-1.00958347,b'9'
1617,-8.78332233,-1.18002129,8.35793114,-0.51576167,9.57652283,2.8470006,-4.49914837,0.76950085,-2.94894838,-2.58663106,2.20515537,-1.26216531,2.44144487,1.09245837,0.78203344,3.43131304,-0.69460273,-0.66902244,-1.99617696,0.98489523,-8.97044563,0.24917769,2.08940649,1.82188177,3.76372957,1.11858177,1.06628871,-0.1767903,-0.03199625,-1.31581962,1.43551731,-1.82866907,0.54598802,0.91364282,1.1198653,-1.89022219,1.48524284,1.13394809,-0.48239243,1.75541592,0.85324132,-0.05292071,1.26092172,0.40874046,1.11235738,-0.33420151,0.31767219,-0.80927825,0.19918892,0.47676551,-0.60012674,1.26107669,0.53495026,-0.44366956,0.70900309,0.0567711,-0.11987853,-1.25477791,-0.56327659,-0.00966299,0.2043836,-1.50734282,0.09659487,0.1857504,b'9'
1618,-5.80414391,-4.52132511,6.61206198,-2.44013214,2.56816912,-0.29989934,-3.19448185,-3.51507163,2.99735379,-10.12488461,-5.04595184,2.42004633,1.49990666,5.54166508,1.85828996,-0.82132769,-0.23582184,2.61385322,-8.35496044,-2.82794118,0.35262799,-0.83968288,1.81402266,0.50684595,0.69260311,-0.54454321,2.01933718,1.59713316,-1.9014945,2.96236753,-1.36835325,3.81814861,0.27837777,-0.06575149,0.51293576,-1.09355962,1.11806464,0.74365467,-2.12195587,-1.62327528,-0.14146543,0.30991957,0.7053749,-0.2611168,1.94819319,1.58313894,-0.3274157,0.95507407,1.45578933,0.38045049,-0.59020036,0.07275516,1.46133018,1.21676862,-1.49882054,-1.17462087,-0.54532552,-0.9484942,-0.1448625,0.00102532,0.51238036,1.27282214,-0.59379154,-0.27983218,b'9'
1619,-10.37788677,-6.15224934,5.48027182,1.74715781,7.68472862,-1.34005165,-7.11905479,2.50507212,0.81145096,-7.67086792,4.58526945,-2.97788167,0.92910874,-2.99799275,-1.73954535,0.48829699,-2.83902359,-0.61294746,-0.2700811,1.69473982,-1.4708271,-0.49390489,0.6810838,0.7573278,-1.04702783,-2.42852235,-0.55830252,0.13373733,-1.62625074,1.24338686,-0.50476086,-1.49164701,-1.12182021,-2.91430736,2.83443689,0.70163834,-1.39340723,2.02709675,-0.3077234,-0.60535675,1.05383015,0.78297353,0.71884871,-0.79401451,0.98365462,0.12901258,-0.54067117,0.19199538,-0.4040786,0.4042356,2.06686115,-0.35719591,0.19878721,-0.9294486,1.8982116,0.46346295,0.55564499,-1.14384663,-1.39771318,-0.31335479,1.60191822,0.79531115,0.66467512,0.32600179,b'9'
1620,-8.86954403,-4.38394213,7.2466712,-0.10171168,8.42224789,1.08320069,-4.20894861,-3.89652991,-3.49062872,-1.31661046,3.22920537,-0.35580373,3.87920165,-3.60544086,-4.88566113,0.0166297,0.00972605,-1.57420492,0.47584218,2.79852009,-3.55007005,0.4610115,0.36542937,-0.22632575,0.59007263,-1.81305444,4.16599369,-0.98938829,1.45627332,-2.08703852,-1.10352337,-2.31471157,-0.41164875,1.70969915,1.38564146,0.77505255,-1.715801,0.41853434,-0.40744793,0.69760656,0.91931105,0.26723391,2.73035574,-0.50010896,0.22989935,0.00300583,-0.51699948,-0.26753736,3.87877488,-0.36960679,0.54793942,0.21885958,0.07232571,-0.65794063,2.26533031,-3.73932934,0.0691371,0.19176009,-2.20932126,-0.47683066,0.96145517,0.03442183,-0.12988251,-0.4069325,b'9'
1621,-5.45239353,0.24747944,5.6330986,-0.46801856,8.04973221,2.44781542,-7.1544733,-4.781003,-1.2728734,-4.52027655,4.04331255,1.8138473,3.16258621,-1.74025309,-1.1393342,-2.06658697,2.12312102,1.07350969,1.57668424,1.51857209,-7.45840168,-1.40393662,1.56817126,1.08186364,2.52583647,-2.33071065,-1.80454206,-1.5000875,-0.13790274,-0.88074219,2.08422947,-2.03285575,-0.24676423,2.18871641,-1.48278856,0.4771854,-0.64041078,1.70652032,0.50814581,-0.97951245,1.1805346,0.82437116,3.03000689,0.36449236,-1.73237288,-1.5283469,-1.15670776,-0.81057191,1.03762126,0.74353373,-1.30471778,-0.11933446,-0.26836276,0.55220354,1.26363552,0.31991088,-0.704283,-0.07267329,0.36710364,-1.39070868,0.21308134,0.77574843,0.76734447,-0.16248259,b'9'
1622,-4.1123209,-1.64872921,4.71754026,1.38050628,6.82384968,1.53971922,-9.74260998,-5.32680225,-1.23593044,-7.5771265,1.46733606,-0.2657268,0.87657201,0.94835246,3.15517712,0.42052948,1.28923941,-0.4555707,-3.44787526,1.51953745,-4.22371626,-0.78207034,-0.56202531,0.58907056,-1.43646264,0.66830498,-0.12685111,-3.4252758,-0.05150414,1.81219161,-1.01430428,-1.52086365,1.70737398,-1.22973323,-2.94069624,-2.38631606,1.32002068,2.0171876,0.76638228,-0.6179207,0.01819038,1.36137056,2.26539707,-0.69204414,0.27324045,0.16539526,-1.0260272,0.54810929,0.81081051,1.54004061,0.16570958,-0.3914125,1.2280035,0.98304534,-0.9598698,-0.30484614,-0.15896749,-1.26385081,-0.13593343,-0.08169425,2.16761255,0.5595687,0.8065511,-1.26915991,b'9'
1623,3.17455196,4.33425379,-0.03746396,6.02875662,2.37859297,5.86649895,-3.90641594,0.08688772,-3.90459967,-2.53183174,-2.25968456,3.24095535,-6.5565362,0.45258391,-1.25782204,-3.19153881,1.17454529,-0.22160661,1.50050986,-0.02963614,-1.29719353,-2.21191669,-0.13201979,0.62283468,3.32049465,-3.2001605,3.05955791,-1.22778869,-0.31274891,0.27040064,-0.19379818,-1.80596149,2.93072152,2.95620942,-3.46679425,1.15527248,-0.41137147,0.19157088,0.52319765,2.3425858,1.47260451,-0.88700634,0.38785052,-1.62469506,-0.2597611,0.4745363,-2.32773471,-1.03929257,0.85032457,-0.5356006,1.35272074,-0.28981787,1.63312101,-1.23100901,1.11051035,-0.63525379,0.10029411,0.29271781,0.13131338,-0.83327293,-0.45078748,-1.31047511,0.98217678,-0.01682427,b'9'
1624,5.44377756,-1.76075661,-1.30616522,-0.81035727,4.38254595,-0.97795844,-7.12945938,-2.62762165,0.99088669,-3.04627514,5.24439812,-2.41164517,10.17472744,-5.35117865,0.43261504,5.98175144,0.79782963,3.62468219,3.97302079,3.09540081,-1.3953855,-2.78177714,0.62507379,-1.3182658,0.12999308,-0.08475752,-1.60024369,0.58020401,4.11232471,-0.44912553,1.13480079,1.04365778,-0.98899138,0.12335932,-0.52022398,0.30523881,1.64942765,-0.55044359,-0.40198457,-0.57392061,-0.23529488,-1.55715728,0.30166715,2.32863045,0.68997633,-0.86670649,-0.11279322,-0.68334746,-0.50118703,1.09226418,-1.76480961,2.51137066,-2.53003526,0.26935124,0.0113517,1.10737479,1.58614051,-0.32294673,-0.89503753,0.38818371,0.31880319,0.55645204,-0.13266945,1.44417369,b'9'
1625,2.2973423,7.59319687,4.73095894,2.98270679,6.2261939,2.78536153,-2.00379038,0.07809734,-3.18185949,-8.53695583,-4.75350666,2.72561765,1.21511281,0.91417485,1.02928066,-1.13446116,-1.35160518,-0.73392367,-3.90689564,-2.34545827,-0.07163896,1.98297572,1.64079392,-0.26240158,-0.26366743,-3.10926676,1.74283922,-4.06348228,3.34607053,1.69340265,-1.54235995,-0.47033048,2.84849477,0.28981066,-1.64082408,-1.81038535,-0.5713408,0.60443783,0.33102739,-0.54774284,1.22086692,3.13506627,1.2282027,-1.63540423,-0.65128982,0.99302769,-0.79089475,1.76229513,3.92661214,0.40217018,0.98899037,-0.85905528,1.12187564,-0.28713894,1.09411669,-2.02736259,0.0590179,-0.93294716,1.74158216,-1.65507257,-0.51829422,-0.14997962,1.25324214,-0.70807397,b'9'
1626,-6.41513252,-2.94379425,8.45072556,1.89323258,5.88043642,-0.81106424,-9.80804825,-4.11983967,0.45098543,-1.1944201,5.82087135,0.66563964,2.70173597,0.11066331,-1.14594173,2.99394178,-2.42832422,-1.08801782,-0.06590185,3.65144205,-2.19314361,-2.79156399,0.0412361,2.36009932,-0.31156018,-4.07504225,0.44582856,-3.59049058,1.31950736,-1.85505378,1.41006184,-4.28524494,0.2113692,1.50263226,0.18490511,-0.343546,-1.19676054,2.43625855,1.08117771,1.33991933,-0.24092859,1.32516682,0.55610323,-0.53627366,0.89494604,-1.97147202,-1.20381951,-0.42317605,2.32934594,1.4158777,-2.53228545,2.28002024,1.65699542,0.16634393,0.57437623,-0.53494358,0.00964236,-0.17648633,-0.74158388,-0.98004949,2.11311436,0.23686379,1.71547711,0.49186003,b'9'
1627,-7.11950111,-4.61776352,1.34734941,4.94817734,4.94195318,-0.32546759,-8.49836159,1.26968777,-0.32725143,-6.80808783,0.75431001,-2.30626798,1.37740076,-3.02740669,-2.78204918,4.94521093,-0.50499058,2.55543971,0.31792802,1.25438523,-4.42425346,-2.35508275,-2.11086822,1.76293039,0.41903687,-0.59447944,0.87589669,0.75367236,1.96828794,0.63185763,1.01094246,0.20518446,-0.66969657,1.35460341,-1.15792227,-3.22291088,-0.61446977,2.06532693,1.16215706,0.18370908,0.34191942,0.01456346,2.29752517,0.78969961,1.71736991,1.45138097,-2.41996527,0.66833901,-1.86621189,2.3332572,-0.41514099,0.94097912,-1.22814608,-0.54325533,0.53935188,-0.40828252,1.42041481,-1.68749809,-0.13730851,1.34415734,1.67877328,-0.15489012,0.78812397,0.58023381,b'9'
1628,-4.38013077,0.60988379,4.29321146,-1.31968701,9.58412552,1.63681269,1.00733519,-4.7478981,-2.28024006,-3.04370427,-1.33492041,-0.91725755,1.76020789,-3.55269074,-0.32757282,-2.2046051,6.345644,1.18994308,-1.31663609,1.52364373,-7.80513525,2.98994184,-0.33588883,-0.10528827,2.99045467,-1.61569059,-0.89879173,1.12805676,0.86932635,-1.33200312,-0.8985368,-1.43412125,-0.45186263,-0.70315963,-1.10325575,0.18873847,-0.56266189,0.47102863,-1.29101455,-0.5055809,0.49252892,-1.75660372,1.72818196,1.77420998,-1.01678002,-2.34115672,-1.25472617,-0.53350759,0.08889747,0.41188109,2.80634022,-2.53113627,-1.73866105,-0.18552268,1.18695271,1.4222877,-1.80170155,1.11535108,-0.69427133,-1.92885959,0.58079064,0.77954465,-0.8805896,-0.72434324,b'9'
1629,-5.56604815,-1.94309998,6.91939974,-1.52486014,7.93892574,1.30580616,-1.35395336,-2.55186749,-1.94259214,-6.15064621,0.0388124,-1.57100844,1.10916495,-3.75557733,-1.70484066,-0.17733622,6.95944881,3.7307179,-0.06585419,0.84458876,-4.49454021,-0.66709048,0.52502024,0.59854484,3.5442853,-3.55908084,1.02073967,2.1214962,2.25322509,1.13717484,0.70718086,-2.59048867,-0.27359062,2.05759859,-0.23300147,-0.46386012,-0.74161112,1.55115294,-0.3962096,-0.73929024,-0.74854308,-0.57995105,2.74212909,0.1326711,-1.15573394,-2.10991621,-0.41535282,-1.1630218,-1.22653508,-0.08826029,1.83407438,-3.33730936,-0.36338568,0.20872712,1.85637617,1.05469692,-0.16127253,0.90158451,-0.30650225,-0.02655923,1.55171621,0.13937038,-0.43443531,-0.28461164,b'9'
1630,-6.95089054,-2.49805355,6.37668419,-1.70868146,7.03626919,4.46236086,-2.94220114,-0.37527061,1.73275042,-6.68129396,-0.5023725,-0.02704096,-1.00826168,2.65933013,-2.19736099,-4.562644,0.68226099,-0.01772684,2.14623904,2.8943305,-7.08788252,0.00239366,-1.89527166,3.80130577,1.70878255,1.08629644,1.28800225,-1.69928741,-1.83969355,-0.75304407,0.17165518,-0.92404759,0.13294144,-1.9511075,2.12451982,-0.94746065,1.17112017,0.21635556,-1.15800059,-2.78168821,-1.35856855,-0.37614256,2.94278002,-0.34469181,-0.72482407,-1.94600809,1.63389421,-0.37230873,-0.61735237,-0.63106906,0.04643443,-0.46017933,0.07825089,1.46452284,1.55458605,-1.56103766,-0.93343759,1.00583231,-1.04504406,-1.0808388,0.43009788,-0.02027985,-0.62526143,-0.84684056,b'9'
1631,-6.41232634,2.41761589,2.10338974,-0.08836073,5.55951643,1.69765246,-2.918396,-3.58151841,-1.83948183,-5.83235502,1.52600443,0.16238856,-2.69662809,-1.08708286,0.13812113,-1.07875299,7.63479328,-0.98222411,1.35744298,2.00049162,-7.05225992,-0.4729827,0.08563364,4.39640903,2.34584856,-0.66197008,-0.36413145,1.6263752,0.5730958,-1.15411949,-3.10185051,-1.66569257,-0.32711887,-1.16389823,-1.31316304,0.69674087,-0.73723233,0.03443867,0.72401357,0.52537036,1.73344016,-1.77142668,2.45923352,-1.16191673,2.26698565,-1.11189485,-1.1344142,0.6720686,-2.65054941,1.21422601,2.19717407,-1.01204133,-0.42577171,-0.30556154,1.20389307,-0.01720405,-0.84546137,0.9481529,0.73198706,1.06305039,-0.32699716,-1.27434921,1.26375592,-0.50591397,b'9'
1632,-3.96302509,5.62382889,1.18797684,1.25226414,7.51279449,0.01020241,-4.02082968,3.31504989,-2.40038776,0.17179692,1.03691435,4.74730778,-1.94282627,3.12462854,-1.6039567,-1.23612213,0.63045359,-4.45060921,0.73535824,2.97386456,-4.51813269,2.53705812,4.41101456,2.35884905,2.42221355,-0.1084131,5.40997505,-0.72908008,-2.09915352,1.00119209,-1.28215849,-0.15810633,2.62126637,-1.04861093,-0.52545953,-0.24384829,-1.45149016,0.62628329,1.09021521,1.61394382,0.68127322,-0.20638035,2.17948008,-1.80378044,-0.21520531,3.09028983,1.43780291,0.06436276,-0.23681013,-0.82368714,0.62764025,-0.72559631,-0.17664981,0.6883986,-0.02742088,-2.64173555,0.80975378,1.10177398,-0.85390425,0.63010323,-0.28100407,-0.72311389,2.2874155,-1.1209892,b'9'
1633,-3.98375416,0.47317767,6.20131874,0.86338544,4.16176367,4.53888607,-1.76103354,0.19303781,-1.26964664,-8.44318962,-5.00509501,1.42075586,-1.95373416,2.50775695,-2.47131491,-3.30314732,5.57535744,-1.90474582,-2.58240676,-0.43941617,-3.35612464,-0.66287571,0.17612472,3.22341728,2.48189783,-0.04852739,3.19921589,-0.08036613,0.23361802,-0.86511272,-1.18763101,1.85163927,0.84653938,2.07465434,0.41761613,0.3622759,1.55720448,-2.46054697,-0.44669712,-1.86314392,2.11102509,-0.8620947,0.90480894,-0.6068024,-0.40569174,-0.36382931,0.79895747,-0.70742178,-0.70456094,-0.67090398,0.0887877,-2.60485411,0.04571605,1.08563209,0.62603974,-0.36732149,-0.61029601,1.78708899,0.79475719,-1.20222902,0.63525611,-0.4191584,-0.6798014,-0.61461461,b'9'
1634,1.4698931,-6.81806183,3.12079287,-1.2485863,4.17635918,-0.85479975,-9.37823582,-6.87881851,0.88119173,-9.72627354,5.16941643,-4.13332272,4.20925713,-0.50641298,1.36615539,3.75500441,1.65750098,1.11174226,1.7591784,1.12760139,-0.37940735,-2.93236399,0.45032543,-1.19887221,-2.51068234,-2.55985355,-0.71480089,0.23546338,2.58452988,-1.07960916,-1.99574673,-0.54996514,2.26925182,0.57824445,-1.22159219,-1.48505247,-0.81650627,2.51489711,0.96259075,0.87948465,-0.76047075,0.98766661,-0.93481785,0.0857193,-0.48044407,1.10119247,-1.03672171,-1.5500648,0.25266635,1.21441829,0.5634191,1.18383682,-0.04797435,0.29624498,1.85001588,-0.01972044,0.34553194,-0.788616,-0.80232608,-0.0594151,0.5247615,-0.48573786,-0.55111635,-0.05623247,b'9'
1635,-3.46944952,0.16466212,4.47126055,-1.66661608,8.77394772,2.20295644,1.20500684,-3.12901664,-1.70132351,-4.32331085,0.86258197,-1.82233739,1.51036215,-3.44208932,0.45530176,-1.71992087,6.68942356,3.60473895,-1.811378,0.27607179,-6.70175123,0.13708252,0.42745644,2.39283752,3.8983531,-3.20148134,0.24279988,1.62904334,2.0758872,0.38361526,-0.36156857,-3.78421402,-0.12942645,-0.31784612,-2.38365769,0.490273,-1.28218937,2.27537489,-1.64931214,-0.21224779,0.90549803,-1.9579736,2.76199198,1.03305149,-0.59578717,-1.61133611,-2.57412887,-1.49291515,-0.71090561,0.56307602,2.57496643,-1.9154582,-0.45882344,-0.03849065,0.22821462,0.728724,0.43851829,0.88395953,-0.46909845,-0.75720084,1.37689757,-0.94184256,-0.31730077,-0.84837586,b'9'
1636,-7.19851828,-5.7191925,5.16623068,0.63380384,6.93062782,1.34297824,-5.39460373,-3.75388455,-0.76044035,-4.66910028,-0.55865479,-0.31769729,2.0715313,-1.56736064,-3.58223009,-1.46066809,2.10420394,1.23093963,2.24094725,3.24083042,-3.35345268,-0.75762755,-3.46326065,2.10576582,3.98052216,0.34715977,2.20205545,-1.81907654,-0.54929447,-3.64136219,-0.84297526,-1.78578568,-0.09521557,2.00666094,0.84860331,-0.4291555,-1.9409225,0.1703155,-1.13735187,-1.48831737,-1.11565971,-0.79152435,2.08213019,-1.21588683,0.0043329,-1.2331475,-0.96235764,-0.42578197,-0.34763747,1.10814655,0.48984236,-0.12881714,-0.54129314,1.54148495,1.88838196,0.36136818,-0.5856092,-1.10766649,0.54558223,-0.52230585,-0.28054491,2.231004,-0.45355943,-0.06860805,b'9'
1637,-4.44224215,-2.29804277,6.55188417,3.22474813,4.6320262,-1.10142708,-4.26721764,2.23052216,1.86499453,-9.22401714,0.87350869,3.1407187,2.03281355,-0.51387709,-1.99561977,-2.55350733,-1.41509402,0.8658942,-0.94068813,1.72971773,-4.72254658,-0.68040532,-1.13788688,4.2115097,-1.19005263,-1.72009528,2.97257519,-2.86362958,-5.03748369,-0.14306581,3.34733915,1.12394333,1.66754377,-0.52873093,0.28438759,-2.26249695,2.49836373,1.4747541,0.81063747,-1.62445402,3.21176028,1.93557072,2.69888544,-1.4715035,0.67921507,-1.91795373,-0.80374932,-0.55712485,0.74322575,0.59483373,-0.16891651,0.70574123,1.80908418,1.61598957,1.49724412,-0.69773829,-1.067765,0.50515884,0.73754865,-2.18512154,-0.99319547,0.12809694,-1.60202122,0.57028437,b'9'
1638,-10.30710411,4.15769196,5.48389864,1.3364228,8.12370205,2.76161098,-2.79153776,-3.68277097,-1.41704369,-1.28778625,4.69713211,3.03903985,2.66257286,-2.10512042,-1.52694225,2.61645532,-0.63394642,-2.98470449,-1.56476295,2.770895,-6.09528637,0.08032995,3.03277326,0.92632413,3.90554285,0.62620074,2.17423534,-3.38047624,2.66725421,-1.29314983,-1.0597626,-3.53195763,2.97734451,0.21083528,1.67844701,-1.50184846,-0.78487396,1.85536134,0.97503316,1.49272513,1.45903373,1.21230364,1.9708395,1.29173315,0.78706431,0.86681449,-1.0425545,-0.07881379,2.87268734,1.1989578,-1.64919698,0.3889966,0.18834877,-1.02308917,0.29825842,-0.7181071,1.32123196,1.10333574,-1.80246878,-0.74115205,1.17554164,-0.51624399,0.68931532,-1.20133257,b'9'
1639,-2.47302055,11.6865263,-1.32954001,-2.82418108,3.46587992,-0.32669342,4.1643486,-0.49194217,-1.45593643,-4.57220602,0.4881382,7.13927269,-4.73993444,1.16739118,2.30930734,-1.97709846,-2.46888423,1.30546832,-1.40806198,-3.21854758,-3.17027712,3.18746209,2.46361494,1.57572508,3.30011463,-0.40805256,-0.35102028,0.78807271,0.40428209,1.72295797,-2.05797148,1.89545965,-1.51375329,-2.15096068,-1.40775681,-3.25161433,1.91667485,-0.77676362,-1.00945199,-0.20605728,0.25782919,2.83112836,2.63000727,-0.99792451,-0.39569271,2.26688385,0.11594728,1.76250947,2.35042405,-0.18328252,0.39152682,-0.76843023,2.13680124,0.88832957,-0.32503682,-2.45347548,0.1067462,0.14562464,1.3967135,0.72713983,1.79085302,-1.17028582,2.18850327,-1.91846824,b'9'
1640,-5.48929548,2.35095978,5.42684126,-2.28555036,8.29047394,1.92357111,2.94170618,-2.43520451,0.80622673,-4.17764378,-1.70201492,-1.00770402,0.8588506,-0.57837588,-0.72284794,-0.47307515,5.68104458,3.47554708,-1.43497837,1.41404748,-7.42175961,2.13313484,0.1472118,0.1442759,5.41875505,0.0491149,-0.11062521,0.46227765,3.09744525,-1.5064944,-0.16937554,-0.10666299,0.25717926,0.26657754,0.94106823,-0.57047415,1.95892072,1.03872979,-0.57128298,-1.105474,2.57360005,-1.08489549,4.0337162,1.55184865,-0.041816,-2.83823991,-0.4126544,-0.07451797,0.1735805,0.72781122,1.29428577,-1.81599784,-4.00889874,-0.08123291,-0.40766209,1.70510554,-1.27587223,1.76973951,0.57170433,-0.15829861,1.03256583,-0.21964528,-0.3961274,-0.5265345,b'9'
1641,-3.61988974,-1.39581943,1.19984829,0.36707786,7.5104599,3.92487645,-7.61051941,-5.41868496,-0.16121912,-6.23312759,0.6830833,-3.13756871,0.99471295,0.30538857,-1.79645157,0.71574998,3.53721118,1.32734513,-0.43299338,0.96362495,-5.07503891,-1.35476589,-2.87206817,1.35975027,3.06338882,-0.99574214,-0.29880148,0.11387849,0.06019926,-3.95975828,-0.7138797,-0.6060338,-0.018524,0.62572205,-1.48427176,2.27255177,0.43449998,0.52249694,0.36578321,-1.64401758,0.41039944,1.41404796,3.24463081,0.21915011,1.17469859,-1.13974714,-2.08373618,-0.16673517,-0.10968889,1.90481389,1.28633773,0.2502352,0.94374835,0.55305469,1.94294119,0.08007115,-0.75588155,-1.8357693,-0.01481962,-0.2882539,0.40932757,-0.39767611,0.62694216,-0.68578213,b'9'
1642,-8.58904266,-6.33599758,9.25123215,-2.01263022,4.59385729,2.0984726,-0.42905807,-1.64883256,-1.7843442,-4.12997913,-1.3108387,-0.37903953,-0.87344503,3.92884731,3.92511964,3.65851355,2.62400746,5.58862972,-5.15755749,-2.69939494,-5.38318348,-1.6341002,-1.3834492,1.09717584,2.24964762,1.32975006,4.12414122,1.25193906,2.95694065,0.97651339,-3.1499362,1.41225004,-0.28008533,-0.0548088,0.83367282,0.06285024,-1.34331846,1.42933321,0.13965583,0.26910812,-0.77611679,1.47184944,0.90757787,1.25075912,-2.05655193,1.92514253,0.60759318,-0.42920303,0.36540633,0.15798908,-0.82411778,-2.09271479,0.5932225,1.86071897,-1.49185157,-0.30547813,-0.52228308,-1.64764678,1.93672752,-1.59029782,0.04733343,1.48260117,-1.01303101,0.0286846,b'9'
1643,-2.67557573,4.97264099,2.94039011,5.65571928,6.91529083,2.16124558,-7.43072701,-0.59784877,1.37128854,-8.60697556,-1.80403233,-0.15768123,-0.03903115,-2.52014518,-0.16390133,0.5220716,2.37949347,-0.03967446,2.51092076,-2.09206676,-4.82173729,-2.48459148,0.4750241,2.76751709,-1.51220345,-1.86988914,-0.51962447,0.23052061,0.1314311,2.09107971,3.05527425,1.07785439,-0.74629545,0.67200053,-0.80151117,2.153929,0.44831395,0.70086551,2.09943748,0.0542255,1.09764051,-1.15952587,1.91876721,0.02833819,-0.39791274,-0.83200055,-0.65237337,-0.73106456,-0.1730963,0.22770357,0.49838322,-2.8384912,0.09698725,1.1216855,0.34917736,0.74172008,-0.7562573,0.06984064,-0.0678165,-0.26804984,0.16900079,0.27907199,0.01756537,0.60599881,b'9'
1644,-2.39610481,3.23218727,3.26013446,-2.14406157,6.39413881,5.75249863,-6.6940155,-4.9841404,-0.36570215,-8.045825,-3.86750174,0.74725604,-0.90123725,-0.88863057,5.36713505,1.71765995,4.88810253,0.99808645,-1.68860245,0.12577295,-1.27918184,0.5843814,0.92236364,0.40418291,3.31356716,-1.16122568,1.44419873,2.46180081,0.5348742,1.58951414,1.07513106,1.54701328,-1.79395974,-1.89531946,-1.02740288,1.44266427,-0.88345468,-0.45122117,-1.54779279,-1.96869898,0.19963503,-1.36392045,-0.56115311,-0.47895527,-0.73869932,-0.98314053,-0.21947084,-0.57978344,-0.72682977,0.36290479,-0.61916447,-0.90383053,0.52410281,0.31357133,2.6667552,1.17208958,-1.36129904,-0.39708638,1.28305769,0.09144711,-0.07073496,0.06232566,-0.59972775,0.45496184,b'9'
1645,-2.03881407,-3.80897236,2.43777275,3.39397192,5.77680206,-1.66844249,-8.10331631,-4.0115881,0.49407339,-5.68899441,2.28927422,-2.84205413,3.97263575,-3.75711632,-2.17394352,-1.33840871,1.455832,2.22162676,5.07190228,3.28156137,-3.46115041,-3.52771807,-1.29820192,-0.10353899,0.37655544,-1.38678133,0.9500556,-0.54010022,-0.23947096,-1.72739196,3.17561507,-3.20920873,-1.92756522,-0.48160821,-1.32516909,1.09761143,-1.17476404,0.74877524,1.45348775,0.89839947,0.35121441,0.09029593,0.37811503,-0.91643244,-1.07908785,-0.10181841,-2.91727638,-0.29684758,-0.42426431,1.43582118,0.98255718,-0.29843783,-0.33483219,2.21103668,2.32543159,1.55730844,-0.8823123,0.24021873,0.81479818,1.11629951,-0.19779335,2.80928969,0.1551646,1.17744124,b'9'
1646,-10.79096508,-0.78252721,6.89768648,0.34019783,6.67302036,-3.07097697,-3.91324139,-3.94702744,-1.20062828,3.54548407,5.88645315,1.7796576,1.70581186,-1.68573081,-1.92890596,-0.07335138,1.64205503,-3.19585967,-2.62422442,3.04060555,-3.8405714,0.72030085,3.83284497,0.66029,1.21001756,-3.01662374,2.30869579,2.0834167,-0.38126278,-1.69266021,-0.92973363,-1.40314233,-1.47626042,0.08966714,-1.05056286,1.62462199,-0.60963821,2.18206978,-0.04214585,-0.80096394,1.60208583,2.12114596,2.59226489,-0.32702637,2.50906658,1.3293463,-1.02873421,-0.84401631,1.23234272,0.52056885,1.65220118,-0.22848046,-1.58335137,-0.74544287,-1.32660198,0.19490725,-0.30010581,-0.6043337,-0.83526099,0.43082452,0.7749896,-0.51159525,0.82210779,0.44573635,b'9'
1647,-9.47348309,4.82568359,6.14779902,-1.40990102,10.59932899,1.61980295,-0.69527435,-3.07308507,-0.37421608,-2.81480432,0.91317987,2.21799994,0.52345687,-0.05799816,0.0417676,2.83153677,1.5373342,-3.48257351,-0.15529852,0.7226634,-8.53295231,0.71493852,2.84836626,0.63381958,3.11099529,0.72710848,1.83825767,-1.25951087,1.39542294,1.23185337,-2.51593828,-1.72832334,1.43551791,-1.86457539,0.68797165,0.07651031,-0.74329114,1.90014243,0.45344222,0.67774248,0.46858585,1.69379175,0.34880084,0.36072642,-0.38080955,0.26735127,0.9897148,1.0442903,1.72565341,1.29122913,-0.1362472,-1.06472325,-0.08663654,0.7393629,0.23857486,-0.71415883,0.51340055,-0.46589464,-1.12858939,-1.50387895,-0.04747321,0.20173389,-0.46337497,-0.6672762,b'9'
1648,-8.88941193,-1.66760325,9.65747738,-1.03906107,8.65881157,-1.37410378,-3.42023468,1.79383337,-2.24283028,-2.3872757,3.5556581,-5.56254864,2.33916521,-1.46021068,-1.04320049,2.77896261,2.17045236,-1.14287496,0.51102746,2.19690704,-2.2367866,0.04398,0.5791896,1.6156168,3.2764492,-0.88472301,2.44032812,-0.94978493,-0.2645092,0.04259998,0.99962556,-2.58912706,-0.16106597,-0.49614495,-0.14948523,1.7602607,-1.11666608,0.55046034,-1.49460614,0.31386536,-0.38203907,-2.1211586,1.49578857,0.72887129,0.37601477,-0.7089861,1.55923831,-0.68924832,0.67550707,1.94621575,-0.42159259,-0.28995574,-0.25533628,-0.52227652,1.29911351,-1.34610844,1.83631182,-0.96378958,0.06957495,1.71307743,0.36988783,-1.15667129,0.67253137,-1.40424991,b'9'
1649,-7.38942528,-7.60451603,11.50347233,-2.10472345,9.5334177,4.74996281,1.92731285,-4.34237099,2.59682798,-5.10712528,0.24008203,-2.92111135,1.69360113,1.76181662,0.13874435,5.93552065,-2.26869941,4.39147949,-1.57755661,2.11084414,-3.47037959,-0.78314596,3.43444347,1.47687006,0.48508942,0.90063608,2.016819,-0.5457567,2.71793365,0.52321911,-0.1312536,-1.50308418,-0.01343187,-0.72928053,3.29791522,-2.10554194,-0.97866058,1.06902909,-1.01344264,-0.50365806,-3.62116265,-0.19578685,0.10896066,-0.23245932,0.37802315,-0.87118632,1.48725808,-0.86310983,0.86068982,-0.09696525,-0.53551835,-1.87331128,1.25539613,0.48097831,-0.56539613,0.64106488,0.23144984,0.40204591,-1.21000338,-0.97548389,0.04917358,0.04184684,0.20931649,1.06286108,b'9'
1650,-1.27070487,-2.55477786,0.76435667,5.99101162,3.74766874,-2.18687081,-8.56553364,-5.00518227,1.99570107,-8.40236664,1.17616153,-3.8020947,-0.79647303,-0.058296,2.00178719,2.59862399,0.41281676,3.37373376,-1.67381001,0.72401857,-3.73378181,-5.93709087,-1.05850208,1.35000992,-1.96497834,-1.27783942,0.40188777,-0.04001838,0.77118659,1.17923415,2.90779567,-0.11111212,1.22141266,-0.93766099,-1.43374014,-0.99783409,-2.81575131,2.02098227,2.76952267,-1.2448566,-2.70994234,0.41170442,0.08901159,0.80548233,1.1594609,0.11262283,-0.2323194,-0.40788388,-2.68046761,0.38410044,-0.3472544,1.3096869,0.55848944,-0.05258286,-0.30149156,1.39083743,-2.37407684,-0.4604944,0.02131915,1.8187834,-1.00006139,0.24750018,-0.63029706,1.34504128,b'9'
1651,-3.4715004,-6.07680893,3.29743814,2.29291701,4.18391609,0.98211586,-2.52370787,3.00773764,0.50405169,-9.78117847,-4.23351669,1.03705788,-3.25360298,0.85556376,-2.28981018,-4.0370307,-0.51223326,-0.37304354,0.25574964,0.34553003,-4.2388978,-2.69815922,-3.56859207,3.29962206,0.78471243,-0.62561589,2.19246101,-1.05933225,-2.30241299,-0.99574834,-0.62707889,3.90099669,1.90079987,-1.56607246,0.29359621,-1.48280621,-0.00214767,-1.05625606,-1.59702551,-0.77622581,-0.16214192,0.51451415,0.37709525,-1.11804593,0.2219944,-0.92095435,1.34780324,0.57793331,-2.67727637,-0.3298704,-0.21890189,-2.7186892,2.5046072,2.91247249,0.81706905,1.16113627,-0.22929525,-0.62997925,0.04019737,0.50639892,-0.53786254,1.12570572,-1.62455714,0.98905915,b'9'
1652,-4.7688942,-2.01839232,6.53415489,1.99864984,6.18154764,1.48604989,-6.68264198,-1.96958113,0.68175745,-2.9884119,2.55727983,2.95228481,3.49191737,-1.7305094,-1.96803808,-4.61806679,4.63518238,1.23292923,0.12082818,2.98978519,-6.51891041,-2.08438683,2.1788218,2.56599903,1.36776292,-1.9648639,0.1695298,0.12899363,-2.3108983,-0.01020527,3.01932049,-1.99144161,-2.21907783,0.02079314,-1.02700591,1.77966189,-0.61534083,2.76430297,1.17500472,-0.8323437,1.91641593,-0.30121952,2.11277676,0.15482645,-1.22344363,-1.56375289,-2.66633058,-0.00567102,-0.18738207,0.39457953,0.27224848,0.79859746,-0.24540615,0.70361716,-0.36270231,-0.34879473,-0.72877145,1.19514608,0.08229035,-1.22768748,-1.39948463,0.87059718,-0.74107081,0.76691151,b'9'
1653,-5.55797386,0.50676656,7.3938632,0.98648834,8.83446503,3.94964552,-4.90958309,-0.06340122,0.72912693,-8.35753059,-0.7407136,-0.64467502,-0.7110312,1.62411749,-0.72272635,-1.1316669,-2.73263001,-1.05032253,-1.60386944,-0.36161125,-6.7241354,-0.28326815,-0.48879585,2.30041456,3.26698971,2.21678805,3.42091608,-0.00636148,-0.90155315,-1.88160086,0.3725996,-1.01495206,2.71043777,-1.68121696,2.13343906,-1.58759892,0.14604855,-0.55174154,-0.000561,-0.28117415,0.08755219,-0.67695642,2.81789422,-0.04970299,-0.76351523,-0.96543056,-0.41722274,-0.17169023,-0.38167977,0.23309016,-0.67934483,1.01629615,1.12336445,-1.88341093,-0.03048617,-0.57586259,0.14945221,-0.17232724,-0.36337045,-0.8087424,-1.76232576,0.08981377,-0.72318804,0.40616789,b'9'
1654,-9.40947342,-5.00039673,3.81655312,0.97577739,9.58267021,1.84339416,-6.96772003,2.92638159,-0.68229532,-7.19301987,0.26850533,-3.11841416,2.6760056,-2.66505671,-0.67582226,3.39452505,-0.1333282,0.20560646,1.52667105,-0.48063171,-6.14508295,-0.39608675,0.48883909,-0.40498662,-0.96682763,-2.57356167,2.84705114,1.75042701,0.68712544,1.834391,0.63688409,-1.40035331,0.1846021,-1.22350764,0.39450574,-0.6660105,-1.19760656,1.17059422,-2.49654436,0.31704044,1.01660562,0.77521008,-0.58162689,0.02151517,0.6413734,0.12956959,-0.56415462,1.31120908,-1.46630502,0.39245057,-1.53965402,0.23442394,0.37463927,-0.33679116,0.8466059,1.22261727,-0.23611259,-1.45235109,-0.96640462,-0.34900457,-0.54823411,0.83660191,0.08924615,1.69990945,b'9'
1655,-7.5853858,2.46325636,8.0513401,1.03576255,9.13089561,1.69499803,-3.93627548,0.37681782,-1.66501522,-4.18894911,0.38497901,3.9187181,1.05164647,3.21832418,-1.97622204,-0.90837669,1.70765519,-3.59979105,-2.04691124,2.11917162,-5.37826395,1.29555392,3.97658944,1.32910681,2.20898914,1.6122098,2.11291504,-1.89501619,-0.4818716,1.11379635,0.57681179,-2.18808126,2.30841374,-0.84092718,1.20074832,-2.45618701,0.96270514,1.96416211,-1.50659978,-0.4055635,1.02604127,0.47251844,1.65649629,0.7512722,1.10843205,0.06514382,0.5445748,1.74563205,1.35261846,0.96547079,0.81618321,-0.03814149,-0.49350715,0.17233157,0.5492413,-0.74592757,1.28090787,-0.65839475,-0.85985702,0.23789251,0.56548482,0.27592516,0.71300805,-2.07551789,b'9'
1656,-5.26172876,1.91331387,5.97930861,-3.19144177,9.37347984,0.83361483,0.45016599,-5.73449898,0.30631876,-4.93357897,0.30306506,-1.20285916,1.94837761,-2.64018106,1.33223438,0.33150792,6.35757542,3.34932017,-1.1501193,1.74994993,-6.31820726,1.99461532,1.1091454,0.4515121,3.48533773,-3.17823291,0.53929746,-0.7060281,3.12448573,0.39607215,-0.96765888,-2.42190337,1.01471198,-0.56829876,-2.4919281,-0.24848184,0.34901595,0.71866548,0.35475051,-2.1530571,0.13071775,0.5828917,3.29749274,1.14444971,-0.83073342,-3.52160072,-1.77239335,-0.23455644,-0.28218073,-0.10957158,2.41642547,-2.44368911,-1.29255915,-0.52134585,1.43425584,1.08408344,-1.49462795,0.93331784,0.02222675,-1.6558944,0.59117085,-0.30119753,-0.73613018,-0.20610762,b'9'
1657,-3.73830462,1.47401953,4.20825338,0.83718026,6.47198439,1.7800045,-6.97006321,3.6205976,1.54809308,-7.84974194,0.38580656,-1.476753,0.76626909,-0.05842347,-3.21376705,-1.28224874,2.93968892,-2.70529366,2.59012175,0.85155559,-5.82890558,-3.53835869,-1.8965174,4.25756311,2.45969915,-1.45715523,2.78631449,-0.14075142,0.27525091,0.8953321,0.75304282,-0.80421042,1.66691363,1.62052858,0.54597962,0.22736779,0.97677469,0.23960447,2.13514614,-0.7724762,0.69825411,0.97587323,1.44011104,-0.91458887,-0.26893723,-1.94367826,-0.63401586,0.35419393,-1.32822561,0.20683575,-0.02982686,-0.8616612,1.30564272,1.01988184,0.62248784,-0.87458813,1.06282794,0.06471808,-0.83200049,0.16414928,1.09133673,0.7285108,-0.31276515,-0.04418442,b'9'
1658,-10.45154095,-2.83747745,1.47048748,1.36174595,3.56431341,1.83669496,-5.09423637,-0.71284735,-2.86062956,-3.02069449,1.62797749,-1.81021619,-1.21191478,-2.44087481,-2.15629435,2.73221731,3.55597663,5.3939991,-2.04180193,-0.6642046,-7.53667688,-0.79103106,-1.97993195,-0.973629,1.86609662,-1.10553324,1.19871974,0.67230463,1.33670926,-1.82458448,-1.14328492,-0.55061913,1.07656562,4.39378977,-2.81933808,1.75101268,-0.9415499,4.0674758,-0.6820296,2.96293974,0.35743976,0.92049551,1.08397007,-1.34270704,-1.50392663,0.80957896,-2.34815431,-1.43911052,-0.11880343,0.2524792,0.57398504,-1.13882995,0.40525246,0.69488156,1.69541669,-1.9957155,1.23036253,-0.55981004,0.83050066,-0.9421829,1.1511668,-0.25199467,0.13557261,0.32444805,b'9'
1659,-9.72908783,-4.49557209,1.84496188,1.3681978,4.44444466,2.43950176,-6.9421463,-1.50314331,0.44755745,-5.2965498,-1.4214406,-1.5599606,0.70015401,0.89790428,-1.40589714,-3.49940872,2.0543015,0.88522387,1.79321003,2.65560293,-4.76245832,-0.39755446,-2.98460722,4.54507828,2.39750004,-1.1267333,2.17919397,-3.06496978,-1.96471405,-1.88345253,-0.87056434,-2.028337,0.63237292,-0.26172298,0.76824689,0.63263369,-0.7277261,0.96765214,-0.05755293,-1.20596504,-0.11551821,0.78642583,0.94465852,-0.70287484,-0.26439202,-0.78544599,-1.14684772,-0.10993838,-0.97433954,1.52181566,0.01334134,-0.16903168,0.98329043,3.71667457,1.90115404,-0.19214916,-1.85728168,-0.28139335,0.15540749,-1.73240399,-0.72586447,0.20797926,0.16284549,-0.46425381,b'9'
1660,-4.35702038,6.71157932,2.23828912,-3.40701079,5.36268759,-1.21213365,1.98497868,-4.00596046,1.09046698,-4.09971571,-1.15384841,1.21405864,-2.19748569,-1.33197248,1.4639616,-0.18390703,5.41971397,0.56992376,0.46747655,0.77006626,-8.08890629,1.65864468,0.524405,1.96089268,5.1311512,-1.85918272,-4.34388971,0.8739109,-0.58926582,0.55041146,-2.99310398,1.00064683,-1.79969192,-1.96754789,-1.83518863,-1.14391434,1.13981724,-0.01846641,-0.09006596,-0.51281846,2.7405138,0.59551996,3.33353662,-1.04229176,1.47737992,-1.25175393,-0.9367255,0.89870954,-0.97340953,-0.69429702,1.14693427,-1.78800607,-0.23934889,0.50915658,0.54694659,-0.93683553,-1.25673103,-0.4495042,0.61755615,-0.33841497,0.49556762,-0.71685934,-1.60932946,-1.52154028,b'9'
1661,-5.25284195,-2.36002374,3.5841341,3.95320487,3.21618271,-1.77759218,-4.71458721,-1.57598424,3.51287937,-13.14248276,2.35557508,-0.84541154,-1.14636016,-0.992796,-2.1671834,1.68626034,-0.488446,2.56335735,0.02669424,-0.28361249,-3.54651785,-3.26605701,-3.27782297,3.66688108,-2.69952059,-1.28788698,0.93797088,-0.77604425,-0.70294952,0.52231109,2.21775055,2.9597168,0.17555924,-1.01948738,-0.31818938,-0.03553435,-0.4913342,2.0735302,2.6227603,0.11728805,-0.14404798,1.26769578,0.40519401,-0.09389944,0.16068387,-0.73963207,-0.83778739,-1.68537021,-3.82944512,-0.70298404,-0.33798516,-1.69615793,1.31441712,0.9613272,2.36426163,0.55527771,-1.34424019,-0.14656858,-0.65865242,-0.47659034,-0.14814214,2.12325931,0.16285741,1.23970699,b'9'
1662,-7.9313755,-1.20834398,4.17920065,5.68277407,6.91735125,-0.9104104,-7.55027103,2.66174221,-1.16890812,-4.79704714,2.01625752,-2.17128491,2.84429002,-4.27841282,-0.72588921,4.18730164,0.30774474,0.24823344,1.83290052,1.88958597,-3.34687638,-2.84566712,1.19086087,3.45285368,0.43595386,-1.61645222,2.14603376,0.50317633,-0.20673609,2.51981401,2.97687769,-2.25039959,-1.16806006,1.94264126,0.65121317,-0.83811569,-0.58984637,0.89226604,0.79557586,0.23248219,0.33482552,-1.62405443,1.11563754,0.08426474,2.1930666,-0.67065477,-0.58464897,0.18143773,0.30914927,1.88227475,-0.87637556,2.13797283,-1.41562223,0.63523042,0.03891236,0.02310807,0.44808245,-2.31990361,-0.96666384,0.81964016,0.75593895,-0.54746246,0.33215988,1.4321512,b'9'
1663,-1.74096179,-0.191782,7.46513891,1.39303744,5.57571936,2.01822042,-3.0774951,7.37784863,0.4467082,-12.28482723,0.68389773,3.45033979,-0.92111301,2.70254087,-1.45302773,1.36800635,-3.62456369,-1.5686512,-3.51439524,-0.44636822,0.54274887,-2.27912951,0.29882687,0.49643064,1.19059253,-0.69749773,3.87311602,-2.03708649,0.0296855,1.18898904,-3.06057787,1.27246118,1.29853666,1.24761534,1.63332784,-2.38847804,2.81077981,2.8623035,-0.26403022,0.14991486,0.9155941,2.60410023,1.3602134,-1.88521504,-2.17438841,-0.09350775,-0.24828143,-0.00480223,1.77847791,-0.30217898,1.67004859,1.53206778,1.60847664,0.11616385,2.09533596,-1.38167298,0.99354553,-0.09743218,0.99969119,-2.62188029,-0.16829202,1.11734533,0.48782992,-1.48821723,b'9'
1664,-2.47353411,-2.89315701,-2.97648764,2.26062036,5.54819584,0.31159341,-8.4663868,-4.72574711,3.00580072,-7.50175953,0.9674052,-3.59735131,-0.28405058,-2.51961637,1.30540752,5.51140451,1.52596378,5.34345055,-1.39053595,-0.29002905,-3.04392385,-3.72989368,-3.0826323,1.6608243,-0.69404137,-0.20498459,0.55443949,1.03640842,0.9367187,-1.3241477,2.58143139,-0.44746661,-1.24318707,1.34904766,-1.89802098,-1.36759984,-2.44229817,-0.05143827,1.54825485,-0.39337853,-1.22521031,1.07891822,2.62705445,2.6296072,2.79505205,1.90768909,-1.87614667,1.06008625,-1.37073708,2.30171919,-1.0853467,2.06588674,-1.97719455,-0.70153213,0.30991852,-1.1098429,0.42153358,-1.00585473,0.81067163,1.59506643,0.21220379,-0.01643929,-0.17741573,0.87534505,b'9'
1665,-9.46337986,-3.84623694,5.90138626,2.64906788,3.59344625,1.67343855,-5.7748394,0.9841553,2.51613688,-4.29160309,2.37476206,3.65356541,4.71754742,-3.9173975,-2.51895332,-2.79459143,1.63595605,2.3292315,0.603872,0.90287375,-0.94362009,-1.21571088,1.65341163,4.35867691,-3.39375734,-1.86398542,1.5577904,-1.98104143,-0.86581659,2.37976456,1.20278037,1.69351435,-5.76735544,2.19300866,2.83398342,1.08071482,1.05057025,1.08653927,0.14276457,-2.66418052,0.73915887,1.05836391,2.53455257,-0.86525083,-0.14764917,-0.25791779,-1.71128595,-2.40631557,0.21810445,-0.79388046,0.23663603,-1.07990634,0.17927361,1.33537841,-0.50301641,-0.85956925,-0.23094678,1.84997797,0.03321296,-0.74605006,-0.2141373,1.69576144,-2.08011556,-1.62697375,b'9'
1666,-9.82597065,-4.79702187,6.38617706,0.19762179,8.33919811,0.81597739,-6.74606705,3.93241668,1.64517951,-4.42692661,2.79801726,0.84072804,2.49846506,1.16974628,-2.51123905,-1.11424804,-4.44718027,-2.6753211,-2.57245374,1.10807037,-4.126472,-0.16082853,-0.04222202,2.81784725,1.62077534,-0.98088014,1.16797173,-2.84690475,-2.66809845,0.44201326,0.92409909,-1.00647187,0.89007151,-0.59490782,1.30423534,-2.09761667,-0.04463649,1.59094477,-1.68204272,0.25284094,0.44198382,2.95713186,2.73402166,-1.17897666,1.31182265,-1.74869037,1.43552101,-0.44095111,2.55543709,-0.26938403,0.20284723,1.22178638,0.11228943,-0.52486372,0.12685132,-2.64038849,0.67269826,-1.43842137,-0.57549733,-0.20164299,-0.61938024,-0.0590916,-0.83554661,-0.46098134,b'9'
1667,0.22413361,6.90768814,-4.0599885,-0.32980311,1.88027418,-0.86703134,8.20678425,-2.94796824,-1.91622496,-4.59151793,3.32505703,6.27937412,-5.11144924,-1.9915601,0.32287765,-3.36877394,-1.27416253,6.29353619,-2.08583736,-3.22583103,1.77258015,-2.31907034,-1.17456746,2.14118481,2.69472647,-2.80839944,2.58352947,-3.25436759,-0.63717747,1.87269032,1.05211139,0.35350776,-0.07999533,1.0141263,0.07603592,0.1026296,1.79849839,1.78974628,0.17891574,2.79325938,-1.9182688,-0.44570714,0.94326228,0.52434123,-1.96173823,0.02078934,1.59827673,1.23191571,1.85177708,-4.5425806,3.54764199,-0.26031649,0.83330846,1.00648737,0.11794531,-0.35156399,-0.75177813,2.04037333,-0.261556,0.04348135,1.14156199,-0.80828357,0.8495003,0.15901922,b'9'
1668,-6.06054735,-7.11340332,5.88907385,-1.07851756,6.97271061,0.87058091,-5.29994965,-5.47831917,-0.6851635,-7.49035025,0.90555489,-2.24883389,1.98806918,-1.29167676,0.24665833,0.54132426,-1.06675053,1.99834442,-4.85504055,1.63486528,-7.14144468,-0.04017919,-0.78517127,-0.64587831,-0.67223603,-0.83611375,0.62012982,-2.68108368,-2.26038504,-1.04774737,1.06733727,-1.72887373,0.57703304,-1.37239075,0.5766629,-4.57234192,-1.07318425,2.4223783,-1.964589,-0.61486298,-0.68909335,1.21202886,0.51824248,-0.83827746,0.40958726,0.17189777,-1.77100086,0.57971692,1.03423333,-0.45637792,0.91739035,2.21423531,-0.38419414,0.38492417,-0.08487898,-0.39073727,-0.53994918,-0.15587021,-0.92447942,0.00699496,1.54606795,0.67961854,-1.03618145,-1.19183719,b'9'
1669,1.77410305,-3.3196547,1.9882772,7.00900555,0.57494688,-2.53549933,-3.32103014,-2.73227096,3.6340909,-7.94559526,2.19810414,-0.73979354,2.54315019,-5.37893534,2.69156694,3.3684721,-3.85087109,2.57392049,-3.18566847,3.83496618,-3.79124522,0.00733805,4.22008276,1.71045876,-6.51750183,1.37274337,-4.73193455,1.93013668,0.00198603,-0.51860166,-0.03604043,4.5374999,-2.01494837,-3.84719372,0.08807153,-2.66101885,0.19121099,1.15967691,1.4655782,-1.24185085,-1.202865,0.13728353,0.3608498,1.71236765,0.65114045,0.28930116,0.67486697,-0.37627387,-1.01533258,0.12433016,-1.53206146,2.28148532,2.05768681,1.65232086,-1.07073569,-0.03970027,-3.12386322,-0.05096878,-2.05090714,0.41687322,0.39727795,-1.55236435,0.04520649,0.11223561,b'9'
1670,-9.51716805,-6.90842867,2.25935435,3.57095218,4.84385061,-1.81324673,-7.50842094,2.88371515,1.12809873,-7.76790857,3.11303782,-1.37834573,1.20677733,-3.63606882,-1.86227751,4.44220686,-4.0260601,0.60744131,-0.48871893,0.99782038,-4.15974617,-3.41112757,-0.13244593,2.7595973,-0.44228938,-1.9484458,0.15064335,-0.40323043,-1.0484376,1.93184268,2.11130929,0.24563646,-0.90431237,-0.44267601,0.18236625,-1.23328185,-3.82183528,2.93220973,0.63636446,0.16500419,0.54278207,2.36799049,1.41038299,0.40844107,-1.22993505,-1.7246201,-0.07823353,-1.14433217,-0.35051215,1.05599976,0.64091575,1.45582986,0.55378544,-0.33423209,1.41700602,-1.23383617,1.2327038,0.21223831,-1.6763351,1.49497378,1.25015068,0.96106523,-0.05561876,1.66127348,b'9'
1671,-4.18097734,4.84280205,3.9076252,-0.2448236,6.73070431,-0.68760061,2.18251729,-1.85314441,0.41112471,-5.40755558,2.61407852,2.03143072,-0.40441597,-1.3844775,3.20836401,-2.18891716,7.56857491,0.27958393,1.56518126,0.35827565,-6.84221315,-1.38982224,3.34448957,3.94750071,4.53870916,-2.54115486,-0.12618321,2.18004012,-0.05674171,2.61447477,-0.36909807,-0.02983999,0.11510523,-2.06888533,-0.93979919,-1.93868268,0.8171196,1.61322105,0.00531948,1.39066374,2.51588154,-2.05210304,1.02761245,-1.79658496,0.50979185,-2.14470291,-0.89624679,0.8724463,-2.15671229,-1.03201914,2.1131525,-2.2235229,0.49593043,0.02607536,-0.22760266,1.40219402,-0.71116495,1.06504047,0.99859267,0.51782346,-0.48637384,0.07738248,-0.23305857,-0.66261619,b'9'
1672,-7.111166,-0.96708131,6.57157421,7.41678858,2.62634468,-2.06424165,-11.335783,0.25652587,1.47772717,-1.71721566,4.56803894,0.01566744,2.82207727,-2.45200324,-0.45165968,4.26871777,-2.20173597,-0.31206727,2.07046485,1.09588456,0.36923778,-1.29388523,2.63416648,4.41628027,-1.97754896,-2.08401132,0.29278362,-0.61267346,-1.63321352,-0.20070249,2.32995272,0.89810991,-1.15844655,0.53592682,2.51764345,0.98563778,-3.68288064,-0.28172439,2.82168102,0.88578892,-0.27157187,-0.56834519,0.6172868,-0.98898727,2.75522208,0.05784935,0.65859509,-1.02034879,1.32962942,1.48302042,-1.44867718,0.60775542,0.94203877,-0.56932378,0.27238435,-0.11522645,0.30905533,-0.49136817,-0.4158549,1.0026108,-0.88672423,-0.77547503,0.5255444,0.02228707,b'9'
1673,-8.93672943,-1.12555122,9.25950527,0.97284257,9.96496105,0.77714622,-4.96106911,-1.73253942,-0.68292618,-3.67779732,2.06171465,-0.60939527,3.21104908,-1.51359963,-1.9944849,1.15028214,0.39373136,-3.23647189,-0.79699731,1.36797547,-3.51376677,0.76430655,0.3067053,2.11961699,1.30908799,-2.05982137,2.99626589,-2.90351152,0.40266919,-1.95128477,-0.93042314,-3.10831451,0.33931464,-0.13733238,1.75844765,-1.57481062,0.32505035,2.40056419,-2.21790886,0.9962709,0.9721458,-0.31498861,0.76000762,-0.64132959,3.16773796,0.48978835,0.6611349,0.64075887,2.80715442,1.41278255,-0.07536764,0.59335804,0.16373301,0.2269789,1.21516204,-1.8869766,-0.80194211,-0.10747519,0.04374939,-0.36387479,0.02399178,0.10966533,0.83501339,0.52202362,b'9'
1674,-1.79863763,-4.44837666,-2.22981048,-0.89837146,3.97085142,1.65374684,-7.73669338,-5.87586117,2.02320957,-10.37891388,1.46738625,-4.82636452,1.30347431,-0.20210561,-1.2378521,3.41075706,0.27460551,1.7763288,-1.5232259,-1.12514722,0.39414358,-2.63969946,-3.5617249,0.80887413,-2.41302752,-0.41557816,-0.55380762,0.30745244,-0.99190092,-1.39849186,0.65619671,-0.00062561,-2.56140256,-0.12392586,-2.9341085,3.00338578,0.74159312,2.18116426,0.47798812,0.80175996,-0.3876012,1.680565,0.33481729,-1.16844296,-0.59369886,-0.8287496,-2.42441607,-1.81352162,-3.26558518,0.20807755,0.44069141,-0.36214298,-0.30861115,1.07594597,2.13524961,1.5410893,-0.36481476,-1.05639172,0.43414372,-0.34030408,1.21289146,1.11601925,0.15404195,-0.07002638,b'9'
1675,-5.36765432,-2.48800445,6.61487865,-0.38635823,8.10971546,-0.0470736,-1.91259766,-0.73959529,-0.11730385,-5.09886503,3.13368583,0.99480867,3.48731279,-4.33611679,-4.25732327,-2.87099648,4.75235081,1.64748454,-0.73872721,2.7343173,-5.13214159,-3.04371643,1.18315232,1.01149774,1.52434814,-1.45948219,1.8979398,-0.84743035,-1.39789438,0.95798314,3.43787861,-2.20129561,-1.96402526,0.07840896,-0.36163533,0.53964412,1.96922469,3.17419934,0.687029,-2.81595063,-0.5703997,-1.8668927,1.8054471,-0.61622375,-0.28421235,-2.82129002,-1.41295099,-1.0725975,-0.24201588,-0.6958642,2.57864976,-1.05904984,-1.28403497,0.34997809,-0.36448485,0.20470572,0.61542511,1.9119271,-0.63075626,-0.65171957,0.44110543,0.98358172,-2.12703371,-0.70945489,b'9'
1676,-2.04284811,4.19749403,6.37184191,-3.97923207,6.26737833,4.13009548,1.91137707,-4.37893867,1.97255969,-4.95476532,-5.30559349,0.82808614,-0.94405913,0.56155074,1.83225846,-3.36261272,6.30582809,0.17585814,-2.90630102,-0.21805787,-3.84354401,2.77943015,1.40075064,-0.40388393,3.56891775,-0.64096451,-0.52829063,2.11680198,1.31312537,0.65757644,-0.99896085,1.80235481,-0.76705164,-1.49108267,0.05630296,0.53406018,0.50687027,-1.17118096,0.14497054,-3.81130505,2.29935479,-0.94952303,1.27844632,1.03751349,-1.74990475,-2.94969082,-0.77438259,-1.07687283,-0.25156236,0.18469936,-0.07951064,-2.31136751,-2.06377292,0.16138566,-0.45934862,-0.30497551,-1.10322571,1.25617397,-1.27335572,-1.63259578,1.43164456,0.25373441,-0.73634946,-0.45639291,b'9'
1677,-8.46680927,3.90609455,4.1145525,2.13777733,8.41063023,-1.66520405,-4.7953558,-1.64283013,-2.42139053,-1.18114805,4.57938814,0.13222051,0.32498091,-3.76669168,-0.72006035,1.51278889,4.58128452,-1.74987423,1.56066835,1.1041975,-5.92574883,-0.12863863,3.01565146,2.99054241,2.44766521,0.11204314,2.56158876,0.8887496,0.12746048,-0.31385779,-0.35590756,-1.70390511,-0.12776886,-1.28980136,0.50979525,1.11148298,-1.73497403,2.55073857,2.29729509,0.5318166,-0.5773682,-0.03366499,1.57013011,-0.36587721,0.93695569,-0.673365,0.37757438,0.59783912,-0.04199791,1.89949453,-0.61108547,0.45055473,-0.65615749,1.36748171,-0.96571904,0.65148437,0.68825746,0.51326257,-0.40692511,2.16940498,0.71789235,-0.94834268,0.39438784,1.54986322,b'9'
1678,-6.95980787,-3.80797195,6.46469879,-0.62161583,6.97657919,2.90326023,-6.85067081,-1.91196299,-0.14011669,-1.8598181,0.82357097,2.50952935,1.52595949,2.60087252,-3.84037304,-1.56677055,1.0794034,-1.5713582,1.60150123,5.30822134,-5.85285139,2.08742905,-1.59691143,1.46498299,2.60648966,0.22156373,1.49789512,-2.08302951,-0.63471031,-3.00440693,0.11040151,-1.87321377,-0.74164593,-0.87053686,-1.49816203,-0.21938279,1.76748443,-0.77400309,-0.76790535,-0.83550453,-0.01033914,-0.114123,2.64148879,0.21296982,1.15505087,-1.90148246,0.38866889,-0.95473409,1.24097848,-0.04330426,0.70313156,-1.59368587,0.18547678,-0.38310969,1.05943477,-1.02755141,-2.61335039,0.11240923,-0.38088679,-1.20048177,0.22240542,-0.34304759,0.78257751,-0.77101105,b'9'
1679,-6.53421926,-1.63918877,4.06128836,-3.27962446,5.1219101,4.58429527,-0.40810919,-0.96003771,1.08270478,-8.29804993,-3.69225979,-1.33545709,1.85693598,3.35624027,-2.93559742,-1.0680511,4.95597458,1.51868629,-2.07927275,-1.25261831,-6.03714371,-0.04920667,-1.14368296,4.48253489,2.06102991,-0.90701431,1.10422182,1.4329114,-0.23768759,-1.27747822,-0.92702425,1.4985733,-1.78800631,1.01075077,0.02985799,2.47636461,2.02677655,-0.0634473,-1.9192065,-3.05905223,-0.44771975,-0.70965087,2.15257001,0.4929449,-0.8928293,-0.1604683,0.4257648,-0.51865578,0.22879505,-0.22362638,2.39167714,-1.63772345,-0.74147153,-0.041628,-0.37545556,0.56472027,-0.21554518,2.07643962,0.56418329,-1.11885548,-0.3237794,-0.90826142,-1.24663746,-0.87658572,b'9'
1680,-2.57058764,6.77346897,1.63365316,6.77181673,6.09230232,-1.51772046,-1.24838877,1.8252548,-1.36737299,-4.51785231,-0.1791532,4.86234617,-1.17096734,-0.64244682,-1.93390942,-1.15910339,4.48147869,-2.05982709,1.63351941,0.66253495,-4.86984158,0.14899671,1.79187548,2.6284256,0.61290205,-2.848351,1.9276017,-2.99247217,-1.24228001,2.66672945,0.3951329,-0.07144117,2.05520749,1.04624128,-1.88634586,-0.44282976,-0.93260908,-0.00584221,2.20451474,0.54590189,3.49289632,0.66413921,-0.11041646,-1.59461105,0.0394423,-0.47309998,0.49186015,-1.64216208,-0.55093181,0.31276113,-0.47382683,-2.73545814,0.59441149,2.03505754,-0.10624141,-1.07354236,-1.32273769,1.4469353,1.2662065,-1.04812002,-0.16027431,-0.59606677,0.68834352,1.31284535,b'9'
1681,-3.55794621,-1.34990478,-0.40624446,3.88888717,4.52908134,1.55403781,-6.81422997,-0.56343925,0.25929213,-10.76375675,-3.81635571,-3.86106706,0.55375636,-2.12659788,-0.43172407,-1.54036236,0.31333375,3.42952895,2.65952992,1.08170199,-4.21798182,-1.28615999,-2.9274931,3.14525318,0.68937147,-2.31049061,-1.54684186,-2.90467978,1.53909779,-0.03466505,2.78598189,0.98026204,1.73343349,0.468981,-0.00720304,-0.14346072,-1.10200369,0.06931341,1.86208105,-0.02216047,0.84211385,0.80217916,1.35795307,-0.56105196,0.18643856,0.23296911,-1.16709423,0.06846905,-1.55677581,-0.1109426,0.81925118,-1.76040411,0.04571557,2.34015131,1.59407175,0.45751703,-1.09183717,0.02802513,0.70524055,0.79998577,-0.24619238,0.5113408,-0.07466066,0.69916445,b'9'
1682,-3.28091049,-2.34659362,-2.1439445,5.39495134,4.67758608,-0.06264663,-6.78484821,-2.76047921,2.81569719,-7.03422403,-0.26271749,-3.22554231,-0.25961041,-0.00746906,-2.29070854,2.89299893,2.04950905,5.92809582,2.01169014,3.38061857,-4.27973175,-3.919065,-3.56544757,1.85041142,-0.6190052,0.42684528,-1.12102795,-0.08647168,1.16337967,-2.39264369,3.93396926,0.00767732,-1.80126691,0.16788548,-0.87799978,0.84491062,-0.48983932,1.54775751,0.96515554,-0.59204376,-0.05731952,-0.56041098,2.56621981,1.09121037,0.86914277,-0.24097823,-1.77665818,0.17008972,-0.0527228,0.84495807,-0.21519424,-0.1689595,-0.28116012,-0.54507995,0.89554995,1.08811593,-2.3326087,0.72401971,0.79327279,0.68957329,0.3121435,0.79575413,0.56808567,0.49337688,b'9'
1683,-7.3529954,-1.43445778,7.29973125,0.3771008,7.57469273,-0.65965676,-3.6973424,0.1591047,-0.07563782,-6.01729107,-0.06942391,-0.44997048,2.86568308,-1.24777186,-3.84962511,-3.00396872,1.1940918,-0.80977559,2.75603414,2.6977911,-5.61353636,0.97576487,-1.06592202,3.00802803,2.84101534,-0.08467724,2.02652836,-2.13437486,-2.95725632,0.32572997,1.95606613,-1.3594265,-1.86123037,-1.56853056,0.02901167,0.89683759,1.35516024,0.31159848,-0.40590322,-1.62738645,0.52435744,-1.26903546,2.61716032,-0.33168519,0.77720666,-2.63213587,1.04174173,0.12478089,-0.07675266,0.0012728,1.55700266,0.3769843,0.03610992,1.65256929,1.37659228,-0.70696878,-1.08170605,0.45998132,0.13617069,0.28524387,-0.02340303,0.24089503,0.30329657,-0.59786469,b'9'
1684,-7.41729689,-0.05161834,3.07239509,-0.92139423,8.28625488,3.43221283,-8.97114563,-1.78364921,-3.00335836,2.20522594,2.96161795,3.16229725,1.79512835,-0.6004684,-3.78493309,0.43618131,-3.23002291,-3.00058603,0.86942244,2.31812763,-5.80864143,1.24601316,3.38682008,-0.60759616,0.4754914,0.06543136,2.53121758,-4.16839314,-1.48213673,-2.13560629,0.42863822,-2.41421771,1.30164862,0.97422034,-0.30097866,-0.45354047,-0.22277546,1.85818577,-1.74953496,-0.95528996,1.0287683,1.41325665,0.90303534,-0.35484475,-0.53852749,-0.37860096,-0.68549818,0.69779563,0.83900708,-0.43431056,0.15364426,0.01498413,2.73784757,-0.9456923,-1.47157311,-1.1247201,-0.54985452,-0.15964754,-0.33554694,-0.87990856,-1.67097211,0.5083679,-0.18772161,0.15062395,b'9'
1685,-10.54270744,-2.4215529,6.44049263,-0.22765014,7.74390507,2.27034235,-8.05146217,-0.87462306,-0.76866055,-5.60204554,2.9123528,-2.09000707,-0.8795867,1.05895436,-0.78734112,0.63129127,0.22916198,-1.66917109,-0.31463099,1.04015112,-4.50208759,-1.21491838,0.3001824,2.17567825,2.63891411,0.42580551,3.07364082,-0.06481111,0.45304394,-0.07519698,0.05085182,-3.23561239,3.21641684,-0.89734131,0.48978025,-0.79807878,-2.03220582,0.1902585,0.78308177,-0.59460771,-0.87545276,0.27391025,1.03419185,0.84035999,0.23536909,-0.84389204,0.69131756,-1.08285785,-1.50974178,1.07506335,-2.05701113,-0.2391305,1.16328287,0.04412198,1.26984406,-1.44714212,0.68704009,-1.06870925,-1.0762248,1.0093323,0.24370186,-0.18016243,0.19833434,0.67847013,b'9'
1686,-4.55759668,-4.20779991,5.26952028,3.26460361,5.55239344,-2.61900759,-8.12786007,1.27282047,2.15327263,-5.82180882,3.62566757,-2.8073647,0.73269898,-2.59674954,-1.30417538,-0.7617619,1.47729349,1.00262213,2.09560084,2.64769745,-2.3659637,-3.78505754,-2.0690825,4.35943222,-1.32732749,-2.51004672,1.02329206,0.17155159,-3.29226398,0.3991065,2.98163223,-2.95618296,-1.9940387,-1.91942334,-0.34829879,3.20769334,-1.68954718,2.19078684,1.67343748,1.07236147,0.81551826,-0.7226944,2.39706182,-0.0318324,1.57895994,-1.89280629,-0.20541994,-0.58040929,-0.51683402,1.09483743,0.63124895,-1.56771708,1.595855,0.4300499,1.5362798,2.00135207,-0.99894357,-0.08185679,0.84943122,-0.24681592,-1.06993771,0.14623833,0.30548239,0.00449765,b'9'
1687,-4.59720898,-3.2845149,8.51970959,-3.2999146,4.92431021,2.98656511,-2.52352428,-2.40272069,0.26564074,-10.94858456,-3.56973982,0.67965961,0.74611461,5.01871538,4.57304001,1.01361883,-1.50157928,1.91339183,-8.86396503,-2.89598203,-3.9283967,-0.61252075,-1.14363182,1.70155668,0.59934068,-0.76868671,2.52762413,0.1402415,2.19300318,-0.09505892,-0.46766412,3.14539576,0.75737721,-0.34833783,0.91667616,-2.01322722,-0.61565399,0.32757896,-0.18771434,-0.92683721,-1.45373738,1.15909863,-0.77141136,0.49762601,1.20545876,2.01321387,0.82065332,1.05782878,1.29787493,-1.11746252,-0.33002543,0.19857436,-1.1634059,0.06595993,-0.03078753,-0.46033984,-0.7292397,-0.91955829,1.44384694,-1.55973685,-1.09722257,0.36571056,0.39655983,-0.29677802,b'9'
1688,-3.36502266,5.18292046,2.52603292,-5.24827766,5.52994299,1.52071357,5.98752308,-8.52435303,1.98590612,-1.26938486,-0.88124204,-1.68185353,-1.68188167,-1.07130134,5.09403753,-0.46367121,4.83155251,1.64001465,-0.66327286,-0.01530552,-2.58107376,4.04735851,1.28526628,2.12338161,3.75177717,-2.63426971,-3.67616653,0.89394677,-0.54532671,-0.44807082,-1.59533322,1.75415468,-3.02990985,-4.15492678,-1.49071598,0.98156464,0.30562019,-0.34784728,-1.64488924,0.23271459,0.31215978,0.16589905,1.64439785,0.45212913,-0.49556029,-2.56441498,0.32104841,-0.70830297,-0.32361352,2.04323769,0.03069122,-1.97275662,-0.43992805,-0.83488655,0.35475653,-0.2459715,-2.05328655,-1.44911373,-0.01708299,-0.83521074,0.37543154,0.5966478,-1.02814829,-1.05946481,b'9'
1689,-5.50013304,-0.5764184,3.93573022,2.8432579,7.56585312,-2.8820951,-8.70155907,-4.99584961,-0.32899523,-4.06835794,2.50826526,-0.45016122,3.29004693,-1.26712859,-1.90693092,0.90140533,4.94466114,-2.77437258,1.76053762,3.25162411,-1.45501637,-1.60748386,2.2072401,-0.42116165,-1.27926087,-0.57388216,2.14487982,1.20119619,1.57416224,0.799631,-0.98897541,-1.93914104,-0.17360918,-2.30282617,-0.3071388,1.23889101,-1.57254887,0.62558663,1.53685737,0.3894614,-2.30289984,-0.40391582,0.9107976,0.57983977,2.96408653,-0.67539573,-0.01798709,1.12008858,0.55660754,0.77327621,0.83450037,0.25527224,-1.10650277,-0.49262357,1.596982,-0.53860867,-1.25627518,-2.18342304,1.16871238,1.28194869,-1.3059504,-1.07461882,0.66673613,-0.31861466,b'9'
1690,-7.68217278,1.91786671,4.84023714,3.2565825,5.80252266,2.01947522,-6.92447662,1.72470236,-1.34753227,-4.3897748,0.6427567,3.91094494,3.32474828,0.3761754,-1.39205885,-3.06908178,2.68080974,-1.35787868,-3.71574044,0.65951133,-6.77663374,2.21209645,4.41039515,2.27841187,-2.19637775,-1.67676997,2.16794777,0.39285374,-2.41495275,1.84508741,1.10671997,-0.86166644,1.62365937,1.10709858,1.06353962,-2.30092216,0.17614317,2.67236662,0.63342047,-1.57965481,2.32507682,-0.07022975,0.25708118,0.15027325,-0.31205738,1.17361271,-0.84094501,-0.37031388,1.4912622,0.91483665,-0.2918027,2.10674381,0.04080343,-0.17565632,-1.37542486,-0.32355207,1.2086935,-0.42616636,-0.7102797,-0.91398752,-1.00217247,-0.38677728,-0.04265982,-0.23718062,b'9'
1691,-1.56439328,-7.89351034,6.62380648,-5.80462408,6.45835972,0.40839481,-0.58439827,-5.6186161,1.37889171,-5.95602703,-0.55377316,-3.11753869,3.24843192,-0.24177667,1.67371798,1.86417508,-0.72431731,6.24471855,-5.87005329,0.45450354,4.2414279,2.86351824,3.57842231,2.12236166,-1.96254396,-2.79830289,3.95474434,1.2440958,1.23792291,-0.31155092,-3.47957993,-2.03329277,1.06472218,-0.32604557,-0.04446125,0.81247556,-3.83000159,0.10046345,-4.10556841,-0.53667945,-3.28930569,1.41573453,1.91260839,-0.11991686,0.16949141,-0.27198929,0.81204307,0.22782826,0.50325668,1.82774031,-1.12362945,1.13453555,1.43481779,3.07306933,0.08344358,-1.61041355,1.35502481,-2.03546166,-0.84758115,-2.34567904,-0.83874363,-0.92885751,-0.2068513,-0.00038221,b'9'
1692,-5.69932175,5.89767265,1.71462321,4.46258163,5.06912518,-3.27586532,-2.75883961,-4.64823818,-1.10201693,-1.6141355,2.51262617,4.8009243,0.51941663,-4.95675182,1.20738482,0.76901174,6.14500618,1.37773991,1.32742274,2.2601614,-5.93560505,-1.31284046,4.27375078,3.34311533,0.34654576,-2.25426602,-1.07058716,-0.39256799,-1.01708364,1.61367595,1.97016895,-0.91445982,-2.97580481,-0.88147444,-1.1455586,0.03187579,-1.77033842,2.00769997,1.40016258,-0.46427271,1.83545852,-0.8558411,0.95081115,0.61119705,-0.51799011,-2.52092671,-0.94635725,-0.50597858,0.42368251,-0.80345404,1.87558019,-0.32024795,-1.3919692,1.77954304,1.08671594,0.34550858,-1.5078311,2.32202888,0.41677445,-0.2050432,-0.60391486,1.28558064,-0.3254787,-0.53399444,b'9'
1693,-9.3427372,-0.43585825,4.08509731,1.0293963,5.53688955,0.82125902,-4.12051725,-3.0168798,-0.3146615,-1.31037736,3.07431936,0.64192033,2.00840902,-3.66560197,-3.62552357,-3.69063759,3.34384942,-1.40591359,1.01671243,5.44655657,-5.82952023,0.31880027,0.34040695,1.30506039,3.54132175,-0.03296489,2.76340103,-0.36355883,-1.03805113,-3.14813375,1.09136629,-2.27858114,0.17433418,-0.26893491,-0.47996521,2.15190887,0.13920641,1.27720785,1.68789184,-0.78255689,1.49045324,0.99109602,1.8119297,-0.68221015,1.05561078,-2.31674528,-2.3086338,-1.17654061,0.78613448,1.50788844,1.75172591,1.15509844,-1.01887846,-0.03067839,1.24359012,-0.71780539,-0.40001297,0.64452851,-0.85051745,-2.05047226,-0.27026621,0.40146893,0.78634906,-0.09897751,b'9'
1694,-8.17039585,-7.00820637,5.57669783,-2.17244101,6.19320297,0.12978518,-5.38879299,-3.9121778,2.5880816,-9.4473381,-0.99548841,-1.10036635,-0.9545629,2.29571748,-0.90828848,3.08964157,-1.80252266,-0.14750046,-3.32734632,0.15266109,-4.35764217,-2.28781223,-0.69309235,0.9184835,0.6800822,0.3198902,1.40642726,-0.39658189,-0.8972435,0.03228647,-3.08050442,-0.29489303,1.61243403,-2.66105843,0.3682006,-2.40018988,-2.01521087,0.50491321,-0.53346741,-1.29912019,-2.78813839,0.3125971,0.42968303,0.47668123,-0.49186695,0.34688669,1.41401303,0.23696113,-3.14800906,1.99287283,-1.51455462,0.10411412,2.77028227,0.04741573,0.73519689,1.29504013,0.50473189,-1.23700142,-0.70560503,0.38988328,0.81185216,1.0640955,-1.09275961,1.72235155,b'9'
1695,-3.82156134,-0.51752639,3.78941369,4.58322096,6.28518677,-1.63412809,-8.66958904,5.54153252,0.52963924,-4.4393096,3.00992584,0.01672578,1.77875018,-3.58232713,-3.3225174,-0.02928519,0.59221148,0.38990009,4.21080589,1.88767004,-3.49692416,-1.59190774,-0.03079259,3.96199083,-1.35693049,-1.5876931,-1.1657114,-2.30081868,-2.05434465,1.07902205,2.66842723,0.57297635,-2.66721439,-0.0029636,0.12453711,2.16806746,-0.87562716,2.25598216,0.31769419,-0.13780102,0.6667515,0.50107616,2.14695311,-0.36780256,1.37337422,-1.36127925,1.10214901,-0.87887573,0.81314653,2.3026619,0.41070783,-1.23694432,0.93987787,2.28185654,-0.11985117,1.20491183,0.50491953,0.69926167,1.25498748,-1.3461411,0.86897832,1.09602404,-0.49397656,0.02994473,b'9'
1696,-3.00995827,4.71858835,-3.15149665,0.65988243,5.03956223,1.68615079,10.99792957,0.20812571,-4.52134371,-5.63055992,5.10704184,9.539505,-1.21358013,0.19408011,4.13305426,-1.85192943,1.09072423,4.46805096,-1.28736925,-2.44473362,2.609828,-4.12019968,-2.34017396,0.06621265,2.38532686,-2.66764426,-1.82642782,-1.70325017,0.09728765,1.35745776,2.75246239,-0.5626235,-3.16165209,-1.13721561,1.56583405,4.19966936,0.98666072,1.48608851,-1.6642462,2.65751672,-2.93078637,1.8942709,-3.0710175,-0.01767576,-1.93895113,-1.01829576,3.63378644,0.2365284,2.30809975,-0.59335953,-0.89869368,0.50423688,0.47796416,1.81861877,0.35118514,1.49603486,-0.18204522,0.77472311,-1.42958546,-0.7394954,-1.01592135,0.10089964,2.0507288,-0.51841211,b'9'
1697,-2.11286664,-0.78649879,5.77750015,3.05310941,6.11342525,0.21819162,-4.52124405,-0.18674541,2.84013796,-12.49904442,-0.51281261,-0.13275933,0.31955642,-3.86826587,-2.3644042,-3.25625467,0.2046566,1.1082418,2.69892073,-1.64467239,-3.09791994,-3.33763123,-0.26975748,3.1553359,-0.7102825,-1.20977473,-0.34393758,-0.3200022,-0.52430439,0.2942369,2.90206146,0.85186577,2.66264367,-0.10264903,0.94146729,-0.13208959,1.27638531,2.27016687,1.71758485,-0.75264835,0.7850405,-0.50901568,1.36173368,-0.61303228,0.31315172,-2.98554993,-0.37790293,-0.38737559,-2.80099511,-1.06777847,2.12571645,-1.62137341,0.47639728,1.77527666,1.65291476,1.48804712,0.47114277,-0.35629916,-1.53168201,-0.26386279,-1.53897595,1.29747987,-0.63985223,1.66622627,b'9'
1698,-4.12331343,-3.77239633,5.91768789,4.80890322,4.98124552,-1.8367846,-5.74948215,4.15625095,0.06222963,-4.57733536,2.0500319,0.53437805,5.40943861,-4.71256924,-1.24535608,-1.17739725,1.1999383,3.02682328,1.76560068,0.13552189,-2.97546983,-0.52413756,1.94897139,4.53644085,-2.75972652,-2.42265654,2.31451178,0.38500202,-1.8478384,1.52440894,2.80161762,0.18307614,-4.97827244,0.10529464,0.12614465,2.02902842,0.18495035,1.59459376,0.253371,0.57484519,2.50468707,1.06427526,2.07739592,-0.41330516,-2.02182102,-0.23848704,-1.65432215,-2.22706676,-0.67867953,0.02115148,1.24903035,-1.1126951,0.1710434,1.24337089,0.61524773,1.61299324,-0.39220667,1.33410859,0.24842733,-1.12785232,-0.02799653,1.17819118,-1.47212505,-0.07001384,b'9'
1699,0.36129701,-2.08600521,6.05733824,5.11149454,4.86913347,-1.49865198,-5.33901691,0.67796606,0.37329865,-10.05400848,2.1686573,3.21849585,-3.8573637,1.61076796,-2.44452572,-1.67464018,-6.93619823,-1.84752226,-1.24989951,0.69597578,-0.24709545,-1.92507553,2.6915729,1.01947379,-2.09892321,-1.13923442,2.76191568,-3.79707313,-2.6865983,-0.40085447,-2.21880579,0.77503729,3.27610588,0.33356649,0.1975466,-2.76640749,0.46336722,0.88924134,0.75531524,0.23154217,-0.07315207,2.79555297,1.43235135,-1.28373718,0.45096999,-1.76513088,-0.15374951,1.27411163,1.44050622,-0.11720216,0.56583232,0.76544625,2.57121253,1.82073283,0.4157604,-1.45108843,1.36094797,-0.55828357,-0.17571154,-2.91896105,-0.48614442,-0.9871791,-0.227256,-0.66953653,b'9'
1700,-7.32862568,-4.70965195,5.54109716,-1.01407862,7.4168272,-0.28292477,-5.48305416,-1.18083501,1.54394126,-8.6864481,1.73226666,-1.27901244,-0.28558981,-0.66930103,-2.94208241,-0.26664972,-0.80763626,-1.18766928,1.45311391,2.64584398,-3.85735703,-1.64957571,-3.22955489,4.08184242,1.92389023,-0.37236309,1.97004259,-2.0856626,-3.1958046,-2.91173077,0.65512979,-1.08203173,0.47394043,-2.55859208,0.82400978,0.24355277,-0.95774376,-0.12983876,0.68658292,-0.98673761,0.08478022,1.28421819,1.97358751,-0.49310666,0.45731246,-2.18580937,0.46906495,-0.42229557,-1.24828124,0.33577955,0.91968834,-0.60298824,2.11366653,0.99325752,2.68130851,0.2904824,0.04322577,-0.75834191,-0.69852662,0.74559999,0.26193625,1.75995016,0.9272002,0.43924838,b'9'
1701,-0.17318141,-0.74111509,0.87888759,2.5740459,3.92132473,0.01746941,-6.73758793,-3.1756618,2.85128212,-12.88380623,-0.5078702,-3.53013635,1.2473017,-2.04664707,1.37130833,2.36423469,-1.79442358,3.75372672,-1.02474141,-0.72010374,-0.49314123,-2.56281734,0.0788582,4.62465382,-4.72495937,-1.8907969,-1.35218549,0.44548535,3.27576709,0.22480476,1.99007738,2.31144238,0.20972113,-0.62234455,-1.23550224,0.35361612,-3.03662062,0.63123024,-0.78463972,-2.11593318,-2.76630306,-2.05566072,-0.65134615,0.56312841,1.66794026,-0.31763086,-1.43188131,-1.33137059,-2.13229561,0.79237878,0.12628448,0.61155063,-0.76738572,0.06133056,1.66663516,0.30866051,0.5076673,0.07318786,-1.92403698,1.12979305,0.67541361,0.31196064,-0.19740415,1.21081817,b'9'
1702,-7.32062101,4.04352045,8.11774254,2.40522742,6.3080759,0.24571484,-0.74143362,0.48070514,-1.10061836,-4.93132687,-0.6904583,1.82424402,0.73305392,2.83904886,-2.13037062,-2.40253067,1.28380418,-1.97239673,-1.78616381,-1.58887887,-6.85013485,-1.40205884,1.30161226,3.4722023,4.07226753,4.34095001,1.4260447,-3.02656293,0.93063951,-0.09785867,-0.27616942,-1.25272071,4.04809713,-0.60001737,1.94810355,-0.81027865,1.80381465,2.35241914,-0.50750291,2.04191136,1.31593251,-0.8272447,1.11673903,0.42624003,0.47972476,-1.29533482,2.20656013,1.99804914,-0.47369111,0.25461853,0.15225463,-0.7948581,-0.50976396,-0.40495622,-0.31553155,-1.43387341,-0.72882605,0.53179753,0.37654781,-1.11038089,0.06010018,-0.32744929,0.46068251,-0.68886501,b'9'
1703,-2.9062674,-0.56960273,7.83804655,-3.54235983,8.93835545,-1.78509879,-3.04421759,-3.01095843,0.36646032,-9.69109726,0.70560265,0.08200788,2.82561207,-4.5493989,-0.53447104,0.36829686,1.80220103,3.14961886,0.89808834,0.08391261,-4.61669827,-1.05289483,0.21813127,1.93664646,2.07681942,-1.52832282,-0.51759833,-1.48579705,2.35363579,0.40387869,-0.0872525,-0.9411118,-0.11267206,-0.13679165,-1.16632748,-0.86443079,1.07363343,2.02560401,1.11472523,-2.08787036,0.38054192,-0.38424802,5.36961365,0.76124436,-0.50906563,-2.86713839,-0.60341316,-1.42601728,-0.00156105,-0.10880876,1.59383535,-2.14640617,-0.15066576,1.80226541,1.06982112,0.02254832,0.28415346,1.0076977,-0.02940613,-0.98508161,-0.04830457,0.6944043,-0.89656299,0.30962986,b'9'
1704,-2.05070424,-1.99926734,1.57797313,-2.90577555,5.10161877,1.46515906,-5.77625751,-2.48900819,-2.07793617,-6.86944818,-5.96052837,-1.19165492,-1.53858757,2.11987686,1.25367665,-4.1536622,1.25626874,1.54647064,0.28624892,2.7048378,-6.01923609,0.88477206,-1.92086232,1.0988965,2.11949015,1.26055872,-1.76072586,-3.26931691,-1.82593918,-1.30784988,0.48233831,0.26424026,2.1048665,-1.6337626,-1.07516599,-1.36123848,-0.22327781,-2.59303427,1.6899662,-2.05295181,0.20485675,-0.36107302,2.41930175,-0.49362099,-2.17649794,-0.95246726,0.51932061,-0.19392109,-1.2339797,-0.85513133,-0.46554089,-2.1340673,1.16961157,2.53575706,1.80326891,-0.53659409,-0.45935965,1.47501683,0.57325274,0.89048123,-0.47271281,-0.29020631,1.1520133,-1.22250569,b'9'
1705,6.58857822,2.50661325,-0.72170538,0.78522718,0.42421424,1.15767491,-9.09328079,-2.89550567,2.61014342,-4.6288166,2.43690419,-4.5848484,4.98781538,-1.27031398,2.76873374,4.58136559,-0.28822958,3.08127904,2.05149531,2.83032656,-1.77315223,-4.47361135,-4.85457134,0.87755799,-1.27604282,-3.83321428,-3.14728022,-0.02473533,2.22951317,0.5948329,3.13593864,-0.3089788,1.65618992,0.68831229,1.07936299,1.59205532,0.57298779,-1.53155613,2.4575882,-1.52168453,-0.22440416,-1.12856734,1.9086498,0.84841782,1.51736104,1.31370711,0.40256709,-1.20065808,-0.5680635,1.55394971,-2.0353024,2.20395994,-1.13146162,0.00348449,0.17042589,0.54412925,0.24519801,-0.90784335,-0.90786445,0.84050572,0.08044319,0.09885675,0.0288316,2.24294496,b'9'
1706,-1.49051499,0.63000512,6.47302294,-1.52971458,9.30924702,0.1516211,-4.9360218,-4.04595089,-2.2054925,-10.40489483,-2.23983812,0.96129727,0.37283117,-1.54234385,0.01542282,-2.58771658,0.47502875,-0.0303629,0.78114736,-1.07508838,-3.33178496,-0.24604708,-0.46618387,2.07015324,2.35661602,-0.40986875,-1.70639098,-0.54604346,1.20755434,-1.1523608,1.00365281,1.08258843,0.54482633,-0.3812713,-0.35708499,0.45718047,1.48155046,-0.86470634,1.5294807,-1.00244689,1.12006783,-0.69521165,4.32354307,-1.09357786,-0.09743142,-1.39017379,0.4515025,-1.28327417,-1.26581693,-1.2208221,0.32762134,-1.10281682,-0.01681423,0.57096928,0.56143165,-0.87499785,-0.90556359,1.16284263,-0.37621835,-0.16996688,-0.69751424,1.88839912,1.17624116,0.07748223,b'9'
1707,-9.92317295,0.31953692,7.77887821,-1.20356965,9.22554684,1.23900712,1.43357229,-3.71823239,-1.96063471,-2.13304949,2.06745958,-0.02340913,2.27349854,-3.06718183,-2.13672066,2.47169757,3.64131904,-1.5628984,-1.91248381,1.78733444,-7.4460063,0.88105428,4.34989786,-1.90585709,2.26238251,-1.12107527,2.35318756,0.51540625,0.96586156,0.218135,-1.48427999,-2.72532606,0.68054378,-0.71510237,0.93977422,-1.56951487,1.21883368,1.60346341,-1.33520043,-0.28380567,1.10424137,-1.15023112,-0.83535779,0.36314565,2.5013938,-0.48539597,-0.20405371,0.74905622,1.14202213,1.29379499,1.42276597,0.22381479,-1.93929982,-0.46057761,-0.65683264,-0.95149708,-0.90795994,-0.25727618,-0.55885577,-1.74992335,0.41459286,0.68918318,-0.71159708,0.51946032,b'9'
1708,-5.56726074,3.27025509,6.75700998,2.37559605,7.07195759,-0.41003048,-2.09055996,3.53113365,-1.06788826,-5.38571739,-0.22526836,4.36574459,0.84379423,3.92079329,-2.46831989,-2.65683222,-1.98966372,-2.5822835,-1.82187068,1.74742556,-2.43170214,-0.06929499,2.60065818,2.05700922,1.30528319,-0.32620633,5.73204803,-5.15166807,-0.44193506,2.86090708,-0.19009364,-2.72217226,3.77868819,-1.71674061,0.84126955,-0.37822703,1.73770499,1.11813724,0.12324655,-1.0679338,1.40140605,2.52267885,2.55374241,0.14861821,0.43347967,0.8167001,1.62215436,1.49275732,3.10358453,0.69128358,1.40286839,0.14581472,0.74356413,1.38785017,0.5851236,-2.06862593,0.81432199,0.01393129,-0.04653221,-0.72223896,-0.01168056,-1.06344068,1.78649366,-1.36852872,b'9'
1709,-7.3755002,-2.73460507,2.65383053,3.35203409,3.0380621,-0.16541314,-5.85414219,0.23841524,0.10264826,-10.40174198,0.57006979,-4.30020905,1.46627939,-0.35254791,-2.15057087,5.3940115,0.29231334,5.22368145,0.58842969,-0.01811528,-2.19784784,-2.98542523,-1.23905385,3.23924589,0.49368739,-3.95683551,2.23719501,-1.77577591,3.16821194,-0.96917105,1.53270137,0.34061575,-0.51408416,3.1326201,1.91785479,-0.1232973,-1.40966189,-0.49752897,1.99253416,0.90409052,-1.48091078,-0.8399505,0.26966703,-0.01557,1.17763138,0.76811045,-0.86877763,-1.97245049,-1.0977993,0.57144725,-0.9493345,0.54219097,-0.81436801,1.25392294,1.07328951,1.58454418,-0.1126647,-0.47300458,0.17327315,3.35197449,0.24503569,0.2829448,-0.55584562,1.460127,b'9'
1710,-10.47794342,1.39988089,6.59972429,3.13394809,6.10907078,-0.7575556,-11.108531,2.26352167,0.18035984,-1.68264604,3.72438025,1.31796098,1.9167769,-0.55823791,-0.42234135,1.6883955,-1.93592763,-3.1693759,-0.86137933,-0.65870368,-1.98426604,0.27197719,1.41609502,3.59065008,-0.38917023,-2.35978127,2.2614994,-0.4059031,-1.42154789,0.68016255,-0.23873103,-2.04033232,0.43325955,-0.38005644,1.65735137,0.17673174,-1.09692049,0.3362605,1.42183137,-0.26381007,1.04947925,0.17303687,2.09874105,-0.14450702,0.60749996,1.75973368,0.71611696,-0.83061385,1.028898,0.43850088,-1.09680879,-0.88958359,1.83020425,-0.67390656,-0.97228068,-0.43396875,-0.0399065,-1.06929398,-0.16492429,1.05725539,0.35241216,-1.22848225,2.14918041,-0.67025417,b'9'
1711,-1.52944541,-2.42077017,-2.73441267,3.11563683,6.08624363,1.296175,-9.02251911,-4.08603382,-1.40089607,-4.56517506,1.24377477,-3.38938785,4.9883852,-4.48846626,-2.77658367,1.32426763,0.63799739,1.50876164,2.53075123,3.16598415,-3.61776066,-3.03906488,-2.25643086,-1.38648438,-1.59713316,-0.80184728,-1.46912372,0.23262537,3.80239868,-0.86509645,2.63984513,-1.35006726,-2.18409848,2.68809342,-1.8404212,-0.03997356,-0.90501654,0.66683304,-0.6157285,-0.27068323,0.11363339,-0.02693368,1.12905407,1.21763062,1.25896275,0.72201669,-1.78281438,0.35180879,2.16635799,2.46942139,-1.9454782,0.67113179,-1.40667367,0.5085184,1.0823648,-0.66553682,0.27527523,0.18601409,-0.24323866,0.98403823,0.25733978,-0.41782182,0.50542808,0.35682854,b'9'
1712,-8.25431633,-3.26888728,5.34340572,2.50513363,6.12592268,-2.2024231,-9.98178101,-1.57137108,-0.55890131,-4.23307896,4.60201931,0.40672755,1.68129623,-2.35860729,-3.46151686,3.60561228,-0.59755468,-0.67495012,3.57628441,2.68398619,-0.81213224,-3.23550606,-0.12657312,0.94003963,-0.68317276,-2.81890941,0.52720153,0.3038168,0.96041131,-0.36000314,1.5750066,-4.22354698,-0.41649818,0.47403431,-0.86394477,0.81556332,-2.58970666,-0.52394253,-2.13724136,-1.21629238,1.35761952,-0.72879577,2.35955095,0.395419,2.6291132,0.04950616,-1.29410243,-1.26483703,1.25402141,1.42237628,-1.50648201,1.82120669,0.4253211,-0.17687881,0.94105399,0.2621268,0.53057456,0.27733386,-0.42862058,-0.00913656,0.81636828,0.14616746,0.91644883,0.8509376,b'9'
1713,-5.06360102,-2.27635717,1.1512624,8.60835171,4.01629162,-0.14410532,-6.92581081,-1.5382905,3.73710775,-8.08053017,1.68521595,-2.45038676,-1.9698329,-1.87804985,0.74330783,8.89865112,-3.4756496,2.73748803,1.02970052,-1.10139143,-2.77970052,-4.38128471,-1.61302054,3.48472738,-1.48743963,-1.27703357,-0.73877209,0.62149286,0.10552955,-0.10207903,3.07055831,1.3699789,0.23488609,0.65865111,0.36698782,-2.12182593,-0.83429098,0.20602733,1.70327485,-0.61086005,-0.70773917,1.17736983,1.27420163,1.20157743,2.22094488,0.36204046,0.14691854,-0.58326507,-2.23089886,1.98718894,-0.44132257,1.36054325,-0.98469615,0.19113052,0.53435063,0.62225425,0.24749947,-0.74154359,-1.97610474,1.22134864,0.63486201,-0.04248881,1.27558839,1.79657972,b'9'
1714,-8.79185486,-2.88911867,0.96756816,-1.37922406,5.80238056,2.79246449,-4.87817955,2.36483431,-0.25442886,-6.93506575,-0.4065361,-2.87897229,-2.22258162,0.88664663,-2.6892333,-1.68692112,1.10455942,1.11559653,2.34493971,3.12349033,-7.3342886,-0.52303725,-2.50248241,3.09340763,3.89809895,-1.01408899,1.44820762,-2.65734005,-1.44366026,-0.9287535,-0.09090436,-0.06545687,0.39546561,0.12895095,-0.05189145,-0.00911137,0.00744653,0.94272542,0.72070104,-0.41488338,-1.78111744,0.92636913,1.28516006,-1.5079602,-0.94307935,-1.39230883,0.54957741,-1.10920358,-0.52283537,-0.29038268,-0.36990881,-1.11669052,0.87846303,3.19533134,0.98092979,-0.25014758,0.24359012,-0.89007699,-0.0924511,0.32856214,0.11949895,-2.10122371,-0.22100377,-0.03576241,b'9'
1715,-6.70862246,0.84449053,1.62100911,5.49099588,7.85173225,-2.48776531,-9.6278162,-3.81690288,1.11756968,-1.31309283,3.91874528,0.1902194,3.99212384,-4.48244143,-2.56630898,5.34822607,0.64305615,0.59053648,5.10314751,1.28066826,-1.30161357,-1.5759542,3.18029094,1.35129929,-1.84030139,-1.34567177,1.37687945,1.04451632,0.8927176,-1.02872467,1.51616502,-2.1755085,-2.36900377,-0.23138505,1.40304947,0.74533021,-3.89339161,-0.88046688,-1.00049293,-0.78165799,-0.23651755,-0.16599502,0.15754436,0.50271314,2.16967988,-0.1581203,-0.54508567,-0.08260083,-0.29397488,1.33411515,-0.97520888,1.38385653,0.19136715,0.91143978,2.29533386,-0.47221953,0.9719584,-0.64478624,-0.4917129,1.74550164,-0.13146797,1.02604961,-0.50116152,-0.11322702,b'9'
1716,-5.51203012,-0.72728825,3.69976377,-0.26415232,7.48297024,-0.27967381,-6.71683311,2.72496462,-1.02018929,-0.7516861,0.68883753,2.08945847,2.39495516,-0.73618901,-1.4175477,-5.29115772,3.09828496,-1.27922463,1.32810307,3.77019882,-6.83728361,1.07816386,1.08531356,3.0216012,1.24091351,0.28272584,2.26338148,-1.55842149,-1.86159229,0.45686126,0.47397864,-0.618855,-1.44643056,-0.96251279,-2.52102757,2.78968978,0.44971228,1.38379407,0.73329937,-1.09823978,1.10221004,0.63961107,2.88145947,-0.54837817,0.52934158,-1.38362229,-0.76080006,0.2453444,0.60015178,1.80034459,0.75551665,-0.00602883,0.36893344,1.81560326,-0.5914306,-1.85220122,-0.74843168,1.38865185,0.28381503,-0.02167153,-0.39630789,-1.22795892,-0.04185379,0.89697289,b'9'
1717,-12.60527706,4.08397865,1.14744413,1.12422383,6.34222603,0.64605719,-3.85754251,-1.18426871,-3.00463343,-0.54586464,4.90574217,3.43738532,0.52170151,-4.08232832,0.33658218,4.24567413,3.01952052,-2.29575562,-0.31776214,0.33845448,-7.60482645,0.06975925,5.10730791,2.36314964,-1.71148813,-0.7610507,0.79118335,2.29955816,-0.02420998,0.26819241,-0.85467017,-1.64324975,0.00101419,-2.16758633,0.51209593,0.43242955,-1.60167348,0.51025742,-1.25311482,0.47282976,2.46536565,0.23635647,0.797261,-0.3770622,-0.29957283,0.58693963,0.55812657,-0.70606971,1.39487457,0.92002857,-1.18568456,0.30990559,0.21024871,-0.36328113,-0.52844197,0.05577278,0.28191471,-0.08605321,-1.32018781,-0.70442379,0.09228061,-1.08761573,2.111413,-0.33209565,b'9'
1718,-5.40283537,-6.31623173,5.08009148,-3.18522263,7.5002327,6.50344276,-1.42367411,-7.8194561,0.37167263,-5.2712307,-0.28812575,-5.12160492,1.08591366,2.21224546,2.09131622,4.05942059,2.01041341,5.55029678,-6.54817104,-1.95000899,-1.55560756,0.95717359,3.11365986,-0.37148905,0.76580608,-3.3685832,3.81226349,0.6317724,1.07682276,0.30913758,-1.4706341,-0.66516471,1.46161652,0.33635706,0.19676954,-0.07419118,-2.16563225,0.47778541,-2.06341076,-0.83071345,-1.63921833,0.95976013,1.35049903,0.73928297,-0.76488745,0.63631684,1.07878578,-1.10824704,-0.07244548,0.5775162,-1.04450428,0.88431412,1.30770564,0.5770455,-0.64207453,-0.91774249,-0.80305552,-1.44559729,0.03246146,-0.70311439,-0.10202511,0.19162351,-0.87702823,-0.74253827,b'9'
1719,-8.17987347,4.25084066,4.12478399,-0.20444338,7.04757977,3.00282001,-2.01577806,-1.44209814,-2.06207943,-2.65561891,1.31292641,2.22609997,0.52336764,-3.34863019,-0.73137093,-2.30739117,3.83059096,-1.81448054,-0.25021502,1.5914712,-9.26633167,1.32816148,4.97951841,1.78726864,2.72711325,0.80115432,-0.643327,-0.74969113,0.43696332,0.30013239,-1.13535058,-1.04101765,0.20917372,-1.44299364,-0.5026679,-2.45483255,0.49102163,3.49739766,-0.33401644,0.79101753,2.48590779,1.10271156,1.61340952,-2.41063666,0.37134075,-0.42064601,-1.96802318,1.54930758,1.04666448,0.56473184,0.99399227,0.35075557,0.09925818,-0.37210143,-0.14208204,-1.2659514,0.49316287,0.62739849,-0.48489803,-1.53540885,1.35486579,-0.24128419,-0.51364678,0.30657265,b'9'
1720,-5.44281149,-1.35636771,4.82551289,-0.3166478,8.03327656,1.97454405,-5.35556507,3.62066054,-3.85448599,-9.4287653,-1.29062128,1.73856473,-1.94993806,4.54227829,-3.35240364,1.74262512,-3.54701209,-1.54444957,-1.75548685,0.19772553,-2.95310307,0.17095035,1.26821768,1.43532085,1.12102711,0.49904472,1.64333713,-3.19110107,-0.36941624,-0.41142708,-0.05693638,-0.48035288,1.0226227,-0.70255882,-0.70282137,-2.45013237,1.3872869,0.38320094,-1.17353833,-1.43412185,-0.00945389,0.09041387,1.95621455,-0.78915495,-0.90293467,0.86747169,-1.11285496,0.15284848,-0.27005768,0.63825929,0.23482785,0.16487485,0.66631174,-1.77717113,0.31434369,1.1899786,1.97337413,0.00500707,0.66765732,1.16371906,1.27896857,0.40019196,1.59477937,-0.06868327,b'9'
1721,-5.88975811,-1.09339356,7.48561525,3.91682649,7.33257771,-0.06587827,-6.38117695,2.51934338,1.86397624,-6.86916828,1.74786377,5.27240849,3.05509138,-0.20881429,-1.44002247,-3.89993286,-0.24716389,-1.37023354,-0.90616798,1.35428071,-2.0362432,-0.0913192,0.20215479,4.65032244,-1.0829432,-1.83994901,2.27170324,-3.13728905,-2.40669775,1.57573903,1.90433824,0.60005593,-0.52666396,1.02288628,-0.0344367,-0.22826377,1.87388921,2.36066556,0.29953957,-0.88846213,2.17020154,1.46603715,2.32919168,-0.99864364,0.8387922,-2.36453605,0.74098402,-0.88605452,1.2793088,0.75101697,-1.08533692,0.67910075,1.76881194,1.23657036,0.77386403,0.14292496,-0.80064654,1.65611935,0.45553297,-1.86247396,-0.72336805,2.04115152,-1.30123413,0.28095874,b'9'
1722,-8.96349335,-2.95950317,2.55065322,2.84951711,4.18250227,-0.14567435,-8.73479271,4.05108166,-1.31805706,-6.78433466,2.91710854,-1.67833114,2.05011535,-2.96992087,-3.82318306,3.70225406,-2.52207685,1.19390893,-1.03124189,0.84164929,-6.49044132,-1.41090655,0.58114868,1.1767416,-2.66258049,-2.02421165,0.92846072,-1.14144194,-0.26980543,1.57714617,3.01020861,0.15894127,-1.77579379,-0.64386493,0.03146881,-2.51575756,-0.06697822,1.77756214,-0.46218479,-0.7499364,-0.22987419,1.49352026,0.80354834,0.80526745,-0.47396767,1.36883509,-0.19695173,-1.81890845,-0.23347983,-0.85695493,-0.47023791,1.90561342,0.95304227,0.08776999,-0.39880508,0.02272296,0.76954055,-1.36075473,-0.25555199,0.81392217,1.14215386,-0.64608204,0.06195694,0.28306234,b'9'
1723,-10.14952946,-3.8322463,4.88571262,1.74328303,4.5352354,1.23146462,-9.11105347,2.70616746,-1.3655386,-2.47912955,3.09065819,1.57581067,2.24276257,-4.84889078,-2.1312499,2.71708965,-3.6191082,0.76177263,0.97034216,1.69815683,-2.53353572,-0.08778548,4.7529254,-0.1184597,-2.88249636,-1.71023726,1.46234643,-2.84299779,-0.71784019,1.27225554,0.21215189,1.81758308,-3.31473637,0.47192433,2.48964763,0.6617862,-0.86113167,0.93885845,-0.97030556,-0.45418048,-0.48341084,1.68936002,2.61610103,-1.06716824,-1.2669822,1.47326684,0.28190655,-2.3680675,1.44442439,-0.56660819,0.13466255,0.23424363,1.17788815,0.68217427,-2.19762564,-1.7059021,0.31079054,-0.60873532,-0.91080356,-1.25144601,-0.23466411,-0.02474791,0.34051228,-0.29827464,b'9'
1724,-1.11436808,-7.35673809,1.01178598,-5.16388559,2.35681105,-0.41651201,-3.33875132,-3.85539842,-0.05773163,-2.51910186,5.01336002,-0.46844935,3.23582578,-8.35594654,2.88710403,-2.00240326,0.56412363,1.8053093,-0.61162454,3.08514929,-2.32070971,-4.35668993,1.01775551,0.78298688,-6.31881666,-2.11055183,-3.06984377,-1.15306187,-2.3179636,-1.74581861,2.24341679,2.9392395,-3.09325266,-1.07657218,-0.620314,-0.81455636,-0.47624278,-0.31520325,-2.01658487,-1.01527119,-1.14963865,0.76550382,3.08535099,-0.21033739,-2.99757481,-1.71389747,-1.82898319,-4.32709217,0.6446327,-1.04708862,-1.30238843,-0.42834663,0.50229549,-1.15359211,1.15414238,1.51844549,0.13416195,-1.12158418,-0.43928692,-0.77117163,-0.93499827,2.56315446,0.38071764,-0.74002767,b'9'
1725,5.47818899,-5.23185396,-3.00583959,1.53055799,0.48241258,0.85753262,-4.76968765,-3.60339665,2.11253476,2.27555776,6.99431992,-0.87325501,7.49732733,-4.74310303,-0.00491762,9.70266342,0.14282286,4.88111782,-1.43794417,0.29220915,-1.04909217,-4.52549839,-0.64318419,-1.49057508,0.11207455,-1.19580889,1.09665906,0.19813514,0.56822467,-1.11088002,1.12144327,3.00268984,-4.02758169,-0.80677897,-0.0403856,-2.83364701,-0.42329025,-0.52179152,-0.26800787,-0.2277815,0.13049066,2.40509319,-0.48168343,3.73815346,0.19919956,-0.51981533,-1.99582684,-0.40523028,-1.42065644,3.01062012,-3.01627541,2.45748711,-0.03503847,-0.61850262,1.10488868,-1.62515461,-0.21038365,-1.06022799,-0.52302396,-0.12675071,1.68369019,0.29752254,-1.93394363,0.89953685,b'9'
1726,-1.15087318,-2.64826369,0.96391839,5.77441406,3.9217639,-0.63579345,-8.45520782,-4.69132137,1.14467478,-7.7477808,2.91193771,-2.7445066,3.51812387,-4.06724596,-1.91204786,3.0749898,-4.20902586,1.75069857,5.24828339,2.87450027,-3.06186104,-2.97899795,-0.75205612,2.22232246,-4.31855631,-0.6209932,-0.94967693,0.03251147,2.63646817,-0.85529822,1.78385103,-1.11227548,-1.28513098,1.55257034,-0.6719563,-1.67309487,-2.04925299,0.27328688,2.47297049,-1.0361042,-0.87828517,0.36578113,1.12196422,1.36286235,0.39908427,1.29483604,0.1841056,-0.77572227,0.0451726,2.12886906,-1.30101907,1.0342325,0.12449908,-0.25289404,2.15064645,-0.04555041,-0.25512719,0.71987188,-1.89591575,0.63139033,0.28636777,0.16883451,0.81171036,1.37229991,b'9'
1727,7.84726381,4.18095684,-1.04359221,4.45710039,3.62590075,1.6366446,-7.59031296,-5.98437309,5.07393646,-4.68796158,0.60365605,-2.99162602,4.77491283,-2.46206641,3.54172397,5.24364328,-2.54233456,0.62801421,2.84326577,0.0880084,-0.7883752,-3.13324809,-0.23660192,2.0707407,-1.88495898,1.74012411,-2.04794145,1.2235229,1.30795193,-2.88593674,2.19718814,2.0662775,0.00406456,0.83269048,1.07442021,-0.90894616,-0.24788189,-2.74065733,0.47685707,-1.52940226,0.65104234,-1.04089069,0.18984063,1.27071929,1.36655033,-0.75832933,-0.93548489,0.53821635,0.19062269,2.11797571,-0.13097166,1.12313426,-2.02554202,-0.94618177,0.84673417,0.79744184,0.06744075,-0.93219876,-0.76087117,-0.16718704,-0.17866953,-0.63824916,0.66011262,3.32420111,b'9'
1728,-7.95409632,-6.65304613,4.97309399,2.60715008,6.68815088,-2.66127253,-5.89870453,-0.264063,-1.98824883,-7.94980431,5.29891491,-3.39267325,0.451594,-3.31560516,-2.38462448,1.52679181,-2.63795781,2.49369025,0.23915601,1.42781568,-3.2048521,-1.14690995,0.13881272,-0.83391976,-2.12160444,-3.28065991,2.23971701,0.57862806,-1.62600517,-0.23445845,0.84005368,-1.10291576,-2.06500864,0.16664571,2.06646991,0.06485578,-3.02558804,1.9236089,-1.02324641,1.93839025,-0.17224461,1.39296639,1.29915607,0.17922419,0.18545908,-0.3234899,-1.91920173,-1.24537635,1.1114893,1.36310375,1.37823617,-0.26568079,0.82917154,-0.08251512,2.34628701,-1.36171532,1.5086261,-1.56693959,-0.47130027,1.07700884,0.69202209,0.45081663,-0.38707837,-0.26674294,b'9'
1729,2.15463305,4.63199234,-1.05009222,-4.71178484,2.58845806,3.98900819,-5.35736752,-2.61927605,-4.70114374,-4.43068123,-4.79216719,1.68322706,-2.53767586,4.21954203,-1.62327909,-4.78006029,-0.12785673,0.10446584,2.43821573,-1.53024793,0.14698794,2.51857996,-1.49905646,-0.14550304,7.55970716,-0.43653151,0.2184484,-0.12254304,0.79565215,0.25236917,0.98997486,-1.32511437,2.08375001,-0.48875743,-0.96582603,0.41574827,0.47459865,-1.03899741,0.16780353,-0.71445304,1.64743924,-0.28413898,0.98340321,0.16129278,-1.68220913,-1.25851977,0.874336,0.27478623,-0.53102493,0.08926296,0.39968866,-0.9076854,0.46163929,0.69072789,1.08181298,-1.01736438,-0.20138836,2.16958117,0.04258269,-0.06758082,0.32140487,0.1423434,0.48471189,-0.29432401,b'9'
1730,-4.50921965,-6.30230665,4.64259768,-2.29778194,5.68285656,0.99099582,-3.10082483,0.32289267,2.16048717,-11.48866272,0.21464491,-1.44291615,-0.73292077,0.63364524,-1.58128643,-1.65304422,2.80331159,1.40171623,-0.19992433,-0.27805042,-4.66429329,-2.93664265,-2.43058705,4.02424669,-0.38898414,-0.94291812,1.24427915,-0.22595674,-3.349751,-0.16419786,-0.53426397,2.64256477,-1.40716755,-2.35315585,2.05866575,-1.5393821,0.39577556,1.06529212,-0.04714704,-1.59878659,-0.97767675,-1.20363438,0.91816008,-0.56911647,0.21347415,-0.32899484,-0.48730725,0.21292949,-2.92332292,-1.73619735,0.61445814,-1.8491919,1.49577498,1.38767004,1.84064698,0.97487605,-0.36755538,0.49901319,0.10329276,0.0539676,-0.0156114,1.61491203,-1.37938619,-0.76357013,b'9'
1731,-1.80159557,0.30313349,-1.91205716,8.15734386,4.8358798,0.59150052,-7.55414677,-3.27309203,1.58505559,-3.82654119,0.29857039,0.34777546,2.09221625,-3.87539458,0.08193731,1.36389947,1.13939857,4.65289307,2.38213253,3.74023771,-5.44444609,-2.84565353,-2.53601146,2.33744621,-1.04102278,0.09453157,-0.85724556,0.1902504,-0.18558121,-1.91475081,5.74832249,0.19709563,-1.33917189,-0.060978,-0.73515522,-0.6084379,0.01152825,0.39466858,1.37369466,-1.08549011,0.47823644,-1.38380086,1.43773103,2.35475469,1.55553281,-0.14846583,-2.18704104,-0.02681565,1.21580601,0.283436,-0.38897049,0.92310047,-0.38807511,0.46839011,2.2808814,-1.32626772,-1.31214523,0.98656738,0.84252948,0.53295124,-0.15628795,-0.45136172,1.40209544,-0.07497139,b'9'
1732,-3.91384745,1.09712553,4.55925798,-1.10332263,8.08070183,1.95079684,1.81865132,-4.88891506,-2.4442997,-3.78933334,-0.14014125,-1.61229396,2.20451498,-1.67993999,1.39885259,0.50981796,5.77522564,1.66465259,-2.14720798,0.91655087,-5.27299309,0.60098231,3.34632707,4.53552532,6.18313742,-1.89730072,0.87360787,3.5898571,2.80670071,1.9169749,-0.40272725,-2.61069036,0.58693463,-0.8350268,-1.04374623,-2.10649514,-2.25506878,1.42030537,0.28774881,-2.95995402,-0.79645216,0.30058965,1.69175935,1.25517869,1.34014833,-0.73214889,1.38797402,0.36010146,-2.82324052,1.52816546,1.85269201,0.09183216,-0.74954438,-0.09369314,-0.10860223,0.84691858,-0.4396112,0.50375366,0.1672169,0.74480057,0.55399948,-1.39983344,-0.23230052,0.26949608,b'9'
1733,4.19829559,-5.04377222,0.88537657,-2.36251283,-1.51175106,-4.679039,-5.48560047,-3.67654538,-1.33499432,-5.80367327,8.06370449,-5.06465435,5.64493895,-4.90891647,1.08130836,7.47034693,-1.29967523,3.91436553,-1.37424374,3.32614422,-0.17452542,-2.95283961,0.09982161,-0.72458601,-2.93453741,-2.41515231,-1.84440696,-0.28615892,-0.0541234,-0.5707832,0.68066108,1.30939269,-1.21070457,0.02639699,-1.95431113,-0.30944243,-0.82709706,1.93601811,1.22828913,1.21222615,-0.52198303,2.52829957,-0.47557682,0.02523918,-0.67523921,1.63083684,-0.20365773,-2.09731507,0.44207186,2.08143473,-1.87857175,1.69954288,0.00904274,-0.20850122,2.25406957,-0.77184522,2.11570215,-0.0963172,-0.50411749,-0.14417577,0.78480417,0.31722909,-1.09545708,0.18388233,b'9'
1734,-1.52855527,-3.23313832,2.4506073,4.97475433,3.01043129,-2.31226397,-5.89801025,-3.42668319,3.37528944,-6.85203838,5.58758593,0.2990284,4.81271076,-5.05325413,-1.13303137,1.86299038,-3.32333136,4.1003046,2.74036717,4.45772552,-2.78342628,-0.04787886,6.47006321,2.34863281,-5.9899168,-0.58082038,-1.63562334,0.83064771,1.69474554,-1.89760447,-0.17906821,2.29390049,-4.33128405,-1.43543601,0.34598637,-0.35894933,-1.86481225,0.11207175,2.49313211,-0.00568569,-2.32223082,-0.53784609,0.20992222,1.24201655,0.71008372,-0.66273504,-0.05521174,-0.90487123,0.66191119,-1.45949078,-0.22180335,2.97208905,0.98971629,1.19698954,1.64805996,1.50687885,-1.83667278,0.38293433,-0.86505044,1.10626352,-0.16168906,-0.51291466,0.45420909,1.10131514,b'9'
1735,-2.92535162,-2.00282431,0.08469999,6.54094648,4.44367266,-0.73762167,-7.04703522,-1.49679351,2.98226142,-4.77927256,0.53692269,-2.0762713,1.47326076,-2.31565094,-3.01781702,2.01806951,0.56392241,3.53144288,4.13424873,4.84623051,-5.06839943,-2.95092869,-4.25920391,2.66903448,-2.72204447,0.47310859,0.15361744,-0.06199467,1.14426708,-1.62020087,3.5555501,-1.97461116,-2.3769908,-0.09216434,-2.09707856,0.35560745,-0.56069386,1.50111389,2.50002456,-0.26979846,-0.58540308,-0.66430783,3.69698906,0.67382705,0.41350818,0.21857259,-1.77813327,-0.70157146,0.67174196,1.07088983,-0.54222262,0.73456526,-1.31522989,0.3177973,1.52956653,0.25238609,-2.17742252,0.22537696,0.07512277,0.40668476,0.25880712,-0.95105869,0.54165387,1.84758699,b'9'
1736,4.36272764,5.54226589,2.61667061,4.66889858,1.06466401,2.18631196,-6.95312977,-6.38918495,2.24963975,-6.46872425,-1.05006981,-2.23532271,0.72139204,-5.92342186,0.62677193,1.72328305,-5.0571413,0.61806536,1.96128798,-2.07864404,-0.51104999,-3.90293121,2.8574574,-0.5921936,-3.57454062,-0.31039006,-1.38231349,-1.11575544,3.31262708,1.16731489,1.45711327,2.60552692,-0.29222363,-0.31692702,-0.3321408,1.83592641,-2.61123753,-1.99384165,1.66488218,-2.53039813,-2.31228971,0.10241891,-0.01626937,2.51414108,1.27065563,-0.06127599,0.42600197,-0.92510581,-0.79273313,0.51707208,-0.82600749,1.45234942,-0.71303844,0.31718957,1.55694246,0.48030603,0.51959348,-0.28806263,1.03021598,1.18588769,-0.68779367,-0.28091168,-0.72269374,2.21697044,b'9'
1737,-3.20838284,-4.33560324,2.18093824,1.81645346,6.42691183,1.86159146,-0.85576868,-1.00675821,2.64758015,-7.94534063,-1.50854063,-4.45065594,0.57479697,-1.02596903,-3.10948944,0.11781573,5.87891769,6.85289574,0.56919163,0.92076659,-2.47848487,-1.05783987,0.41572708,1.73865318,-0.22017774,-3.59288883,2.4204421,0.14666593,1.6102314,1.16623795,1.2465167,-1.74097824,-2.03352451,-1.24688244,-0.47084737,-0.03646705,-1.97960472,0.40408558,0.28128254,0.44453001,-2.41501021,-0.67525297,1.06136107,1.33649254,-1.97906387,0.5682385,-1.38866842,-0.82165647,-2.96205449,-0.10329568,-0.26225775,-3.74277592,2.8381381,2.55158806,0.95257813,1.24122548,-0.82381725,0.984173,-0.22911254,1.3881582,-0.37127805,-0.43681479,-0.06568182,0.34145981,b'9'
1738,-2.59719014,-0.45155764,7.25990963,1.61996329,6.21793318,1.78892541,-6.42440128,-4.77788544,-1.2740097,-9.83771229,-0.32657647,-1.72463107,0.73815155,0.75796086,-0.20276213,-0.20173049,-4.32773685,-0.07182038,-0.09737286,0.7293222,-5.63124132,-1.4547236,-0.28725633,2.61282396,2.98729038,-0.74307591,-0.26933354,-3.27874184,0.3699944,-1.94476521,-0.03813779,-1.944332,2.24729896,-0.08538669,1.92952466,-2.71370983,-0.35079837,0.33494008,1.27534056,-0.18981928,1.03177524,1.02089703,3.31020093,-0.70120203,0.52822602,-1.00839865,-0.97224653,0.32897973,0.60003132,-0.52875984,-0.19162901,0.22582018,2.54616499,-2.24196935,0.58944273,0.45805252,0.38331032,0.12117625,-1.08839464,0.45851254,-0.79620636,0.10261375,0.38526583,-0.71352994,b'9'
1739,-1.10244918,0.05255771,-4.01033163,2.44267392,7.27325058,1.92372119,-11.76955128,-1.29897761,2.91238809,-2.5295248,2.46106887,2.73922348,2.86487341,-2.21420908,-1.29751587,2.32474518,2.15378189,-1.14604151,5.50713921,3.81377888,-4.95509815,-3.03379297,-3.01015687,-1.02477038,-1.14729238,-1.63328338,-1.06690073,-0.24097073,1.19804025,-0.95488715,-0.68107116,0.09748411,-0.83754843,2.0632453,-0.71496212,0.08067241,-0.77767587,0.06209278,1.08164597,1.18227112,-0.90945792,0.13495097,1.7623328,-0.76501578,-2.02024412,0.69361609,-1.37579536,-1.07593894,0.43137693,0.27780026,-1.70302558,-0.06449926,0.93435264,-0.12946594,-0.15345889,-0.27908909,-0.60108042,-1.65004504,0.38469934,0.61977553,0.29522252,0.85763246,-0.1369496,-0.07617838,b'9'
1740,-8.95415401,-0.89856601,8.65331078,0.98693252,10.51097298,0.13256037,-1.92274618,-0.50855589,-3.23877668,-5.49991035,2.05498028,-1.76017213,2.10667181,-1.30194366,-1.21695042,1.92111492,2.18775463,-0.59706223,-1.2511847,-0.64970434,-4.33977604,-1.91236377,0.6074236,2.84388828,2.8420577,-0.78517002,2.42947483,0.03898764,1.57027078,-0.20263296,0.61054564,-4.80582476,0.36172777,-1.16860914,2.36823845,1.1558069,-1.88585448,2.123348,-0.85727394,1.71428752,-0.65496963,-0.84934825,2.04958081,1.50726604,-0.75310254,0.16936135,0.74650383,-0.57357192,0.04670796,1.80332386,0.52086961,-0.23770356,0.1133945,-0.17687643,0.43960974,-0.0044412,1.1619432,0.76521307,-0.61258566,2.29768944,0.80189627,0.56444508,0.79316103,0.53784519,b'9'
1741,0.37405431,12.12982178,-2.41569185,3.51864791,3.54662561,0.55827475,-5.55797577,-0.89821172,-4.80584192,-4.5164423,-3.75542164,3.03559542,-1.44271159,-0.46077099,-0.64900112,1.75664866,-0.18481588,-1.84174347,-1.65329695,-3.90544891,0.429479,3.08837891,2.73274922,-0.15649438,1.34599936,-2.78430414,-0.68516445,1.06852198,0.01753569,1.55248487,1.40690458,0.28465223,1.27037466,0.83469445,1.62989318,-1.87949836,0.25529957,0.32106096,-0.45542514,0.0185461,0.84185982,0.60996604,-0.41631484,-0.14701453,-0.94672406,0.61697513,0.83481944,-0.00322223,2.59384012,-0.2772851,1.44410241,0.77548087,1.40312505,0.23673832,0.67543018,-1.41975558,0.63660431,2.09591317,-0.1116018,0.10856843,1.10045803,0.12551415,0.99097693,-1.02264881,b'9'
1742,-2.62587547,2.53139019,1.26803446,1.04417837,3.5705266,5.46476173,-5.04782772,0.01446044,-1.07270908,-8.72015285,-3.48613596,0.71185756,-3.44544268,1.78030539,0.53013182,-4.12663841,5.28913116,-1.03200674,-2.81467247,0.05182743,-4.45751858,-0.66779691,-1.52250469,2.98865604,1.8053745,-0.98434204,1.15512812,1.50976276,2.03632832,0.92160738,-2.22834921,0.57617164,1.62662494,-0.40523261,-2.75385952,1.87680244,0.33408499,0.11472571,-0.537799,-1.0866673,1.31262946,0.20385329,0.18092206,-1.01012731,0.73202986,-0.07298687,-1.50108719,-0.31725335,-2.00784445,0.65692186,-0.0985619,-1.19113386,-0.61779809,1.28756154,0.77923012,-1.497841,-0.95313334,0.73167354,1.42403483,-1.37620449,0.31007653,-0.72074509,-0.17242962,-0.27510077,b'9'
1743,-3.08420849,-0.75540757,5.87354422,4.66519451,9.45879459,1.75694394,-5.88176441,-2.18245196,0.81356668,-8.1074276,0.217309,0.7005949,2.7069912,-2.29198551,-0.06770468,0.20914006,2.78310513,1.08130765,1.57228732,1.00589514,-4.59255123,0.76903623,-0.95034671,2.34500313,1.43887413,-1.96505737,-0.41464239,-1.7357378,-0.83211899,0.15902197,-0.75711977,1.03854585,-0.87192458,0.95440948,-1.58896565,0.12168083,-0.15014076,2.82341814,0.61526573,-0.01750857,1.31747794,1.02900839,2.63752794,-1.86032736,0.06044662,-0.94561303,-2.50177836,0.02535772,-0.37543303,1.0955193,2.04481196,-1.04152465,1.50523663,1.84038758,1.30461884,0.41599345,-0.36788607,0.98964924,1.10945058,-0.71673489,-0.88317448,2.38514996,-1.40787554,0.6644097,b'9'
1744,-3.01607823,-2.47619867,-0.65478021,5.58454227,2.76001453,0.38804156,-6.14485168,-0.70364392,5.48568201,-6.59669685,-0.19646502,-0.79372382,-2.03234291,-1.84468842,-2.34297657,5.02514267,0.91728663,6.16281796,2.16433811,0.83509254,-3.55654478,-3.58188486,-6.55210733,4.15710545,-1.07138467,1.89580512,0.11493427,-1.05568659,-0.22587919,-2.78414488,1.77414441,0.86164331,-0.69120508,1.97326493,0.38028908,-2.0428493,0.35858464,1.88673723,3.3583951,-0.18876213,0.03668618,-0.84103793,3.37438369,1.33761859,4.28656435,0.10269788,-1.62631893,-0.44013143,-0.28103489,1.01398373,-0.00187398,1.52113461,-0.09091663,-1.36098695,0.5524981,0.94605505,-1.38663387,-0.1945575,0.36104119,-0.21532321,-0.08217938,-0.2602289,0.26492405,1.06031013,b'9'
1745,-0.61252517,-4.8504467,2.53982449,-0.0707863,9.00076294,0.7937898,-9.17321301,-6.7796526,-1.53858137,-5.10223866,2.15703154,-4.004632,2.31557465,-0.20865923,1.94987249,3.27152967,2.03969979,-0.61808604,1.78247309,1.02612925,-2.82418442,-1.04420185,0.89177442,-1.48556721,1.67399228,-0.84795827,0.71962225,0.12680662,-0.50031567,-1.6779964,-3.02226257,0.95873475,-0.34150964,-1.1091454,1.46446574,-0.19423655,-2.75109982,-0.20904893,0.88398916,0.86829674,-2.26914692,1.45500088,-0.74832153,-0.16318017,1.08350539,-0.26429752,-1.73080385,0.41226268,-0.49896637,1.08268046,1.47070992,-0.7493149,1.57816935,-1.32375956,1.06624091,0.88944185,0.60441113,-1.80696559,0.82329839,0.65984726,-0.87468874,0.2114473,-1.16868877,1.08172202,b'9'
1746,-2.50920272,-0.90665269,1.53004467,-1.38655388,5.1162138,3.20981026,-4.49342537,-2.77498436,-1.0247407,-10.65824413,-5.1847043,-0.58518052,-0.17355788,2.99461675,-0.9403739,-1.72614026,2.87102342,1.00595737,-4.24973488,-0.20854831,-2.98828459,-0.16534382,-2.82310891,3.92886448,1.17855728,-0.91663939,-0.17975998,-2.44091082,-1.14067602,-1.53627086,0.05201805,1.18291378,-0.24412684,-0.16575426,-1.88353872,1.25669706,1.16227531,0.17029083,-1.51871884,-2.54248667,0.64194787,1.70743287,1.53030312,-0.97686565,-0.49840379,-0.82336378,-1.84842718,0.29360795,-0.06541003,0.16709644,0.05026843,-0.30582309,0.86354029,2.49063563,1.3902005,-1.36357498,-0.33980727,1.34374297,1.91796589,0.19430101,0.18566774,0.56840557,-0.42916718,-0.5569064,b'9'
1747,-3.90561485,-2.21306586,2.15388131,2.85991788,2.37624979,1.08021092,-6.36446762,-1.47726178,3.39068556,-9.88354969,-0.06646085,-0.57867789,-3.57465172,1.3655231,-3.64546776,-1.29504156,-0.21374655,-0.84382737,0.38662684,-1.05107439,-3.40559053,-6.60156822,-5.15454531,2.95343971,0.42325747,-2.45769811,1.0669589,-2.05388021,-1.63554335,-1.41909301,2.6759696,2.54498672,2.18445873,1.17431402,-1.70470834,0.59392357,-1.37988126,0.80766082,2.61891723,-1.15458286,0.66872132,1.07693541,0.76525426,-0.08101416,-0.31404924,-0.45774639,-1.65594912,0.37521529,-1.94931889,0.66502988,0.02104156,-1.0944804,0.82625818,0.80696291,1.55635238,1.06422555,-1.34279394,-2.4438982,-0.05936521,0.37374389,0.43843329,0.24429476,0.07801837,0.56096774,b'9'
1748,-7.46687794,4.68308401,4.37501812,0.840065,7.0633564,0.18451059,-4.57699394,-6.98902702,-3.20997095,0.03828987,6.88298082,3.87101722,1.14433956,0.34135157,-0.12230825,1.73779011,1.01404285,-2.68476987,0.38187212,2.89800739,-6.42561769,-1.10957265,4.19454336,2.2285099,2.60596132,0.95652097,-1.11248493,-1.34767544,0.89020801,-4.24679041,-1.32437813,-2.08993816,0.92828834,-0.64066845,1.70433497,-0.334407,-0.54000056,0.55233443,1.1364069,0.30259836,0.34350216,-1.25090635,1.82422602,-0.40322286,0.37954468,0.01352406,-0.06820561,-0.40167928,0.85742205,2.22073221,-0.9007045,-0.15273488,-0.58586526,-0.2088654,0.39125174,-0.35833246,0.01739526,0.35521579,-1.21280694,0.16563296,-0.61246181,-0.16704175,1.00046885,-1.26112401,b'9'
1749,-7.20514202,-6.55622864,3.13073587,4.94626427,2.49689817,-3.22941422,1.29647994,4.88980865,2.07485771,-7.77906418,6.02983665,-0.94715905,2.4057188,-6.15029526,-1.0755682,4.11332512,-4.69841862,6.03381729,-0.00460899,1.68001533,-3.58822966,-2.76463532,2.57099199,-0.19137836,-2.74972725,-1.91962528,2.361619,2.02050757,1.44862533,0.13507688,1.83688867,1.33949137,-2.68394613,-0.95377797,1.56818545,-1.01701736,-0.88936138,2.44427896,-2.9360733,0.39964646,-0.33156866,1.21137917,-2.88032269,0.51089793,-0.76783407,-0.92286956,-1.13811111,-0.24408102,-1.79114175,1.06724334,-1.76400518,2.42465854,-2.22307229,-0.335832,0.13943774,1.68218803,0.29184127,-1.82215607,-0.99419832,1.46619689,-0.37981433,1.01183653,-0.67979527,2.55594969,b'9'
1750,7.85196066,-3.32906961,-1.19431925,0.77322328,0.34921455,-1.67605662,-5.48765182,-1.74227476,3.87835121,-8.57713318,3.8120923,-4.92717838,4.5387516,-1.47184753,3.96645403,5.21395826,0.15949094,3.76359963,1.83107567,3.2385726,1.93675172,-5.80876446,-3.01779032,3.77863503,-0.8149662,-0.38022116,-0.78133374,1.66131234,2.70035362,-0.01485288,2.47244954,1.96286917,0.98051983,0.60912251,0.22717512,-0.39773968,0.98994851,0.04386199,1.30444908,-0.84418118,-0.12901223,-0.48037499,-1.56704509,1.5235002,2.57222652,-0.15392204,0.42557085,0.08956265,-1.35805726,1.44870031,0.11854309,1.39783859,-0.23484063,0.00623918,-0.39198965,0.97887349,0.60229468,0.77648616,0.0577845,-0.66845775,0.02043167,-1.38744354,-0.43366817,1.38620567,b'9'
1751,-4.91678333,-5.88353539,3.64747858,-0.00716344,4.29539537,-0.20300865,-1.0797658,-3.27101111,-0.63123083,-9.37905025,-1.7846899,-2.04919553,2.99483919,0.1194308,-1.91179037,-0.30755711,3.04221272,4.82002258,-2.01090693,0.13808775,-3.77997971,0.64210862,-3.19011378,3.53322029,0.21760273,-1.0645088,0.0561499,0.54010499,-0.78886938,-0.6633383,-1.16202676,3.19580603,-2.16872859,-0.3848533,-2.53502035,0.38965386,0.3794961,1.6801219,-1.69990337,-1.51569438,-2.02914095,-1.5444057,3.47212648,-0.25131512,-0.25356221,0.20044342,-1.30548882,0.34075212,-1.9076364,0.9866606,1.20814669,-2.22979546,1.67541766,0.90203804,2.91505003,1.42277431,-1.23959064,-0.27109438,0.21755272,0.78511739,0.88184589,0.71508569,-1.41239524,-0.55811173,b'9'
1752,-2.37570715,2.45216465,4.59402323,2.02638936,0.39728534,3.10281563,-2.50577593,-2.71449733,-0.16194105,-9.62938213,-2.37986803,0.08407807,-2.02224064,0.51730704,3.81430602,-2.40717077,5.19097233,4.36970043,-5.04293633,-1.69853044,-2.43462873,-2.52084136,-2.2700038,3.4654026,0.35164428,-1.99230731,1.93736327,2.22864985,2.03839254,1.49673903,0.98730493,1.15719724,2.68426371,1.24090517,-3.89929748,3.49206495,-0.41202712,1.39646983,-0.61896622,-1.52682185,1.80196452,-1.31045198,-1.33251488,-1.19505632,-1.36590993,-0.85813433,-2.25344563,0.49154365,-3.28823042,0.75993121,0.11861859,-1.46620274,-0.37360001,0.36544025,0.77121103,-0.40737852,-0.44736242,-0.05955876,1.35766244,-1.35292006,-0.21038446,-0.22774243,-0.15320897,-0.24959376,b'9'
1753,-10.19874001,-0.24703336,7.51337051,-0.61697578,8.01609993,-1.87383485,-1.03356838,4.77280235,1.38207483,0.69453096,4.8783555,-3.08546185,6.52612019,-1.09109187,0.2486434,0.56771362,4.53600121,-3.44921994,-1.01089191,-0.41615641,-2.38674426,-0.0231483,-0.17973647,1.18214321,1.14296365,-3.163311,3.30742979,3.18773794,-0.36605072,2.1177001,-1.06284225,-4.0296011,-0.44325864,1.14368117,1.39767706,1.62429082,-0.83592224,1.02943921,-3.09941769,-1.72196805,2.18023133,1.18844032,-0.73559576,0.86041719,0.17747033,0.6356076,0.25129029,-0.6819191,-0.19588229,2.43005419,-0.51560336,0.21898657,-1.1664958,-1.9541254,0.06903011,1.67278457,0.47324252,-1.39104187,-1.04984379,0.74994755,-0.50444275,0.76596504,-0.04764295,-0.54144382,b'9'
1754,-2.01966143,2.9217701,-1.19495916,8.34959316,7.23319912,1.91662884,-9.83359051,-0.65672958,3.37355328,-4.03652239,-0.08605576,0.69885302,0.15146506,-2.88408542,-0.08325005,2.87774706,1.4886651,2.04566169,2.80301952,0.75332499,-6.15255022,-1.18471551,-1.77172863,3.3563447,-2.36349249,-1.18895829,-1.94784606,-0.23597419,0.42128658,-0.90903378,2.49503231,1.57833719,-1.89893901,0.91558826,-0.16839063,-1.24959648,-0.62942493,0.50635022,1.23282123,0.39007431,-0.5525263,-0.12239574,2.48877931,1.16936314,1.56649959,0.03711459,-0.28102928,-0.12713575,-0.95198113,0.32272375,-1.28397524,-0.71101952,0.9171989,1.90153766,0.95145851,0.66778743,-2.3561573,0.0334369,0.00919533,-0.14892,-0.24333715,-0.08089557,-0.79664439,0.99125624,b'9'
1755,-4.36733437,5.41829395,-0.30631477,2.2549684,5.04233694,0.94835055,9.18947792,3.87304997,0.09809732,-2.17090034,5.19517422,5.39705515,-3.71318197,2.45682263,-0.53141403,-1.80301189,-1.27306104,-0.05912876,1.78450632,2.07680702,-2.37972474,1.21193624,0.40801281,2.25364685,2.56134653,2.2420156,5.45968342,-1.84435272,-2.52002335,1.30480421,-1.729159,0.2720449,-0.76395726,-3.88033533,1.93472862,-2.89833951,1.88848233,-2.39576125,-1.00735915,2.32867098,-0.77439648,-0.9043681,0.31645495,-1.62430382,-1.59613812,0.93670058,3.74534464,0.54540384,1.38454199,-3.26560163,-2.41057754,-1.1211648,1.43005741,-1.39611506,1.20477843,-1.12027597,-1.60801792,0.12294024,1.1736691,-0.05435228,1.72238219,-1.71274257,1.94489682,-2.06843948,b'9'
1756,-4.71733475,3.87125826,-0.4319672,4.53624487,3.83014107,-1.18440032,-10.19599819,-2.58217788,0.23962688,-0.83980685,2.73455596,4.89312458,1.28600514,-0.66399693,-1.13217831,-2.84093142,4.61592579,-3.70089197,4.28924465,3.41703558,-4.33625364,-1.83768392,0.45541805,2.57447863,-0.43796664,-1.07688832,0.59947681,0.17126977,-0.69607496,-0.47244498,0.42978644,-0.50964689,-0.16507347,-0.63804787,-1.04408574,2.34277749,-1.87128997,-0.7145595,1.35613358,-1.16493165,2.0500133,0.09214486,0.29534036,0.74995625,1.02193153,0.24698174,-0.94351292,0.5363152,0.34458244,1.23973584,0.05221313,0.92482579,-0.05248475,0.33979452,0.94388843,-0.00742632,-2.43211842,0.12805676,0.24082905,-0.06712699,-0.72889006,-0.29155767,0.98510242,-1.31475878,b'9'
1757,-0.33404231,0.88777876,-2.91129708,-2.63785291,0.85773134,6.18449116,-6.43795395,-1.42984176,7.15696669,1.11098206,5.26188946,6.88185978,1.40294051,-5.7340951,-3.03047514,-3.08187389,-3.50815439,2.28796911,-1.49444461,-8.70582199,-1.90033269,-4.90066433,-7.77891302,-5.55243778,3.01780224,1.6374445,-0.4032717,3.53776789,0.00331926,1.25828612,-0.40037405,1.15089798,-1.13659227,0.75452149,2.57365131,1.217695,-0.81854582,-0.07302696,0.21616983,-0.71882236,-0.76464117,0.91229987,-0.79006547,3.06345963,0.50569022,-1.84176803,-1.07232058,-0.7434032,-0.71077657,-0.28028131,-1.53628302,0.24632862,-0.40018678,-1.30787253,-0.17800432,-0.13957542,1.41804492,-2.30539989,0.39457667,-0.06581199,-0.72456402,1.7966218,-1.09140801,0.26835391,b'9'
1758,-0.23354244,8.94530964,-1.46549559,0.80742872,5.07579279,-0.94651651,4.53235197,-3.01309752,-3.84403086,-2.20153165,0.56600547,6.35097647,-6.25684881,-0.37952474,1.78912163,-3.12603998,-0.37094247,0.90405464,-0.36883351,-2.70729947,-2.98339462,1.59211051,2.54380584,0.57544446,3.90219069,-0.74613208,2.47994566,-1.45197129,-0.40005493,0.53353202,-3.26906633,0.79856873,1.85583758,-2.09648728,-2.91636753,-3.15640593,0.05496001,-2.04273868,0.49130344,2.83417702,0.21286988,0.2785646,1.23523402,-2.02924967,-1.7789818,1.71532631,-0.5103792,1.43703949,0.87493187,-2.33674717,0.97461921,-2.06485534,2.31710768,0.02133429,-0.29551226,-1.83785605,0.25325751,-1.66369164,0.74624127,0.46282339,1.2789892,-0.31426421,0.75550044,-1.6872263,b'9'
1759,-9.57411766,-6.82769918,4.61051321,0.75845301,6.52984619,-1.5606277,-6.69941616,2.38152742,1.06556606,-6.26035976,1.40761387,-4.81925488,0.49042261,0.71712571,-1.14757872,5.84517288,2.16069436,1.89501572,-1.95543838,-1.56005049,-1.16271806,-2.03332186,0.66115659,2.59410238,1.07303226,-1.70328212,3.36928701,0.13231826,-0.05983162,-0.22277969,0.01691771,0.03972125,-0.44342291,0.66063142,1.05842435,-0.94614148,-1.34260273,1.30335045,-0.75686443,3.09530663,-0.7435025,-0.73168039,0.02834974,-0.52079934,0.11204302,-0.77060032,0.00383377,-1.18133473,-3.20969892,0.1547637,1.04659545,-0.13372397,-0.44811893,-0.68406987,-0.03704458,1.48699689,1.23616815,-2.82726455,0.14158392,0.84828401,0.41513532,0.18508714,-0.75203991,1.55886054,b'9'
1760,-8.6734066,-5.17750931,-0.68115252,1.98434877,2.06908226,-0.52456391,-4.77534676,3.72504497,0.30722094,-5.36762476,1.37071955,-0.23914409,0.28349,-3.73812389,-4.07512188,-1.29248762,-0.33592224,3.44334722,0.6184718,3.03858519,-7.33857679,-2.89226389,-1.54970956,1.62981558,-0.20661134,-0.72830266,1.22954512,-2.7008791,-1.53564692,1.05990529,2.82727146,2.91101408,-2.61437178,-1.84625101,-2.3836925,1.25700092,0.27402449,2.67740726,0.26968801,-0.51645678,0.26426589,2.61613631,1.23878598,-0.69866627,-0.92538917,-0.32068375,-2.2195096,-0.84743047,-2.38865376,-0.26917499,-0.4429605,-0.76853919,-0.75021577,2.36690617,0.43369278,-0.46603048,0.21671319,-0.91430533,0.2979188,0.46025264,0.27880704,0.92364067,-1.74504137,0.41475019,b'9'
1761,6.16335011,0.14157224,-0.4404487,0.71909118,3.32758522,-0.93196845,-6.39896584,-3.41026521,0.14689589,-0.2008667,5.24223709,-4.41400242,7.19328403,-6.05186892,1.14181733,6.76167059,0.28236079,6.16810417,2.738626,0.0608387,-2.74546289,-3.8676095,0.37467465,-3.22918892,-0.86962849,-1.79657328,-2.30999947,0.66184878,3.78940296,-0.06956363,1.49676347,-0.88448882,-1.4106679,1.53895545,-0.32329106,0.55910397,-1.55464292,-3.55540061,-1.60063064,-0.40134755,0.34813666,-0.11706136,-2.09914279,1.76806498,0.84263861,0.1341334,-0.99737871,-0.80940557,0.67554039,0.63372457,-1.52399576,1.08511877,-0.03872681,0.26983571,0.08657616,0.76591825,2.38986135,-0.30513209,-0.79648197,1.47428501,1.82951546,1.1569016,-1.15885246,1.00775516,b'9'
1762,-5.83263922,-3.49656272,2.56670427,2.08634305,2.16493082,0.75342584,-6.49922276,3.60372138,-1.14858341,-2.65217972,1.85391688,1.03656793,1.57503867,-5.47237492,-4.29740334,-3.03378582,0.1924901,3.29168868,2.74270892,3.20179987,-4.22136021,-1.71160722,2.95165539,1.7695837,-2.98665857,-1.59991992,0.83666837,-3.03335643,-0.59378004,0.66955578,1.90471375,1.62465811,-5.66496563,0.90809321,1.08488023,1.89369678,-0.49531186,-0.64264017,0.10011268,-1.32924378,0.47558415,0.89869082,3.06306148,-0.19208305,-0.56487489,0.02356844,-0.09520216,-1.97416854,0.4665032,-0.61342275,0.29455,-1.10520685,0.4007833,3.32362461,-1.55950403,-0.67561781,0.41772938,0.36623973,0.84242314,-0.16903728,-0.73280162,0.61018831,-1.40491354,-0.62305784,b'9'
1763,-3.61343241,5.36713886,3.46219087,3.29215646,6.46279621,4.10654163,-4.45915794,-0.8948226,-3.77273512,-6.23489332,-1.97356129,3.06050682,-2.07276821,4.69565392,1.64666486,-0.62373757,0.46328712,-1.72745395,-3.01674414,1.67133951,-4.90775108,1.21840692,2.3109374,1.33131933,4.16072416,-0.44009578,1.9358319,-2.46880698,2.26554751,-0.79633009,-2.45040607,-0.43817115,3.64479542,0.71716005,0.44188386,-2.35163045,2.35886979,0.55049962,-0.85581052,1.36208749,0.62569964,1.49812806,0.72305226,-0.84026504,-0.72705901,0.98543739,-0.55616015,1.13450742,1.39054203,-0.49262229,0.70422691,0.60533589,1.31432152,-0.62054586,0.27112401,-0.68938148,0.40023613,0.47961813,0.02832252,-0.66299206,0.13053827,0.39741373,1.23035562,-0.95900261,b'9'
1764,-5.20385361,-3.3233602,7.5273757,4.43384933,4.21354485,0.30163956,-8.451828,-1.90762663,0.31599855,-3.28326893,1.6160059,-0.20072627,1.16339862,-1.28451204,-0.40100431,-2.36110258,-0.66129851,-1.10892344,1.67321205,2.77548218,-5.46017838,-2.34554291,-1.71661901,4.73273325,0.37834477,-2.66684937,1.62114608,-2.06498766,-2.39223433,0.38522768,2.0103457,-1.78159738,-0.795636,0.18367457,-2.01543856,1.08196127,-1.03278434,2.08668137,3.11379647,0.02810061,1.98649549,1.17997348,3.91978383,-0.65831119,0.35467774,-1.5270201,-0.87692475,-0.60811663,-0.29823369,0.72260916,0.44348776,1.90555489,1.82802773,0.78844291,0.91921163,0.05779922,-2.679914,0.09274527,0.75655049,0.23189819,0.70419657,0.03976715,-0.02248418,0.80236888,b'9'
1765,-9.15153694,-5.38801479,5.28607368,0.54003155,9.52045631,0.5454815,-7.60672474,4.82290649,-2.01022243,-2.79866886,-0.47081399,-0.5245111,0.56194961,1.05416918,-1.39119148,1.66038537,-3.23438025,-2.73031521,1.60464013,2.77486944,-4.11759424,1.01409578,0.15462619,3.04350805,3.07024622,0.48640293,0.26945353,-1.30110419,-1.59246874,0.5921073,0.02967203,-0.87749124,0.12022136,-2.23301744,0.31558514,0.04146594,-0.91857719,-0.15811294,0.11799133,0.11285758,-0.11479378,1.92533648,0.61312318,-1.32145858,1.65573037,-0.19969875,1.40488708,0.70804715,0.38510829,0.7282896,1.19091773,0.5908283,-0.74405146,-0.14020765,1.03706014,-1.07207,0.94973302,-1.14774001,-0.15858683,0.14157557,-0.81117266,0.16765338,-0.16194969,0.77158433,b'9'
1766,-5.98060894,-1.65664446,2.47742701,2.71943879,4.80987024,1.03522432,-8.71911144,-3.51017737,0.52616978,-9.45806408,-0.35721421,-3.91548562,0.68208152,-1.14846563,-1.81946802,0.7502135,1.23687887,1.91709566,-1.10717893,1.97332859,-5.09399748,-2.0845437,-0.65868056,0.87294912,-0.49428526,-1.20773566,1.5356555,-0.59177732,2.09034896,0.50355959,1.35688579,-2.37244916,2.4432168,1.41373408,0.32288903,-2.51242757,-2.92511058,1.75416565,1.42154968,-0.96789944,-1.78145552,0.36343169,0.33599398,0.97527605,0.90920007,0.87861407,-0.43770629,-0.94014812,-2.36983848,1.93146694,-2.15704107,0.64168596,0.66770208,0.94366169,1.15426493,0.22600412,-0.14157796,-1.71241772,-1.17393947,2.58412218,0.11553816,0.65645391,-1.0972681,1.61177146,b'9'
1767,-2.08111715,-5.51545429,2.23850417,-0.40965194,9.51517963,0.2297101,-6.70078182,-4.53098297,-0.98502922,-7.01084805,1.2077955,-6.58359814,3.21327209,-4.09031534,-0.57034492,0.76297927,0.98787928,2.16876459,0.13839319,0.21630049,-4.97754288,-0.17712456,0.24790317,-2.59552217,-2.00644779,-0.73021096,0.35922527,0.15093267,0.2356317,-0.39401281,-0.05118001,-2.86346412,-0.64107972,0.73095453,0.16987967,-0.99750721,-3.87311935,-0.23081297,-1.57594597,0.27988476,-0.82593375,0.63505363,0.65332639,1.12105417,0.51134616,-0.72874266,-2.37098503,0.17668414,-2.13486075,0.78766429,-0.49836105,-0.33442926,-0.25447822,0.70654023,1.5168488,1.86965919,0.98419082,-1.32315624,-0.8041358,1.69231403,-0.34693074,1.51062274,-1.44989979,1.82194567,b'9'
1768,-6.76402378,2.20118093,7.59602451,2.33688474,4.57434368,-0.82725859,-5.88589954,-7.59177971,-2.70939636,1.3683877,5.51303387,4.63598919,2.61948299,-3.82215166,-0.32511473,2.49849772,2.30403924,0.13314819,0.0036281,3.58251381,-4.44812727,-2.82746506,5.78102016,1.14870262,1.34484148,-2.60712886,2.19177008,-2.50574541,1.93756437,-1.37472367,-0.90137279,-3.23732209,-0.28836346,1.13126254,0.63596457,0.60463226,-2.17214203,0.57464319,1.87882292,-0.42460519,-1.12530184,1.15826237,0.69406182,0.77098221,0.65028787,0.79483944,-0.29655933,0.29947448,2.61706305,2.0409174,-0.39562684,1.35161173,-0.16768456,2.82082534,1.03463054,-0.69426119,0.75833964,0.62463921,-1.21650434,0.80505383,0.22156124,-0.1761888,0.67552209,-0.51801878,b'9'
1769,-3.31129932,-5.06719303,4.99431038,0.55909288,5.52311468,0.13657987,-1.188519,-2.4936161,1.52018952,-9.53140545,2.83523488,-4.48586941,3.41079497,-3.06136942,-0.64050436,4.31589508,1.81514788,8.25590801,-5.74676037,-1.27646148,-3.62495303,-1.22558737,-0.57239342,-0.27855015,-3.59990168,-4.59415913,1.25815225,1.53142715,1.6060257,2.67252016,1.90460861,-0.95990241,0.86169201,0.46236098,-0.73206747,-2.73568296,-2.52681828,3.49740028,-1.34403861,-0.74013591,-2.661134,0.42740059,-1.11742926,0.28125852,-0.34812725,2.31378222,-2.018188,-1.89580083,-0.2226994,0.81914043,1.39097869,-0.86406446,1.75029087,0.35575259,-0.80107123,-1.52294064,1.3715961,-1.62902892,-1.06289268,-1.06072354,0.09543513,-0.24687274,-1.30165505,-0.39377013,b'9'
1770,-8.69244003,-9.49163532,7.66536379,1.56302524,5.89626169,-3.93489337,-5.67359924,-0.01426637,-1.19308949,-4.80131626,7.43133593,-0.34022832,0.04568172,-5.11221361,-1.89319897,2.27437043,-4.38136387,0.36991751,-1.65446532,0.65508294,0.54889381,-0.57970506,0.548455,-0.66088009,-1.94247115,-3.60955667,1.6161865,0.10105264,-1.37808561,-1.43903995,0.29018605,-1.30732858,-1.84888291,-0.61376029,0.5001483,-0.23406866,-1.53382421,1.28047895,-1.03625906,1.41486847,1.38581371,1.32936585,0.40566552,-0.26647687,0.57791275,-1.69567919,-0.72319186,-2.39596534,2.14561844,0.51034129,-1.4117192,0.63072443,-0.72341895,0.91487634,1.00391471,-0.74599338,1.10516906,-0.81345016,-2.70396018,0.48078656,0.48700583,0.00156516,0.15934497,0.69863236,b'9'
1771,-4.49899673,-0.51481271,2.51289272,5.43979692,7.38108826,0.21336043,-1.46407938,-0.78745914,2.74205232,-7.24033737,2.04372764,-2.24761128,3.42012167,-2.21008277,-2.45932102,-0.52380896,5.14749527,2.57145309,1.56201458,2.85159445,-3.81417704,-0.59964615,-0.49960825,2.8545475,-2.04441619,-3.31898165,2.61076021,0.86520934,3.44222951,3.36082268,2.28298235,-1.85434318,-0.92287999,-1.88636708,-1.29928303,1.84189475,-1.59693921,2.48432279,1.22313535,1.12262499,-1.3082093,-1.25761771,1.05643594,2.55503464,-0.02011788,-0.61050546,-0.83511603,-0.80311441,-1.70789027,0.50301492,1.72376609,-2.65785933,0.0272212,-0.03655219,0.76212311,0.97599351,-2.68374586,1.78561151,-0.15097386,0.59803617,1.08127189,0.76982468,-0.0889582,0.48869705,b'9'
1772,-7.0242753,-5.52131748,1.9800055,5.42888927,4.28733921,-3.13183427,-6.8016901,1.02647793,1.70637608,-7.98502302,4.43017244,-3.27774739,0.81520355,-4.77830076,-3.61721754,5.20332527,-4.14358997,3.03882003,1.79568744,3.08895969,-1.72358298,-3.43802643,1.86269259,2.66211081,-2.3087821,-0.55553031,-0.60596305,1.01294327,0.57054663,-1.80135131,1.63265312,-2.25486135,-2.16869307,-1.11097336,0.78156775,-1.26659441,-1.19478071,0.64635086,0.41032195,0.45158559,-0.69249493,-1.00170314,0.38503972,0.23579501,2.1464355,-0.6503545,-0.32760853,0.53356183,-1.78949451,1.57040536,-1.45128012,1.55319595,-1.26415849,0.82382518,2.26574039,-0.80979037,1.10073102,0.77234131,-1.03161252,1.27968776,0.2940762,0.36452657,-0.01878262,0.77194166,b'9'
1773,-2.2872591,4.99958706,1.87250972,3.83236194,5.97323513,3.78214502,-6.79055023,-0.98856115,-3.64946127,-5.19947004,0.76949382,3.98315954,-4.09409666,3.17653322,1.09139442,-2.84819174,0.29127455,-0.75923038,0.28869146,1.03576493,-3.67717767,-0.53539914,2.61292672,1.8324852,2.50286055,0.64545131,0.88942647,-2.95646048,-0.15128469,1.43386567,-1.50285566,-2.38660407,4.03254032,0.85812157,-1.2454989,-1.44259715,0.79369068,1.40397787,1.98710251,2.5960536,0.24614918,0.63523716,2.98647833,-2.78488183,-0.69386506,1.40161991,-0.01634394,0.93185425,0.34261918,0.17027843,-1.18544686,-0.55986869,1.23495626,-0.09452796,-0.24556583,-2.14611006,0.55156159,0.15738267,-0.25181159,-0.62865222,0.34144831,0.46584249,1.03832686,-1.15544629,b'9'
1774,-7.92203951,-4.24999142,-0.40773982,-2.5253849,1.88068855,4.18270779,-2.06853056,-0.70867598,2.0066402,-3.53015327,-8.83572388,0.91202641,-0.68923569,5.38580418,-0.22292233,-2.07981873,-0.0986805,-0.18185389,-1.39825594,-2.97839236,-3.45657253,-0.73983985,-2.96026707,3.0527935,2.36929274,-0.33423811,1.0547868,2.74115205,-1.23850584,2.14515018,-1.4121021,4.38215017,-2.01251054,-1.30426526,-2.74283862,4.17651844,1.67840314,-0.4835543,0.28778875,-3.49303198,-0.92753947,0.34376585,0.88034236,2.00436568,-0.83907151,-0.2762242,1.07018101,-1.33443022,0.48954326,1.22900283,-1.0205394,-1.54409027,-0.55580068,1.82185078,-0.5081448,-1.3108983,-0.34599233,-0.66197705,0.45693594,0.23887813,1.0211401,-0.40000352,-0.23270881,0.74027306,b'9'
1775,-6.13509369,-0.37472105,4.2162447,-2.4864893,7.10512066,3.11355782,-5.23241234,-5.55106544,-1.6737771,-0.97975707,2.1649673,-1.94880795,-0.23386383,0.39889145,-0.00221729,-0.1695838,5.63907337,-0.89476466,3.36330342,2.08102322,-7.42223883,-0.81697112,2.70183301,2.18372202,3.69098043,1.21233606,1.20971799,2.19127345,1.59071708,-3.75021076,-1.47743118,-1.1324662,0.6656813,-0.26088172,0.36847621,-1.33329761,-2.8987453,0.66778779,0.29867959,-0.54718173,-0.36813247,-1.07226527,1.0062269,-0.82635611,0.28155714,0.32420298,0.19875211,0.01960301,0.03947318,1.40173948,-0.92122257,0.56927657,0.8987478,0.2150439,1.52717948,0.47538269,-1.50554609,0.76775968,0.03619754,0.60298216,0.27486598,-0.08354327,0.10644019,1.03989923,b'9'
1776,-2.20753884,-1.29702473,1.06557369,1.49953949,6.48574972,-1.94799209,-6.94558334,-0.39985204,0.55917025,-9.53631306,-0.45552802,0.14952278,2.62314034,-4.18634081,-4.12810516,-3.43975115,1.02775407,1.98178887,3.34759426,2.37147856,-4.34028912,0.6203559,1.16993606,-0.63092327,-3.48491335,0.43759224,-3.44507742,-0.84154916,-0.49757242,0.33256006,3.03465271,-0.68140721,-1.63450754,-0.86163229,-2.00888658,-1.0663327,1.01725888,1.81881928,1.03436017,-0.52067661,0.26024723,-0.4185015,2.41523814,0.05542371,-0.78651929,-1.38588297,-0.70303577,-1.49296045,-1.19051051,0.2193898,0.76749432,-0.71879458,-0.04345083,2.3116858,1.78693056,1.51652884,0.90432072,1.47609317,0.27485859,0.06668973,-1.00457036,1.62821341,-0.33752182,0.35202134,b'9'
1777,-7.21095228,-6.96613789,2.42499375,1.21822131,3.67955923,-2.61014962,-1.09731722,-2.41255498,0.85958385,-7.22897959,4.20797682,-0.09350038,1.71815228,-5.43797445,-3.56607628,-0.27502847,0.70196629,3.19491935,-2.10102177,1.18887424,-4.85607862,-1.85746193,-2.89903355,1.34157991,-3.08180094,-2.53483391,1.36324739,-1.48824036,-2.43127346,0.23000598,1.72442997,1.42973471,-3.45118046,-2.22709465,-2.51929259,-0.6593194,-2.4985745,2.98198652,-0.69913423,0.24563318,0.66613126,0.71791792,0.55741477,0.22685616,-0.64183867,-0.71735567,-3.67362356,-1.87946248,-1.50513029,-1.14875674,1.73655713,-1.33424926,0.6039896,1.02766299,1.84814191,1.41526008,-1.02033496,-1.77405143,-0.65205014,-0.64766026,0.81913608,2.23584199,-1.76683784,0.58358085,b'9'
1778,-4.98348188,-4.37099171,4.76947546,2.73912811,5.92013931,0.01201081,-2.72009325,0.48188007,1.30749702,-7.50435591,2.7094841,-3.20717311,0.9166559,-0.99520582,-2.06740236,-1.76247001,1.63708115,4.47648335,0.41935837,2.14273024,-6.29605961,-2.78562069,-2.43036127,3.54050779,3.65966702,-1.92257988,2.33155537,-0.66616321,-2.53878164,-0.7272743,2.86254239,-0.26382565,-0.67766941,-0.18100244,-0.3652904,-0.36874941,-0.63632715,2.7018218,0.58317685,-1.19683123,-0.04691482,0.1909638,2.8661716,-0.171773,-0.43080664,-1.37186563,-1.05647385,0.20907593,-2.30577469,0.51853526,0.99479896,-1.13010776,0.26272011,2.33336449,2.70656466,0.98031557,-0.81507564,-0.9316287,-0.19473189,1.25217831,-0.69324571,0.00148278,-1.90249026,0.48922512,b'9'
1779,-4.37106848,7.8730402,3.2822156,5.54347849,5.59647512,1.3288914,-9.51904106,-0.50608122,2.49784923,-4.38037109,2.49776888,2.9998281,-2.72945094,-0.77837014,-1.57976389,3.79900837,3.23540664,-1.08805203,2.92139769,1.86671829,-3.02846384,-0.43163425,0.81303787,2.51297855,-1.55832338,-0.76901072,1.81305611,-1.90739429,-0.79445744,-0.02523631,1.42988157,-0.64541411,-1.83016813,1.45587122,-0.2928803,0.94530791,0.14720726,-0.44947428,1.11069655,-1.27245331,-0.23165125,-1.65048599,0.66010356,-1.14623272,0.52976108,0.08986613,-0.5112626,-1.5325892,-1.27435231,0.04423153,0.12018815,-1.38051105,-0.06334186,0.94747162,0.82681251,0.24879622,-0.90150928,0.59116197,-1.36094046,-0.82236481,0.55604374,-0.06432915,0.12934363,-0.87949824,b'9'
1780,-5.50781679,-2.00857234,6.71868849,-2.10936022,7.62221432,2.51967525,-2.78292561,-4.68254662,-0.88423538,-6.25417185,0.04496002,-1.55336499,1.22946262,-1.20329583,-2.28802109,-2.73961401,2.34358573,2.92114782,0.998564,2.3899579,-6.92180061,-0.58727247,-1.8266679,1.98238182,4.44245481,0.34064454,-0.265163,-1.95834756,0.47447205,-3.28817511,1.1457907,-2.80713248,-0.13433126,0.3030026,1.62686372,-1.29302919,-0.64304984,0.58934116,-0.0032146,-1.9007349,0.16559839,-0.81864136,4.24069595,1.18360841,-0.65430129,-1.68456149,-0.10594259,-0.90285063,0.71601152,-0.46552745,0.79583663,0.55437154,-0.04379892,0.37652791,1.86453867,0.65887058,-1.16343474,1.44157135,0.50744075,-0.43638813,-0.22709548,-0.0277971,0.71847153,-0.51599437,b'9'
1781,-8.37608433,-3.62815046,4.12535572,0.22385129,8.72829437,1.31688821,-6.41339874,-0.80193138,-0.00438499,-7.2187314,4.46068382,-1.25968385,1.1582092,-3.20971727,-0.42568779,2.12002158,2.13139391,1.99701357,0.54482836,-0.05742073,-4.47129297,-3.64475441,0.64666533,2.45498085,0.34999889,-0.94498551,2.75373125,1.47774577,-0.01435089,2.28848934,3.28500175,-2.88576198,0.34337914,0.36924046,-2.03719926,-1.23810744,0.48646927,1.3136487,-0.85293138,-2.09544849,-1.08401847,0.18203822,2.20929503,0.83054596,0.33031392,-0.06023176,0.5707233,-0.19661403,-2.51466513,0.54910457,-1.29735303,-2.29542041,0.40010643,0.90218413,-0.83550388,0.99311125,0.14729571,-0.81880444,-1.14729309,-0.55548757,0.5680024,0.0355075,-0.0827806,0.77105927,b'9'
1782,-4.10360336,-3.99992061,4.7220602,0.84169674,6.70972633,-2.31822085,-10.22767353,-4.17348671,2.16522551,-6.56734467,4.4722805,-0.84358191,4.8670702,-2.85371995,-1.87048435,-0.51987958,-0.65517497,0.02532637,0.17898339,1.83231544,-3.77381015,-2.82840157,1.38698041,-1.13212419,-3.10817575,-0.92096096,1.43317699,1.04395652,-2.17137766,-1.45082235,1.56061089,-3.12942982,0.23814672,0.52560985,2.17285562,-1.25856626,-2.35232687,2.15086222,-0.34706223,-0.73658144,-0.50482678,1.30426717,0.86627901,0.09504174,0.81520116,1.398139,-1.31616664,-2.05972219,1.32038307,2.14537525,-0.18787573,1.02275383,0.2481513,-0.10287702,1.61124754,0.02330989,1.34610343,-0.47076511,-0.26368663,-0.01055634,-1.27911305,1.6589849,0.09772593,1.21273661,b'9'
1783,-2.61224937,4.6425333,4.7576189,-1.16705918,5.93147993,3.43473673,-4.55678463,-10.25580597,-1.77772617,-6.30511045,1.44693005,-1.97836328,0.44826448,0.91961634,3.45297742,1.29039717,3.99240232,0.10860217,-2.79545689,1.07154322,-0.803864,-1.09076333,4.23752785,1.18440104,5.65525866,-1.07323086,1.31494188,1.92719698,2.37655592,0.48338962,-1.17260706,-2.449296,2.17681646,-0.4566161,0.07738239,1.03798318,-0.03982139,0.82544851,1.76159966,-1.54338038,-1.8244983,1.62271357,-0.17457707,-1.28969741,1.23925734,-1.47982347,0.77647376,1.15470064,-0.4973087,0.34526002,0.39795929,1.90425014,0.09944367,0.82499146,1.51383877,-0.30306792,0.99411166,0.38965344,0.32849717,-0.69987404,-0.56313378,-1.38161373,-1.08010554,-0.44442096,b'9'
1784,-5.13234854,4.71905327,2.6863575,2.81861138,8.15352917,1.04971194,-4.2856245,3.16882563,-0.76290178,-0.7917577,2.52382636,5.70951271,-0.53685486,3.55260062,-1.80285406,-1.50640702,0.52168894,-3.04305124,-1.52038658,3.26632452,-4.3282032,1.72220564,4.18592358,2.52346754,2.89980459,-1.27457297,4.3518486,-3.34487224,-2.32693577,0.60328805,-2.3210597,-1.09582329,3.07424283,0.77383566,0.56541413,-0.87409043,0.48250699,1.76371217,1.09027934,0.0070731,1.9112854,0.65316653,2.4332881,-1.96344471,-0.02686012,0.05242507,-0.01531331,-0.71497512,1.06008577,-0.44982862,-0.51943314,-1.03623641,0.5875591,0.51041216,0.34651017,-2.59344625,1.62181771,0.83587134,-0.15185738,-0.15404832,0.43641806,-0.41883019,1.06905878,-0.59792769,b'9'
1785,-5.00914383,-2.29690313,7.62582302,-2.11739731,7.74131298,4.71584606,-1.68705082,-4.39584446,1.76840925,-8.06733322,-0.73430634,-1.4653213,2.06090927,0.63491505,-0.23833227,0.62676144,5.58606052,3.24904037,-2.0163548,1.35981011,-5.06720018,-1.26592541,0.5949778,3.65206957,4.08780575,-2.18946576,1.01718724,0.66343236,1.62655401,0.07822448,-0.46645224,-0.80438185,-0.69359916,1.14288342,0.45176721,0.37347695,0.06225777,0.94451362,-1.15245926,-1.70427787,-1.10524261,-0.08007,3.3170526,1.35286474,-0.48555362,-2.18793011,0.29254103,-0.36597657,-0.87852103,-0.00738621,1.58746922,-2.2665081,0.87978196,0.11314428,-0.14947838,-0.09798932,-0.26405072,0.72923148,1.11300206,-0.09832388,0.50976706,-0.06506851,-1.09926331,-1.03058195,b'9'
1786,-7.50663519,3.46018171,3.61668706,0.62277341,6.69087601,-0.04747069,-2.23942041,-5.99332333,-2.92164803,0.00677216,5.49861908,1.08644986,-1.35001111,-0.86521608,-1.30275965,0.9953779,2.55261064,-3.31361914,0.97122943,4.53778267,-6.89387226,-0.24334508,2.12685871,0.05870414,3.96685886,1.72772729,-1.0855217,-1.00478959,0.26786447,-2.9619894,-4.62528133,-2.56262207,-0.37080073,-1.94628978,0.11625361,-0.67572272,-0.94416177,0.66967607,-0.13167393,0.60371816,-0.17802066,0.19694555,1.22926223,-1.54321003,1.94128704,0.15066767,-0.13957696,1.23245037,1.89134908,0.63460279,0.99392509,-0.17629468,0.10651588,-0.88598728,0.02725714,-0.43395174,-0.96702433,-0.03762732,-0.63509452,-0.98721284,-1.0921309,-0.76166344,0.48656225,-0.70455551,b'9'
1787,-9.38902569,-3.82660556,9.33962917,-1.88183141,10.03871536,1.85591662,-0.39249992,-3.53820634,0.15831137,-0.94484532,5.11033916,-2.82252002,0.86276895,2.18347073,-1.08661556,3.09071398,-0.33700037,3.69079757,-1.441908,3.06942463,-5.31801844,-1.6566999,2.44646478,1.05997562,3.76932955,1.43363857,3.75047207,-0.33793187,2.04000258,-2.64625454,2.58008003,-4.65881729,2.36862993,-0.30373889,0.27453268,0.69903505,-0.18581724,2.86752295,-1.48166692,0.64590502,-1.33789229,-0.72814548,1.21927726,1.38323569,1.2207216,-1.44557047,0.3087709,0.24875903,0.42038769,0.80356705,-1.36375201,0.03355336,0.44357896,0.08935511,2.03241134,-0.33245856,0.6586051,1.36674309,-0.67713392,-0.08937663,-0.03460667,-1.12686193,0.95192647,-0.28203619,b'9'
1788,-4.83647871,-3.96883011,2.67613459,3.35576773,5.59690952,-1.38617611,-6.45047665,-0.23759663,3.57445908,-9.90821838,2.1157887,-1.2818892,1.38442039,-3.06708741,-1.03465223,3.63083601,1.91332865,5.39448929,1.15934312,2.85937738,-4.44429016,-1.80183291,-1.406111,2.36477995,-3.4006424,-1.88942492,0.80929589,1.30569386,0.89652419,1.18125665,2.54212379,-0.2372191,-1.85504782,-3.29175282,-2.16906595,0.65812433,0.13531923,2.14101028,-0.05695677,0.45236933,-0.65233856,-0.50131553,2.0007894,1.30000186,-0.26887929,-0.45432976,-1.27380919,-0.56001353,-2.92507935,-0.24967772,1.12241209,-1.63331199,0.53467703,0.46788317,1.60716963,1.34851456,-0.80759883,1.16394758,-0.2036128,-0.48714346,0.37305379,1.81181288,-0.82552308,0.49230701,b'9'
1789,-4.68833447,0.16173291,6.84617805,-0.82107282,7.54771709,3.47084427,-5.94195843,2.31912756,-2.40318537,-10.12804699,-3.47307587,0.00673962,-1.61263561,3.28983498,-0.11447191,1.39686775,1.28672886,-1.80241907,-3.44351029,-1.72271764,-4.72259951,-0.46834713,1.31427562,0.22415876,1.1445415,0.25528061,3.17490149,0.47594023,-0.18622875,0.06817776,-0.50225747,0.48558402,0.64865679,-1.19127965,1.02618515,-2.3029449,1.65697837,0.0335353,-0.32977498,-0.97836864,0.55107141,-0.91313022,0.08054082,-1.35424674,0.78965569,1.69411087,-0.13951264,-0.251719,0.78550625,0.54862511,-0.81965399,-0.44661403,0.04949141,-0.73788667,-0.08285707,-0.35349041,0.19351292,-0.72356021,0.77612239,0.25006151,-0.24492878,-0.43347612,1.17280793,-0.61300468,b'9'
1790,-6.9181633,-6.3895545,7.26495266,1.02041352,9.86114407,0.22838712,-6.49198055,-1.24364114,-1.86549091,-7.71638155,2.68226337,-2.25819039,2.21393013,-1.75102353,-1.26239777,1.55869269,-1.74087727,-0.48211086,-0.29267141,-0.8088479,-4.43612194,-0.26807386,0.27263087,2.44042826,0.80621517,-1.70660675,1.60181272,0.09301341,-0.83483505,-2.5004158,-0.47991455,-1.17244744,0.19077815,-0.51854557,1.93465042,-1.65415585,-2.33493757,1.83561218,-0.06329,2.19210291,-0.20718187,0.24533117,1.44266534,0.64890188,0.40724951,-1.23901951,-0.04460768,-0.54364133,0.85419363,1.67795813,1.30367362,0.38250929,-0.08538938,-0.98289943,2.19549727,-1.17735457,0.87339556,-0.07583036,-0.84973931,1.0371114,-0.24728158,1.24428368,0.5339756,0.74773812,b'9'
1791,-7.55825901,2.4242754,5.96141529,-1.04549539,7.06742287,3.7599895,-2.32680845,-5.15653038,-2.6032114,-3.63343525,2.09871387,2.02149057,-0.62301517,-0.62296557,2.33916712,0.86720932,5.90841293,-0.35722029,-1.86224377,1.22562671,-7.16431427,0.61151171,3.1371944,3.48821068,3.15327263,1.91769516,-0.75253391,1.20838833,2.61480045,-1.2336539,-1.33966267,-1.34924996,-0.18314336,-0.88965851,0.12254059,-2.37046576,-0.26357007,2.7784102,-1.85370958,1.34775007,0.29648447,0.78918082,2.7078495,-0.57488465,2.88819885,1.11451972,0.21106395,0.12715793,-0.04932046,1.94734848,0.82431948,-1.88321137,0.57010078,1.18193352,-0.39315897,-0.26271701,-0.10518384,0.06282165,-0.1463618,1.53518498,1.09924841,-1.00758481,1.03660548,-0.10386226,b'9'
1792,-4.00785971,-0.6869204,4.12924957,2.14787316,5.93872356,1.18796074,-6.07151604,-0.36343873,-1.74064064,-5.14264059,-1.23756361,0.67208934,-1.55161977,1.36481488,-0.37183094,-2.86323118,5.25237465,0.097296,0.55608904,2.59596825,-6.94601393,-2.68281555,-1.33790421,4.78305244,4.04974508,-0.86615378,0.16230792,-0.88231671,-0.01484299,-0.91140008,0.54176545,-0.31033993,1.91283619,1.59923315,-1.09853721,-0.77607751,-0.2168622,2.67162609,0.5405581,-0.73402822,1.55262494,0.18574017,2.37248802,-0.37153721,0.38449764,-2.05716372,-1.0451622,2.06809807,-1.77605915,0.07536525,0.24956986,-0.41631234,1.12510967,0.63427651,2.07964778,-0.6114428,-1.76768541,1.78023398,1.0127337,0.85517633,-0.02100304,-0.13283283,0.52418685,0.2141065,b'9'
1793,-2.30904889,7.13097286,0.7744444,0.35572991,6.59351158,-1.20832062,-3.06620646,-7.18604374,0.37420797,-3.3529191,3.67881775,3.16421318,0.12064898,-2.22008991,1.36802077,-1.00629044,5.09696579,-1.19590271,1.28120816,1.38101435,-7.15044785,-3.29084015,1.85270286,3.02690363,1.98002112,-2.03917527,-2.81194925,-1.35772681,0.29616594,-1.97139668,-1.01174748,-0.10867286,0.33278692,0.88586086,-0.21713364,0.01835695,-2.61049581,1.62715018,2.15342879,-1.12294757,1.70712304,0.93626815,1.75860488,-0.79872113,-0.95099676,-1.60217881,-1.48382866,-0.36081505,1.15176201,0.60384762,0.54513264,-1.19965303,-0.17197561,2.38789082,0.88858765,0.23246837,-1.93653059,1.72520542,0.81033784,-1.54873157,-0.26684487,1.75744367,0.81813431,0.22093378,b'9'
1794,-4.32014418,-6.23341703,3.42126894,-2.69346952,4.3066535,-0.20870709,2.13506269,-5.71289921,3.57417393,-9.36917686,1.42484498,-2.56006646,0.42464864,-0.65042287,-1.24049187,-0.00393271,2.3269527,4.63192081,-3.34483218,-0.69116867,-4.22995043,-1.99882531,-3.01442862,3.91498232,-0.40688792,-2.36032152,0.98103118,-1.43894172,-2.6400671,-2.20810938,-3.3699522,1.33502865,-1.70919633,-1.62956953,0.03414303,-2.11518836,-2.20646262,-0.13674587,-0.03680265,-0.14135259,-2.15616131,-0.75492537,3.5587616,0.23325019,0.36214435,-0.06298629,-1.15389407,0.56625009,-2.31415462,-0.29018098,0.9057014,-1.13775575,3.05331445,-0.18343771,2.02168918,2.31472254,-3.47084904,-0.79979026,-0.28853044,-1.24720311,0.01734807,0.6695599,-1.64810288,-0.19208321,b'9'
1795,-1.90856588,-0.38460755,-2.05291438,4.29518938,5.35384989,3.2035594,-10.27668571,-4.46408844,3.8296175,-7.38723612,0.62552691,-0.60259557,-0.51164579,-2.36720419,0.08272028,7.01384926,-0.31565404,3.2732079,0.89713252,0.29120946,-0.50944054,-2.01228428,-1.93282712,2.37834501,-1.29069388,0.60748529,0.3003754,1.35013962,2.70406175,-2.71544933,0.49565685,0.5798738,-0.94892859,2.78248882,-0.24943089,-2.98437643,-1.15941799,-0.51711482,1.2525804,-0.68248236,-0.52316278,-0.0357547,1.78213429,0.47312623,3.88392019,0.84676152,-1.28365028,-0.86460757,-0.62280107,2.85308123,-0.89178777,1.72924876,-1.05592871,-0.8358705,-0.18958968,-0.69862258,1.15723526,-2.29361892,0.13481247,1.11963379,-0.15317515,-0.19235834,0.34798145,0.60645896,b'9'
1796,-6.82206011,-6.93818951,6.72432375,2.00917125,5.52324438,-3.46026492,-6.04171562,-1.64003301,-0.72785759,-7.02276564,2.93374515,2.76216698,1.59214687,-0.40220386,-0.7223115,1.77018929,-3.89301085,-0.56529862,-3.44095635,2.91437769,-3.17238832,-0.11945176,2.64141703,0.74559045,-1.61693263,-2.11146021,0.81502199,-3.67117333,-2.32304573,0.38432181,-0.08849514,1.91739655,-1.64724708,-2.67192006,-1.70405221,-3.40042496,2.02696252,3.11435986,0.81374812,0.38421774,0.21905708,3.12902045,1.99453032,-1.52603996,0.22801471,0.17970932,-0.7558828,0.85441422,1.92027402,0.65711558,0.6708647,3.1297121,-0.30483627,3.04780436,-1.27091432,-1.29832172,0.19437027,-0.69766217,0.08314615,-0.68196589,0.02966224,-0.09654287,0.37603664,-0.03442974,b'9'
1797,-4.65035057,-2.06955051,3.3344698,5.80223322,6.72249937,1.3449384,-7.8088541,2.03206015,2.20006728,-9.53435135,2.54613328,0.24022484,1.66499937,-1.78901279,-2.35625505,0.84723759,0.40512991,1.61073971,1.55793023,0.45441985,-4.82805586,-0.82273215,-1.52152896,1.94199133,-2.55904937,-2.02567863,-1.45287132,0.13985682,0.65708303,2.34233475,2.35715842,2.4623723,-1.93947625,-0.1041978,-1.12935376,-0.11536458,0.74820256,3.24193931,1.29773247,-0.12423474,0.82706439,0.35926419,3.01743031,0.86359793,0.41723955,-0.84760582,-0.45821303,-1.9502871,-1.58296919,1.23834634,-0.19020991,-1.3169086,-0.07827711,1.1214577,0.01276481,1.64172864,-0.47826552,0.22487229,-0.54117429,0.38193905,0.84778434,2.40014458,-0.92172384,0.82977444,b'9'
1798,-7.50816488,-1.5593251,6.27804422,-2.30915499,7.1521101,2.7023983,-5.07761192,-2.03939295,-1.44268131,-6.38410139,-3.33478785,-3.13955617,-3.94682169,3.370713,-1.16946173,3.64625645,1.40251875,-2.09718704,-1.76453626,1.0015893,-1.88589382,-1.80514503,1.0735873,2.32656479,2.22470474,1.48981202,3.36368418,1.78670049,0.30085111,-1.42624474,0.17091155,0.74112225,0.24620138,-0.66107136,0.7541523,1.18877184,-0.17571616,-0.51298112,2.35997534,-1.06407619,-3.26932478,-2.75281572,-1.82391214,-1.57904577,0.31028891,0.85222501,0.24582161,0.17595553,-0.40563875,-0.49177682,-0.61694503,1.5418942,-0.22307825,0.25531101,0.47212514,-0.99648261,1.16915488,0.95041996,0.07181728,1.62421,0.85189551,-0.91110122,1.0123471,0.47283533,b'9'
1799,-4.53879404,1.21068907,1.55906296,-0.31728575,7.43004608,1.85910296,-5.49744892,-1.87534904,-1.50511599,-1.25039268,0.85080242,4.28271723,-1.0505507,3.81414151,-1.81992626,-3.5035367,1.25838685,-4.19488335,2.93095183,6.32367897,-5.64654636,2.84453392,0.71362895,1.5071311,2.47293329,-0.65496641,2.6597085,-2.98515892,-0.86832762,-0.05223143,-1.48423469,-2.13475561,0.87661922,-0.21862704,-3.73773599,-0.19966617,-0.16738725,0.13684893,0.15097284,0.3710134,-0.10759437,1.18784368,3.1738174,-0.74628633,-0.10160029,0.54892772,0.46604913,-0.80407786,0.1003077,-0.60761285,0.30571869,-1.10386336,-1.38148499,-0.46403039,0.43830031,-0.77293134,-1.31380987,1.52752328,-0.10366845,-0.06965423,0.85322052,0.46415752,0.30889821,-0.43633893,b'9'
1800,5.58456802,-11.30350208,-0.42552012,-2.73994613,3.96326351,-0.3002212,-0.38852358,-2.37832761,-3.312922,0.00022402,-2.43229818,-1.93528914,1.56095147,10.18849945,-0.41716623,0.13983512,-0.09170306,2.99299002,-1.46756577,-1.83770299,-2.38979888,-3.17695284,-3.09056807,0.96689892,1.42751372,0.82382911,0.10217649,-0.92898244,0.40159345,-2.030123,-1.37509358,2.39791632,-0.35210985,-0.58472449,-0.00601429,-1.54438746,-1.90002227,-2.57606816,-0.51805341,-0.98912239,-0.74400765,0.89544988,-1.89747083,-0.37794399,-2.64587116,0.85920715,-0.07093699,-2.03583074,-0.17313592,-0.26024169,-0.06760587,-0.48346865,1.37579858,0.76149976,-2.7023685,-0.69093537,-0.98541594,0.14635736,0.04962355,-0.58811456,0.73231339,0.99465519,-0.89658046,0.45834333,b'10'
1801,8.55107594,-11.6605835,0.56360608,-0.15178445,5.70659351,0.56045252,-1.58009672,-1.90472984,-7.10783339,-0.53765094,2.12743855,0.27858901,3.74987435,3.56319952,0.4100728,-3.09679222,-4.27386236,-0.08664101,-0.40527087,-0.03337193,-0.95341301,-1.79333854,-3.26291442,0.10981083,2.50853348,-0.09620133,0.35551542,-0.82765353,0.36601496,-0.36996916,-0.41521966,0.82303548,-1.51286578,-2.16239238,-1.03421497,-3.8412683,0.17672205,-0.90415531,-1.18658102,-0.35744047,-0.36774302,1.5421629,-0.75341868,0.72494078,-0.16147029,-0.56123477,0.54510212,-0.06029391,-0.14116429,-0.41753972,1.41077125,0.54142147,-0.12830353,0.01698864,0.8228215,-2.04167604,-1.45571995,0.43947935,-1.7720685,-0.34158784,0.44978464,2.27606058,0.69562888,0.46659616,b'10'
1802,-2.50301409,-10.45309925,6.76541662,6.74641228,7.07931709,-3.40111041,-4.17096901,3.35853243,-6.08044672,-1.81432176,1.27393389,4.04662132,-1.06442094,-0.65106285,-1.21669722,-1.92546487,-4.80170822,-0.67688853,-2.37524986,-0.85794628,0.31258687,-1.19273663,2.78726172,1.41106844,1.03383839,-0.48548698,0.62087703,-1.22833812,-0.74074078,0.01602566,-1.30335939,0.03225708,0.01873269,-1.42118549,-0.76102257,-0.05658785,-0.17633128,0.12970304,1.8270421,4.23095131,1.78887105,2.58231282,2.31284237,-0.44146675,-0.28805196,-0.5436554,1.30309868,-0.20037818,0.45919371,-2.08478165,0.71803916,1.77376568,-0.82361436,0.10238075,1.02027762,-1.48415005,0.90799916,0.80999851,-0.18848577,-0.51700294,-0.43854606,0.61049515,0.59774983,-0.05667112,b'10'
1803,7.29604292,-11.23599052,-1.54784441,-0.05645531,4.03335047,-0.65700865,-2.44980288,0.14390445,-6.56790686,-1.49092567,0.57074356,-2.80931735,4.21523666,3.40379691,0.01944304,-2.6445446,-1.2527287,0.56706429,-0.74322331,0.95395231,0.31836182,-3.00256586,-3.57696176,0.36350751,2.592062,0.34822279,2.40648127,-1.17983663,-1.2554369,0.10238802,-2.23067856,1.27891898,1.49275708,-1.10477233,0.09940457,-2.96614909,-1.02795792,0.01175368,-2.55066538,-0.35201648,-1.46903872,-0.34720808,-1.52953053,-1.15273118,-0.9276613,-1.11535573,0.2477456,-0.74926686,-0.44106966,-0.48452592,1.2018075,-1.89132595,0.69540477,0.65883464,1.54985845,-1.8424896,-0.31612253,0.07676545,-0.97728038,1.09073365,-0.0795929,2.25902987,0.93374991,-0.56897181,b'10'
1804,10.35588074,-6.46853209,3.23802733,-2.13275528,-0.97705436,-1.01529622,-2.44451046,1.07817101,-5.86260271,3.11381698,-0.49019527,4.22680521,6.50854206,0.24344552,-0.45312691,1.18353391,0.50227904,4.73262882,-3.9364965,-0.31109595,-0.97586513,-3.08654737,0.46082082,3.53903913,-0.07789564,-0.8531158,-1.62635565,-0.89302796,-1.00006056,-5.03119469,-0.09756386,1.25326657,3.45032406,-2.33547449,0.52260166,-0.93888569,1.94109511,-1.33887601,-0.6702708,0.34497249,-0.55390567,-1.0338136,-0.21225484,-2.53248,-1.76814115,-0.7402696,0.75301093,0.02687216,-1.6342907,0.71978307,0.68053532,0.47501311,1.26616561,1.42385268,0.02111024,-0.80882627,2.66774511,-0.48111206,0.64662951,1.34983861,-0.82081807,-0.69073129,1.45915115,-0.38132775,b'10'
1805,10.25584126,-2.13180208,1.14370739,-1.38230574,-0.78609705,-0.24086869,-3.60828304,6.63774204,5.85736752,-9.87900448,-0.22727799,-0.10381603,-0.83117175,-1.66475749,-2.08803511,0.617998,-0.03515267,2.99228334,-3.48046303,4.01095867,0.6547026,-5.76470137,-4.36383915,-2.44487715,0.21349943,0.40201285,0.60828245,2.05098605,0.33655715,2.46561241,0.71007764,2.77899027,0.68288857,1.21426249,-0.38527238,1.39971316,-3.40638113,0.26517743,-0.80561125,1.73606706,1.25426817,-0.5152002,-0.21552658,-0.17726034,0.80383277,-0.99319899,-0.72872937,2.09521842,-1.08616805,0.23272884,-2.02224255,0.14833924,0.29615808,0.54771835,1.97865891,0.6684314,-0.38443613,-0.2996338,-0.86708105,0.99643767,-0.42026126,-0.23762177,-0.04814643,0.53244424,b'10'
1806,6.91044092,-4.32203579,7.09822321,-11.72809219,1.13303125,4.08777905,-2.88741541,5.34684944,2.88319159,-3.37680221,-4.03902626,0.74853921,-0.99688268,-0.02413901,-3.22296572,1.12858069,1.93678522,0.28447378,-0.8741802,3.51469946,1.12687874,-1.85935664,2.86013961,-3.01177382,-2.66250753,0.12359433,0.61578596,0.80188942,-1.16500473,0.62723958,-0.29446661,2.7532239,0.99936938,-0.08563632,0.51164991,1.72854185,-1.39203274,-0.08050579,1.23113847,-0.22344369,0.4707303,-2.30413437,1.92805386,-1.84130418,-3.10934019,-1.15995908,-0.1464877,0.42897224,-0.11232494,0.57307935,-0.55648953,1.04190779,1.30243683,0.17737734,0.7348938,0.05531842,1.19275713,1.15943062,-0.33280665,1.45801795,-0.95732141,1.22486806,1.83388865,0.56935668,b'10'
1807,-1.2742635,-12.84911251,6.19375944,5.06368828,7.30677795,-1.40713,0.78997064,6.52191734,-1.2965374,-3.50562716,0.21368146,8.30257034,0.98229969,1.90268695,0.57650375,-1.65950227,-1.94114053,1.42552042,-1.53935051,-0.65409029,-0.87002563,-4.75738239,-2.19329906,-0.45093846,3.02232552,-4.62573624,-0.51408768,0.86995256,-0.17401743,1.3110379,-0.1853193,-1.12599218,1.3964951,-5.504673,-0.73558712,0.35029954,0.54623461,1.24741626,-2.2001133,2.44486308,1.66802835,1.19246399,-2.65702605,-1.07884586,-2.11091614,-0.1258854,-0.67004216,0.9014734,0.1826545,-0.31538793,-0.35177302,-0.75899816,-1.33726811,-0.24372506,1.8985517,-0.23791653,0.78738904,0.54993844,-0.53279638,0.44142389,-0.55273992,0.22160834,1.3958236,-1.57695985,b'10'
1808,4.07599545,-6.8219552,-2.03945065,2.42608571,9.36169243,0.20294392,-4.55174351,-2.65995073,-4.11771631,-2.79430485,1.06337047,0.61379623,-2.24149966,2.76545739,5.03663015,-2.36390686,2.50221276,3.75641513,-2.72317576,-0.02028918,-0.76507807,-2.92070246,-1.77161944,-1.80883014,2.01201963,1.97535932,-0.12080508,-1.77917695,-1.95806026,0.43038464,-1.72364485,-1.22276747,1.19679308,-2.39216757,-1.25591087,1.08164752,-1.55651259,1.16499901,-0.93438685,3.3306303,-0.17408186,0.6327731,1.13446164,-2.99215221,-0.92699063,0.93015599,-0.5205968,-2.28952241,0.73060477,-1.21863449,0.50997341,-1.6861403,1.0900948,-1.00470471,-0.97566086,-1.32490277,0.16449618,0.94168806,1.24424267,0.44885921,0.45713925,-0.39263049,0.84764779,0.83931267,b'10'
1809,-3.16429996,-6.81950426,2.84208322,4.14525986,13.23779011,1.93682313,-1.17407274,2.2841177,-2.45241642,-2.50856304,-1.94677162,3.69805479,-2.21855831,3.6483376,-0.70647335,-1.56392598,3.95116496,0.97077525,-3.63383317,-0.14537168,-0.62693936,-0.35337192,-1.68177426,-2.25572991,1.65174806,-3.91846323,0.41619599,1.41948056,0.35136223,2.00717497,-1.87273324,-0.58430099,0.90395969,-2.43413305,1.39868248,0.86452746,-0.14614296,1.70324063,-0.73087037,3.10589409,-1.24213803,-2.50144458,-1.50596392,-1.97788775,-1.81686485,0.40717399,0.62944967,-2.02686286,0.17713729,-1.11334825,0.71531451,-1.36019421,1.20474195,0.44274557,-0.38201779,-1.2165451,0.0152688,-0.17909248,0.02606642,0.59852219,1.38456643,0.61616582,1.52610672,-0.14667618,b'10'
1810,7.71349859,-6.16556311,2.83151317,-1.39915717,2.47469139,-0.16205382,-2.00302172,-0.43168902,-7.85141897,-0.28480884,2.58980489,-1.98470998,4.73881245,3.97397852,1.62493658,-3.49829626,-0.10383415,2.62049747,-2.86557698,2.63864231,-0.65596879,-3.24447346,-1.85008967,0.64842844,2.7868228,0.57298845,2.39569712,-3.74726677,0.12623334,2.17957687,-1.02777636,-1.09589171,2.40965009,-1.27585435,-0.17365551,-1.00392294,0.69681358,0.7570923,-1.62946475,0.24791038,-1.09252846,1.94739914,0.76248425,-0.53854597,-0.02219307,0.6865381,1.48676693,0.37127042,1.77018309,-2.60812378,0.64501584,-1.70715165,1.50544429,1.26503003,1.95367193,-1.90715218,0.11727738,-0.44978374,-0.38926443,0.3895154,0.27696002,1.33356452,0.6260494,-3.1093998,b'10'
1811,10.61138916,-2.33712435,1.7116797,-0.94421017,7.35663509,-2.11241984,-1.51371241,-1.50942993,-7.00992155,0.46717447,1.73218012,0.8129108,5.80826378,-0.46355668,2.11820793,-0.41892195,2.33012795,0.14082754,-1.51221776,1.18331575,2.51695681,-2.29853296,0.80464578,0.4507401,3.18127346,0.64059073,0.52019262,-0.66378903,2.80818939,0.1471405,-1.87151015,1.04326582,2.22392821,0.06058478,-1.6548512,-0.26787892,0.615031,3.47228384,-1.54410446,1.65725636,-0.88652825,0.80985522,-0.51188862,-2.76976681,-0.28187084,0.15580606,0.16201858,0.32250476,2.3564384,-1.0908432,-0.04946123,-1.05339408,1.06118727,1.11252093,0.96850461,-1.61626434,0.94649541,0.67484331,-0.5513016,-1.56288838,-0.29708251,0.18118781,0.94090998,-1.00240183,b'10'
1812,10.12568188,-8.03075409,3.22309136,-0.97900975,2.19767284,1.45060885,-3.5996933,3.15600228,-5.45179701,-0.51801336,3.35080743,1.46749854,4.05364609,1.44133031,-0.424582,-1.51810145,0.83035755,1.62729478,-1.96449542,1.1161747,-1.69583392,-3.53130484,-4.45337582,-1.75152254,3.26288891,-2.59839988,0.07715976,-2.07715988,-0.8654604,4.04371262,-2.64959097,0.68031955,1.80452561,-1.5747118,-1.17783737,0.49755552,-0.05176926,-0.91571349,-0.44464386,1.10970688,-0.92053384,0.86025518,0.72175318,-0.1542249,0.42149568,-0.75640285,2.16632223,0.17752695,-1.8073802,-1.3268683,1.51533103,0.17755815,0.76814783,-1.21686697,1.84804404,-1.42237592,-0.24404383,0.71715343,-0.41197383,1.67065465,-0.15702403,1.18899751,-0.35875475,-1.07022095,b'10'
1813,9.77688789,-5.31486702,3.02940178,-0.50335574,6.11497593,2.1672523,-2.55007219,-2.75675678,-7.55332804,2.34325171,2.32795334,-1.61066842,3.83387303,4.0085454,1.93408632,-1.57474279,0.09986556,0.17349887,-3.30646634,-1.17113626,-0.73728472,-1.97217226,-1.28366005,-1.11973155,3.61837864,0.28939152,1.06870341,-1.3282218,-0.3447485,-0.22813046,-1.46188724,1.2690556,-0.3205204,-1.30330253,-0.65794396,-1.1195327,0.54422498,0.73652083,-1.63876522,0.80213928,-1.43735981,1.65069532,-1.07221198,-0.47931123,0.90941513,1.88865757,-0.46440238,-0.6072681,1.73803687,-1.36986613,0.25604251,-0.55276155,0.97032416,0.0444572,0.03498513,-1.40075636,-0.88430715,-0.80403799,-0.94765627,-0.42138839,1.12279081,2.33103681,-0.39611858,-1.19223297,b'10'
1814,9.72295189,-5.48133469,1.81731892,4.83023977,-1.51107681,-1.03711772,-6.09802723,0.04834485,-5.01531076,-0.93186134,3.41377544,0.4730444,5.31995821,-0.60651785,-0.19398403,-0.23992801,1.53884006,3.6210649,-0.09411055,1.86352158,-0.26404792,-4.46020746,-1.25740433,-2.15507078,-2.38507509,-4.30354023,-0.06294268,-1.71399343,-0.92139959,3.55814743,0.8601433,0.31982636,2.95137191,-0.5553264,-1.76685238,0.45239341,2.03457189,-0.85667163,1.20402002,1.25641799,-0.17212713,1.16099787,0.25672108,-0.28251317,0.22899061,-0.32446903,-0.99920559,-0.23274183,-1.14654279,-0.36506701,0.14055064,1.49196959,0.63137317,-0.57222629,0.64865905,-0.49509779,0.75780725,-1.49016523,0.44531935,0.2166146,0.34443569,1.06508327,-0.47650421,0.90061128,b'10'
1815,-0.00164473,-10.85613251,4.5882411,6.09225607,9.07711792,-0.38792396,-2.37622452,-0.48354113,-1.9417305,-2.21677256,0.83085167,6.42154503,1.30182648,-1.37420118,-0.157691,-6.08304882,-2.41047907,1.83236122,-4.40779495,0.14075708,-0.43259382,-2.62214756,1.49502671,-1.09003937,0.28783947,-1.1858114,0.82709658,-1.75558352,-2.65464687,1.7901336,-1.51935995,-1.39243436,1.64919055,-3.3167491,-0.27970195,1.71974206,-1.15461493,1.87808371,0.58027148,2.66803432,0.00912499,0.9442696,1.60201073,-1.70973897,-0.46245682,0.30962175,0.930076,-1.82150102,0.23622966,-2.25735521,1.0961895,-0.18337381,1.02740824,0.12011802,0.34504223,-0.60449266,0.60242057,0.24383625,-1.67533994,-0.28785419,-0.72709846,2.18099761,0.27636874,-0.98266006,b'10'
1816,-3.20863628,-9.12913322,3.77920771,9.08320427,6.77339458,-1.08580518,-4.72145176,-0.19469619,-5.63668776,1.90287232,-0.26894069,4.11455202,0.9410696,0.56121087,1.3040278,-3.79366302,-3.93722939,0.01425672,-4.65519524,-3.01709652,0.60596007,-2.76832438,3.31183028,1.76287746,0.72971451,-2.21192837,0.49316311,-2.52708411,-1.27219963,2.03032541,-0.34109795,-1.41605675,0.18671609,-2.86503816,-0.34725618,0.23724867,-0.71226573,-1.10307264,0.48679864,1.66996288,1.66136336,2.69501281,0.32812786,-0.43594116,-0.44020534,-0.08581036,-0.70744658,0.65310252,0.66186744,-0.92189509,-0.59573007,-0.54818606,-0.09545445,-0.36397707,-1.82141542,0.87139797,1.22630191,-0.17987244,0.32149124,0.59115112,0.65289766,0.33872789,0.68108404,-0.67677766,b'10'
1817,6.67073202,-9.13063049,-3.63238144,0.97435224,6.21730995,-2.63485384,-4.52436352,-1.25012684,-7.74478579,-2.81974578,0.86148763,1.49162221,-0.97384667,1.41697609,3.4017756,3.27136135,-3.19784641,2.71287084,-4.0130496,0.57743597,2.56713748,-2.61570358,-0.43674299,-0.3065989,-0.10728151,2.4567337,-0.44199985,0.04653788,0.23923707,-1.02451193,-1.03430259,-1.03324926,-0.21976461,-2.98951626,0.11458302,-0.87916005,0.94177365,3.04246354,-0.81473887,1.44003713,-0.86325443,-0.24623205,-0.64320898,-0.82488608,0.99625862,-0.71205837,0.50678706,-3.03929734,1.17743587,-0.5586735,2.59008884,0.10358465,0.16368937,0.80452549,0.12455022,-2.21035886,-0.66083193,1.26264477,-1.96132922,-0.15728271,0.46356344,0.65698045,1.29126775,-0.92952228,b'10'
1818,-3.98789978,-1.02929711,1.94229269,6.5955143,12.83755493,0.98023373,-1.36677074,2.28664541,-5.93335867,1.05264509,1.385813,4.02138662,-3.72882605,2.95841575,2.27607584,0.07103097,2.03020978,1.62300038,-2.39082241,-0.35743427,-1.2364223,-2.07486224,1.37376726,0.41196251,4.31896544,-0.76649725,1.10895407,-1.10474563,0.74566865,1.03045356,-1.44742119,-0.86144519,-0.1027404,-0.70824677,0.578345,1.88520634,0.39917183,1.62310004,0.22047079,2.3726604,-0.93892044,-0.94982761,-0.88760138,-2.19334126,-0.85851002,3.21866798,-0.27850336,-1.32082295,1.10983062,-2.56926489,-0.87514329,-0.80722165,0.70248008,-0.04058516,0.01309311,-0.44549504,0.02535462,0.49505532,-0.73899758,-0.56816018,0.57383108,-0.40425843,0.80377376,-0.79165906,b'10'
1819,-0.76261526,-6.63931847,2.78684068,8.79336834,7.04814959,0.20387292,-3.62255716,1.99987125,-0.91866112,-2.35153675,1.17297578,4.34269428,-1.48487473,0.34367046,0.34457994,-3.61252213,3.61751723,4.40802193,-4.60172653,-0.28274751,-2.33647585,-4.87475538,-2.02793121,-2.82667041,-0.20385203,-3.9081769,0.33919501,-0.66928095,-1.77481651,4.67070103,-1.12995756,-4.17765284,2.84495425,-4.42822886,-1.81119251,1.4537673,-0.05925536,2.01555085,0.34773958,1.29071498,-0.88340569,-1.46633732,-1.20282769,-2.55285811,-1.04818141,-0.05493604,-0.41833389,0.27829123,-0.17027579,-1.08865237,0.76531136,0.18797308,0.69411337,1.34024179,-0.89807576,-0.31245032,-0.58631802,-0.07179099,-1.09381199,-0.34520853,0.38606083,-0.9250167,1.1151042,-1.72431946,b'10'
1820,3.36381865,-3.32674217,3.29369712,-0.26578486,10.95972919,4.77570057,5.86335564,-2.40429378,0.08942366,-2.62969613,-8.16366577,2.93666649,3.00685143,4.72338963,-0.10787487,-2.43060207,3.19104266,3.16486621,-1.89880693,1.1155436,-1.60583162,1.48039389,0.14172101,0.1018405,-0.32139122,-2.31732535,-1.69595945,-0.55783939,4.02000618,-0.19336206,-2.0052824,-0.22735119,-1.07397556,-1.94116139,1.45524919,2.31151271,-1.80789268,-2.01332808,-0.65926588,-0.09758154,-1.99791706,-1.80187666,-1.21109557,-0.86557758,-3.11618328,-2.36493278,0.6944558,-1.4451983,2.29758835,-1.00123739,-1.19586027,-2.01534605,0.19326663,-0.19817281,-1.10416985,0.21322471,-1.18815184,1.55004597,0.06155556,-1.05952811,-1.01501036,-0.20010222,0.44951832,-0.19874078,b'10'
1821,8.31950665,-10.99497604,5.36924791,-0.88601506,1.39680302,-1.61467123,1.53837991,-2.11721969,-2.27023077,0.53633738,6.47643328,3.08356524,6.94190502,4.68756485,1.14395618,-3.70013666,-4.39533329,2.68895602,-3.22826648,1.94699526,-1.56028342,-1.81113601,-1.41048086,-0.7792635,-0.73960531,-0.55856174,0.93839025,-2.32664204,-1.02442026,0.26684654,-0.56157267,1.64949894,1.31490231,-3.6530261,0.89741451,-1.66432869,3.56841636,-2.81726551,-1.55303943,1.95214581,-0.32944047,2.55607915,0.16935606,1.20859325,2.6752286,0.2583698,1.24770939,-1.19508338,1.48117495,-3.29868984,0.53689933,1.92413712,0.2839601,0.12501609,0.39522654,-0.5229795,0.57572794,-0.14942394,-0.86281455,-0.39890242,0.11077391,-0.01705945,0.09965122,-0.04229378,b'10'
1822,-0.20198631,-9.57249641,-0.81394428,-0.81366694,7.41607285,6.81216145,-0.11945319,-5.05905628,-0.91227531,1.01690578,-4.7360158,-2.55301642,0.04509926,6.94906473,-0.27960825,-0.84181237,0.42031503,2.00484204,-5.41034794,-0.57599771,0.99273396,-0.92742366,1.10163772,-0.20339131,-0.60640007,1.18178082,0.44847441,-1.31867623,-3.12643051,-0.52604795,-2.14948273,0.94212198,-0.08648397,-0.26164705,1.34463763,1.58338308,-0.31808257,1.17206645,1.73216724,-1.90974236,-0.87894428,-0.24045061,1.64562368,-2.44494843,-2.94419909,0.43173474,0.84423959,-2.03111529,1.10633183,-0.50565732,1.51670194,-0.37173617,1.32708871,-0.35742617,-0.96866471,-1.60971808,0.13885093,0.25022385,0.83502871,0.35796583,0.19022571,-0.49393266,0.83883131,-0.25197452,b'10'
1823,2.23922157,-10.54714584,-1.06307888,5.45836973,8.82493877,-1.34493566,-3.29244471,-0.74631953,-3.68554068,-4.21302795,-1.58067131,2.43803763,-1.78062654,-0.05055518,2.14922118,-2.43346119,-0.57287455,2.88927507,-3.77585506,0.14982247,-1.26869607,-3.07863426,-2.46597695,-0.90419567,2.42219877,0.01588014,-0.70722383,-2.21877527,-2.03535175,0.52280605,-2.34117365,-1.66269827,1.52561128,-3.22292137,-2.86856318,0.6512416,-1.48014033,1.95390046,-1.48983157,1.90561175,0.31283081,-0.52159244,0.17869659,-1.48882294,-1.30475843,-0.1335869,-0.32887667,-1.69695258,-2.37407184,-0.65059739,1.16799212,0.28386098,1.2736305,-0.41405201,-0.00944066,0.37841833,0.8530153,1.83301306,-0.49124247,1.05660737,0.22233997,0.04994431,0.09414303,0.08326328,b'10'
1824,3.4956193,-9.84739685,1.26305783,-0.8030445,9.20326614,2.44319034,-0.77360916,-2.3603785,-1.3373704,-4.23051786,-6.92349625,1.58323026,1.18648612,3.45005131,1.56512523,-1.66507173,1.90590167,2.6234982,-4.33444595,0.7926662,1.33962011,-0.42166823,1.76404822,0.95835662,-0.47195148,1.04975116,-0.77380013,-0.1880967,-0.64007235,-0.97029436,-4.55595589,0.49573517,-0.07876306,-0.62833446,0.92666662,0.87373579,-2.18871832,-0.50916141,0.97670341,2.91263318,-1.81631935,-1.03271484,0.8816331,-3.24268556,-2.84889126,1.25917256,0.07811528,-2.93313527,-0.15950832,-1.50094759,-0.67584175,0.19290078,1.07129943,1.96460438,-0.55803674,-0.59574443,0.5157361,0.29457831,-0.14449748,0.03289211,0.39886695,0.78231198,0.98685837,-1.59893525,b'10'
1825,-0.67443657,-10.57426929,4.2393508,5.80888081,8.18715858,-1.75801754,-5.72583771,-0.69286048,-6.15751123,-1.43608153,1.69153738,2.33957005,0.08542025,1.62179589,-1.85692024,-4.84499693,-2.65579891,-1.31328332,-1.47010076,-0.86003792,-0.3685925,-2.51342773,-1.36442339,-0.7801137,1.43621767,-0.7678774,-0.84541839,-1.1802175,-0.66817141,-0.57552165,-0.53206527,-0.34218287,0.24915393,-1.91809106,-0.03001821,-0.51717019,-2.07974315,-1.62555575,0.68724394,1.2682606,1.64571857,1.9194479,-0.08667497,0.27552372,0.29535508,-2.3166585,0.34140709,0.84997165,0.65092635,-0.27696118,0.27709863,-0.38158035,-0.94745088,-0.72371197,4.17921305,-0.91107994,-0.430758,-0.06993262,-0.1299243,-0.71817416,-0.90197092,1.47076941,-0.87502038,-1.11633396,b'10'
1826,5.10610676,-7.18943596,0.86267209,9.70365715,4.02526617,1.31256008,-4.33823299,-4.14196491,-3.8679471,2.17112684,-0.84921813,5.94022989,0.44678634,-3.30074096,4.41099262,2.1887331,-2.16423512,1.76805568,-3.21847534,-1.15667689,3.58453751,-4.05217171,4.64954185,1.91174078,-2.09668851,-0.7642014,-2.12738514,-1.8924787,-0.7563529,2.37644911,-2.38361168,0.61181164,-0.78078604,-1.51359344,0.76766324,-1.40806413,-0.10336256,4.65265465,0.54021966,1.08650744,-0.51552981,1.70611668,-0.04010077,-1.54535902,-0.79203486,-1.10615706,1.52515054,-0.19297671,1.78066635,-0.19345766,-0.20021833,0.24862003,1.94098687,2.12616682,-0.50537735,-1.3939116,0.32484293,0.08792817,-1.15131593,-0.78126872,0.55805641,-1.30285287,0.67357671,-1.47747242,b'10'
1827,6.31442881,-4.17544842,-2.63061428,2.89228463,5.24762869,0.50367087,-4.95614624,-2.23343682,-5.80562353,-0.28238088,2.18918157,-0.90702558,0.07709324,1.75020611,5.29074669,-1.91949773,4.05124283,3.59328341,-3.52364087,0.2067771,1.1315769,-6.20948887,-2.36645532,-0.64207792,2.92493248,1.69872856,1.50142765,-0.88086152,-0.06839418,2.09215164,-0.59569085,-1.44085133,1.53272498,0.20219558,-1.95796251,-0.216427,1.30076957,1.71851242,-1.56835806,0.88365066,-0.2741316,0.41288978,0.40331256,-1.69704413,-0.39528489,1.54782569,1.75537097,-0.36621833,1.12506771,0.71221578,2.13292098,-1.89852738,1.51375079,0.30033457,-0.26445585,-1.33983994,-1.40363598,0.38127959,-0.76951027,-0.84451479,-0.05509512,0.36299652,0.29391861,-0.96818769,b'10'
1828,11.56113243,-5.17961311,4.43862915,-0.64093125,-2.49100256,0.10772061,-3.35822201,7.6525116,-1.87328863,-2.92404461,1.2012248,2.16460848,2.86301208,-5.46446609,-3.4671526,-1.8671279,-0.50865376,2.78802705,-2.47255254,2.95541668,0.62479806,-3.70836115,-0.05467108,-0.92798591,-1.62666774,-3.45925331,-1.55153596,-0.03826779,-2.02718449,2.53108644,-0.99903548,0.59094477,1.52268529,-0.43369311,-1.13405561,1.73156786,-0.86289418,2.14177966,1.78249753,1.57008052,0.47581661,0.7836529,2.53846455,-0.79545379,-0.32427394,-0.6310882,0.42610604,0.48603272,0.61252481,0.80181539,0.60445017,0.80006731,1.79349756,-0.57742476,1.84271836,0.65833616,0.3219862,-0.72919846,-0.89146388,-0.50786179,-0.82246596,0.20039243,0.44748676,1.42580533,b'10'
1829,-3.49519205,-11.9094944,1.05411887,2.08249164,7.37061214,0.79738271,1.49951768,-3.08521247,-1.87247038,-1.78012884,-3.36866713,2.16237974,-1.66691184,6.11988258,-0.59737206,-1.27714992,-0.69072688,4.00918007,-6.7498951,-1.04890513,-1.04262376,-1.25643778,-2.48674393,-1.15519249,2.64960289,0.96451372,-0.95742333,-2.54800081,-3.19665909,0.92595017,-2.17481375,0.62787127,0.61808074,-3.08607483,1.5601716,0.22243612,-2.68628407,0.95263493,-0.02513993,0.9935199,-0.58997601,-0.62716246,-0.97544122,-1.85335588,-2.35003567,1.07081914,2.01592445,-2.19608092,-0.61842465,-2.31726193,-0.17866452,-2.73222637,1.54255879,0.44287324,-1.06977773,0.13027728,0.33956742,0.2559815,0.77270371,-0.31658357,0.97705978,1.18493819,0.03086692,-0.8631404,b'10'
1830,-2.41511011,-7.31294441,3.79975438,9.22323799,5.8479557,-0.96435928,-4.55086708,-0.01219356,-2.72361565,4.00787497,-2.22479153,6.53257608,0.65445954,-0.82334775,0.7135632,-3.11080074,-2.2381649,2.16063571,-4.05121756,-3.67810535,-0.2115487,-4.35943794,5.35350037,3.47385883,-1.54885364,-1.80768871,0.94670928,-1.07349563,-2.86643505,0.68829513,-1.31150281,0.60028863,-0.19434051,-0.99302667,2.53901887,0.28901568,-2.29996324,0.72988582,-0.81074178,0.75387204,-0.21535927,1.41538763,1.9714005,-1.03236187,0.41297817,0.43869162,-0.82121646,-0.90369344,0.30091047,0.11926234,0.06649266,-3.17953181,1.98161292,0.51759171,-0.84510666,-0.060462,0.51250911,-0.39072174,-0.043796,0.15044332,0.49240267,0.7321021,0.46245229,-0.41136453,b'10'
1831,12.34153271,-0.67792439,2.83269978,-1.98901331,6.18151236,-0.70811152,-3.53082132,-1.07995057,-8.1694355,-0.10038999,2.10382605,1.28165793,5.01929998,1.29312015,0.58857918,0.18758261,-2.0215292,1.30174279,-2.69147301,-2.1586926,0.34388417,-1.12212706,0.77109349,-0.12318277,2.40917826,0.50650591,0.22631782,-1.1898247,0.63554811,-1.93967116,-1.67654932,-0.40395689,0.45537776,0.039379,0.44071198,-1.44561851,0.40317178,0.66268474,-0.21893001,1.72400498,-1.1858052,1.36288106,0.37732202,-1.23833275,-1.05680168,0.39697433,-1.31048596,0.4446981,1.50881171,0.33708441,0.59788024,-1.53195572,1.12946868,1.37714362,0.26607412,-0.65813404,0.91550744,-0.17674609,1.23051429,-0.53121054,-0.84198087,1.42860651,0.29364014,-0.7478072,b'10'
1832,-2.02657819,-5.91445494,6.66612577,2.39921856,5.99069786,-1.80442119,-6.42695236,4.75003862,-3.60465193,-0.52747178,-0.19913602,2.02192736,-4.52442312,0.8137325,-2.19543123,-2.81385231,3.37519479,1.03256202,0.37808692,2.9370923,-3.19844961,-2.07346511,-3.86338902,-0.11836815,2.7296176,1.69772971,2.01797533,0.23695552,-2.19829655,-0.44176653,0.58008456,-0.22409916,0.29594362,-0.80016202,-0.10449791,0.67433679,-0.49459481,-0.34232098,-1.38920271,0.21943521,0.43502116,0.37125996,0.57326436,-1.0009135,1.68478549,-1.56828785,2.32724929,0.54828048,-0.92949504,0.38979471,-0.97953343,-1.45848441,1.02665901,0.34968519,1.46367192,-0.86459363,-0.73746562,-0.14660619,0.99135417,-0.55534577,-0.90755367,-0.29509023,0.28626013,-0.51895815,b'10'
1833,2.05864668,-11.58671379,-1.14018273,1.51034558,8.43476295,-1.08014369,-2.47388983,-2.26067686,-3.18897581,-7.22729206,-1.62827778,0.50895429,-1.42656136,2.0201056,1.10707784,-2.45170832,-0.345016,3.20959353,-4.56820011,-0.53537595,2.35556459,-2.30693936,-0.25836739,-0.43462276,-0.79498827,0.58442909,-0.39584309,-2.40854168,-0.01716995,-0.85745502,-3.7219243,1.01296592,0.99834096,-0.21398729,1.75959468,-0.99423671,-3.0186882,1.88273001,-0.87044179,2.27722526,-1.43912566,-0.59104103,-0.54221213,-1.71262991,-1.43071353,0.77110678,1.11925793,-2.77820945,0.34066868,-1.39429879,1.42310274,-2.22970152,0.84252715,-0.22794592,-0.93357629,-1.88935125,-0.21923995,1.17946124,-0.43964577,-0.57140636,0.30889416,-0.3972097,0.30159259,-1.0154705,b'10'
1834,2.81078386,-9.16695499,-1.30256176,2.45564365,9.43300056,1.60892344,-3.04961348,-2.02751279,-6.40777063,-0.81783193,-1.81518269,0.75727797,-0.33125341,1.52595115,3.09373546,-1.10736585,0.12541294,2.20445466,-5.61372185,1.27269244,-0.32583314,-1.66800404,-2.21088886,-4.0683465,1.02573264,0.55660254,-0.3075006,-0.00985718,-1.73044062,3.52615213,-0.25557745,-1.32126403,0.53067094,-3.3065505,-0.22095358,0.97534204,-0.49155235,1.58364177,0.03337908,2.36086345,-0.36228752,-1.22482729,-1.52563775,-2.93807316,0.58233255,1.50386631,1.5252986,-1.48300767,-0.70251083,-1.90460515,1.67071664,-0.39732575,1.36766481,-0.24696255,-0.10444206,-1.82660401,-1.28475618,0.69409209,0.32447594,0.47683775,1.04548895,0.43262058,0.7644788,0.38391796,b'10'
1835,2.94762421,-11.21088409,2.29179811,5.13898182,10.70975018,0.22247148,-2.71353483,-0.76677263,-3.62936258,-2.93799424,-0.89809084,5.82825089,1.88546705,-1.71425116,1.67003417,-3.05160189,-0.91492844,0.40450597,-3.93723106,-0.2713573,-0.31067431,0.41925934,0.32985899,-1.47988892,0.69053185,-0.0435295,-1.13925278,-0.2575171,-1.5603137,1.17489541,-3.52045155,-1.14850867,1.83882797,-3.1663413,-0.54444265,0.66231334,-1.00053692,2.96366811,0.09433353,3.7376411,0.27595508,-0.44382226,-1.98938322,-1.75461411,-0.49365914,-0.22282504,0.9795804,-2.40196204,-0.92353892,-1.84568846,0.13642485,0.27107012,0.09445,-0.11311078,1.46280813,-1.397053,-0.46172714,-0.17955615,-1.48468423,0.42179298,0.53104991,0.57905769,1.25381696,-1.20301878,b'10'
1836,5.12102365,-9.10418892,5.47541618,0.2064822,1.5899421,0.1422143,-4.50529766,-1.19986939,-5.25234556,4.43551874,5.60291862,5.98356724,6.39772415,4.78071356,-0.87878084,-3.94031096,-1.95323586,0.75540447,-4.00112915,-2.2509203,-1.64615107,-3.99843645,0.10510549,-1.80278897,-0.74134654,-1.97159815,1.127707,-1.79963064,-1.00110245,1.29997528,-1.17903769,-0.91622984,0.92178762,-2.33718514,1.50883579,0.65394783,3.38424945,-2.00181007,2.05047464,0.59999776,1.44252372,1.32341743,1.66789258,1.04950929,-0.13754797,0.91178131,0.71751672,-0.7293756,-0.25036883,-0.7029711,0.29741466,-0.38190305,0.50713253,0.76318014,-2.17311621,0.49472952,1.11618841,-0.54742908,0.60475117,-0.63542283,-0.92142361,0.39356238,-0.4206371,-0.01555242,b'10'
1837,7.53961515,-3.62950444,5.85739517,-8.79673767,2.1753273,3.84427929,-4.20216322,5.11736202,-0.92350292,-2.95008612,-1.06733537,2.10671091,-1.93842697,2.78823042,-0.31980085,-0.08311391,4.62404537,4.46201229,-4.42638779,2.28354931,-2.45856071,-1.94861078,-1.65603054,-3.08126569,1.66358769,2.65963483,0.28637064,0.88348138,0.06335592,1.93323433,-1.94529402,0.82458138,0.54386324,0.88958073,1.22669005,2.794554,-4.30332088,-0.20316297,0.0907166,1.15673971,0.43822348,0.02311544,1.52992523,-0.98513275,-1.52772129,-0.79552847,-0.77093267,-0.83288527,0.76308745,-0.27650338,-0.44327611,-1.81894851,1.65775466,0.3952983,-0.41887623,0.95345736,-0.32125473,1.2219485,0.9425301,-0.00119352,-1.21993554,0.50095844,-0.21975392,-0.30564591,b'10'
1838,-3.16986728,-3.46376991,6.8793354,4.99703646,12.66413498,1.00198245,0.88195968,2.79898596,-7.33583975,-1.79708636,-1.68697786,3.13613296,-1.3197279,4.18682814,2.13919973,1.56536961,2.92405295,0.32953942,-2.66060662,-2.7986927,-1.49279594,-0.42124468,1.86187601,-0.88649392,1.05511618,-1.20840037,2.04957533,1.65719962,1.72184038,-0.65232152,-0.97141802,-0.07439351,-1.63312745,-1.46834946,-0.29602695,-1.40633857,0.79175043,0.86990315,-1.63847888,0.96543753,-1.2063787,-1.12454987,-2.33881807,-0.97761005,1.87159133,1.6554141,1.45272684,-0.58494973,0.41232979,-0.30798107,-1.06473541,-1.33462656,1.13509238,-1.24635386,0.14091587,0.71182406,-0.67171431,-1.28649521,2.63396335,0.86906731,-0.99943358,0.43667614,-0.20489967,0.69858235,b'10'
1839,1.02434194,-11.04482365,4.97862959,0.8928616,11.98556519,1.05243623,2.1050477,-0.45820987,2.4604063,-3.49943185,-1.8758893,1.91460514,-3.18596697,5.89137411,-1.63118792,-1.05144954,-1.59457779,2.93933821,-0.91601968,3.48978233,-0.28398341,0.10990101,-0.59028339,-1.52496731,-1.03439593,-1.34018397,-0.79641753,0.35206962,-1.55365419,-1.06294763,-2.53943968,0.26190042,-0.51840317,-3.97372341,2.18475652,0.90010881,-0.5167625,1.64622378,-0.66784489,1.58482933,-2.50469875,-1.40059018,0.87297982,-1.65971625,-1.39160049,-0.83042657,0.78414357,-2.76081491,-0.47167599,0.26969337,1.17634284,-1.25802016,2.20720005,1.64297903,-1.07460523,-2.01763368,-0.52350116,0.630557,-1.04628491,-0.67556328,1.1596272,1.17490554,1.02214277,-0.62397778,b'10'
1840,5.22691298,-10.96414566,0.18320575,-2.85842299,-1.56428564,-0.90189862,-3.82271481,2.52422285,-3.38133478,1.02619839,0.62373734,1.24556017,1.12633848,5.44802666,-0.12524652,0.6531105,4.18854427,4.38656616,0.33155245,0.91817665,-2.27863932,-2.02173495,-5.34937572,-1.79056478,1.46947563,0.44413233,0.55489874,-0.98465115,-2.96545076,2.78977156,-2.98500586,1.73476696,1.97407496,-3.15198183,0.28267711,-0.20440486,-0.58846903,-1.08206129,-0.67389238,1.00219309,-0.55899096,-0.68302101,0.81114572,0.88534802,-1.07821882,0.46403635,1.34093833,-1.70356107,-2.43102551,-1.01054215,-1.06252253,-0.35538012,-0.75530958,0.92398655,0.25604242,-0.30636668,0.54692531,-0.7851609,0.8685742,-0.23506784,-0.38249636,1.01838279,-0.97905576,1.82861352,b'10'
1841,6.34762001,-10.16287041,0.17058778,-7.53600311,-0.10020816,3.97528195,-3.06111336,-1.16365886,-1.46140623,-0.9342829,-1.51462889,-0.5469687,1.95685661,9.58735085,-1.53909826,2.2470901,0.85490966,2.07213712,-1.74627566,-1.7421391,0.28185681,-0.79424149,-1.50978541,-0.11471653,-0.09922171,-1.4180218,-0.41712296,-1.37045002,-3.19072342,0.38138139,-2.45060635,2.59989738,-0.95396614,-0.68520397,0.09658891,1.95472538,-0.35960913,-2.94314694,1.07209492,-0.13564926,-0.05452001,-0.0759726,1.1145227,0.58735687,-2.64226484,0.38201487,0.81193554,-1.58966279,-1.82498956,0.16115361,0.61474705,1.85691082,-0.9142859,0.04953718,-0.65193373,-0.25841999,-0.17291212,-0.11624427,-0.21886006,0.44721353,0.64653873,1.95528984,-0.91215241,1.7028439,b'10'
1842,3.03969097,-7.18442059,-2.08818555,4.90993357,11.20161152,0.75903213,-4.96936703,-0.85089242,-4.47497702,-3.46362782,-0.80202127,3.00357842,-0.28956008,0.2936987,4.03803968,1.1818676,1.42561793,3.09323716,-3.26719069,-0.993801,-0.05790612,0.37427157,-0.84513879,-2.23540497,1.46345747,-1.19101787,-0.9870137,-0.32529026,-2.24660206,2.18800306,-2.14575768,0.49330902,0.61417204,-3.44873047,1.11265874,0.86713672,-1.31212211,1.31780684,-0.74962294,3.47378635,0.48661411,-1.42611432,-1.02035379,-2.47599792,0.62139493,0.47411424,0.95798844,-2.2799871,0.2250776,-0.84836137,0.92379886,-0.51146293,1.2495482,-1.02282596,-0.29157466,-0.24125266,-0.26085448,0.88084978,-1.8126657,-0.82499141,1.84253192,0.15945274,0.24388683,0.47712991,b'10'
1843,11.59625626,-4.52930546,5.55258465,-2.0321784,0.70374334,1.14665103,-4.66699028,2.57589722,-7.28940248,1.83136177,3.77096367,3.09644246,3.95437837,0.06058825,0.90001941,-0.12401438,1.20059466,2.76227689,-4.48013592,-1.01175225,-1.8478868,-3.86447191,0.95028448,-0.35867953,1.14040244,-2.27382016,-0.62263101,-2.14615154,-1.31498814,1.20113242,0.82976091,-0.52872944,0.75489765,-2.65617037,-0.7430954,1.39826822,1.65493464,-0.13743824,1.07429338,2.59376168,0.2735132,0.69870293,1.65968323,-0.01577146,1.23798227,1.57932723,0.3478651,-0.16729236,-1.18369102,0.42093027,-1.22089005,0.46787795,-0.65723825,-0.86557198,-1.38804293,0.08116376,0.57212877,0.32332343,0.45361286,0.36341059,0.49991649,0.21255064,-0.83325398,0.15359092,b'10'
1844,5.64780092,-8.6946125,1.6742909,0.04851294,11.73015594,2.83262062,1.42750072,-2.22863984,-3.01740599,-3.3884263,-2.62685013,1.8388629,3.77213597,1.43624854,5.1282568,0.48146749,-0.85405374,3.49562287,-4.84503174,1.98068714,1.11905789,3.18742108,0.17829537,-1.7672497,0.8505187,1.79340243,-0.26315928,-2.6655879,0.75039101,0.66040874,-4.72246313,0.75745058,2.88089514,-1.27081227,2.57528853,-0.49227241,-0.0051291,3.15595293,-1.07209051,1.75239325,-0.84700322,0.46842968,-2.60945368,-1.59624457,-0.82177007,-0.48715049,-0.31645024,-0.54392862,-0.00130165,-0.78146338,0.84803653,-1.19132781,1.98211491,0.76178521,0.11241847,-0.58075672,-0.68767881,1.18095016,-0.17829749,-2.82717347,0.17752625,0.08868724,-0.56373775,-0.5098604,b'10'
1845,6.523211,-11.31113529,-2.90644312,-6.72998714,2.85582876,-0.28459239,-1.38258314,-0.70574296,-2.0451088,-4.83880329,0.42626691,-2.01687312,1.87990928,6.44859409,0.77886677,-0.13595104,-1.87900972,0.30440807,-4.19647217,-1.96713901,4.61072874,-1.98141742,1.07677293,1.82593822,-0.62195295,1.37332332,1.67220986,0.58066463,-1.25359583,-1.96625984,-3.24634743,3.32906771,0.35759813,-0.014144,0.36676347,0.02791673,-1.39567816,1.58047724,0.04879344,0.66862142,0.9494009,0.08150582,-1.33847356,-0.67338502,-2.48434019,0.60125947,0.0699895,-2.40998626,1.99056053,-0.76341367,0.8639406,0.10539293,0.79776692,2.41764116,1.13987505,-1.72196484,-0.5519259,-0.34502792,-0.4841992,-1.59163284,-0.05101486,0.62054998,0.36861086,-1.84264207,b'10'
1846,9.53135967,2.8031745,2.30399966,-2.08391976,7.4980917,-5.18753052,-0.72150469,-4.69287777,-4.65535212,0.46896195,2.50411963,1.13684535,3.93981695,0.79122353,3.27235866,4.16584015,4.73537445,0.27371764,-0.66744852,0.06710291,2.73230267,0.45153305,3.2511704,0.33517075,0.91981506,0.4232586,-1.91922462,1.7912612,1.56129813,-0.96691817,-2.41475439,1.31900597,0.66034979,0.47927734,-0.62524903,-2.28632379,1.72975516,0.29974735,-1.39303076,-0.99290484,-1.62236357,-0.11551781,1.41953254,-2.05581808,-2.07019901,0.17681518,2.88308311,-0.32854581,1.65948272,-0.54721886,-0.64577752,0.35136962,-0.93847132,0.17688167,0.08207148,-1.39045429,1.48463547,0.89322156,-0.87342787,1.3147589,-0.91672969,-0.78108537,0.68374288,-0.35656777,b'10'
1847,11.22107697,-5.54378891,3.65568852,-3.08157563,4.44752932,0.57238764,-2.15258503,1.32126784,-7.58257627,-1.27438164,1.25027561,-0.6991055,4.85165167,1.56020892,0.25108886,-1.27731752,0.46092176,1.61394286,-2.25864196,-0.1876657,0.66553462,-3.26757526,-0.62233472,0.55309606,3.42578983,-0.29927766,1.08477747,-2.04707479,2.23536777,0.34629261,-2.09883499,0.12295318,1.42179763,-0.80759054,0.90089405,-1.30222213,0.98574066,1.39191306,-0.94144952,1.87694144,-0.92947257,1.89630926,-0.65752286,-1.00924087,1.80635953,-0.22251725,-1.17278373,-0.12633443,1.19321418,-1.76360738,0.38372678,-1.18460882,1.42035949,0.34486496,0.58539504,-1.90241241,0.69763374,0.1705472,-0.14112595,-1.46970272,0.03642699,1.01184678,0.40696383,-1.73029792,b'10'
1848,0.8688122,-10.16577911,5.18996,8.24843216,4.38774443,-1.63345981,-4.99176884,-3.12410474,-3.61277342,0.9671278,1.52316678,3.36050606,2.04280424,1.22022235,-1.28224468,-4.8108182,-2.07868576,-0.00603223,-1.57841277,-1.19898701,2.53419328,-5.40004396,2.98624587,0.76519132,-0.95348811,-2.70206046,1.03893924,-2.69483948,0.36042666,0.15276003,-0.76525342,-0.71948457,1.16910708,-0.48649698,-1.13503814,-2.05300021,-0.65270925,1.84087777,1.54277956,2.09882188,1.46305799,2.25002456,0.97049582,-1.91043448,-0.84205055,-0.59834945,-1.58541775,0.17297435,3.67623734,-0.97487807,0.34162152,0.06533313,0.19472861,0.47877204,-0.53748018,-0.37352711,0.52171874,-1.63214326,0.08543944,-1.2486937,-0.27010569,1.2563591,1.81081998,-0.90180755,b'10'
1849,-4.04383659,-10.94541931,6.44259214,6.91361952,9.01048946,-2.89608836,0.03630352,5.93055916,-1.34481096,0.85696423,-0.73459649,6.20175743,2.17363405,0.45912531,1.00244021,-3.91287613,-6.35436535,0.04309154,-2.31238604,-3.174119,0.73779523,-0.86249441,1.11840129,2.45224619,3.07743597,-2.15810776,1.40825379,1.96058702,-0.49472189,1.8200115,-1.27743876,0.42579293,-1.88278151,-1.7288816,-1.55843163,-0.69410908,0.45559669,-1.29558778,-1.5309521,1.23956692,0.4626416,2.3522706,0.57629561,-0.22069623,-0.9670943,0.65949774,0.49990493,1.4293251,-0.79338396,0.65338433,0.75593019,-0.89965367,0.00908947,-0.92280579,-2.00363231,-0.20639843,-0.25405645,0.63111562,-0.84587348,-0.06498075,-0.5447349,0.67560178,0.07158422,0.11020534,b'10'
1850,9.9416151,-6.42352343,-0.3239181,-0.69914138,2.8174696,0.60559195,-5.41480255,0.77651298,-8.63009644,0.92174494,1.86235952,0.26875615,1.35861921,3.21429086,2.01499629,0.27848983,-1.25399709,1.40117502,-2.7285428,-0.10608912,-1.17839849,-2.70982552,-2.30079269,-0.74435329,4.44338608,0.42529103,1.30054271,-1.32695651,-0.43316507,0.67881143,-0.49028218,-1.64074826,-0.4883247,-3.23784256,-2.25171971,-1.09965861,-0.36375475,-0.27133709,-1.25282466,1.87810087,0.2626158,1.63488877,-0.30770373,0.0468726,0.72931945,-0.18866685,-0.58362997,-0.59498239,1.04001212,-0.68274522,1.31279457,1.96867096,1.00539505,-1.22198319,0.7127521,0.41910028,-0.83925462,1.14377117,-0.57887983,1.56199443,0.3230359,1.45758986,-0.3781305,-1.75634515,b'10'
1851,2.11551905,-10.49869919,-2.47123742,2.07011175,10.27073288,-1.50769901,-5.07989597,-0.61017001,-1.96463108,-3.94722748,-2.1517334,-0.24372745,-3.23046064,3.77628994,1.13327193,0.59392881,2.5794847,2.16123772,-1.40445876,0.45777583,0.29006469,-3.83757687,0.32265681,-2.07960272,0.40261543,1.03992116,-0.50656706,1.02093339,-1.40948248,-0.64025933,-2.38332558,-0.25587988,0.17323935,-2.41175818,0.68029541,-1.68370926,-3.02826166,1.24038148,-1.11711204,1.95253634,-1.08160126,-0.2516886,0.15400328,-1.87449241,-0.90900981,-0.27861708,0.1566498,-1.389539,1.18464494,0.60740328,1.49200201,-0.8354311,1.25316131,-1.91951466,0.500274,-1.20431232,-0.22830462,0.48646742,0.51224738,-0.07128382,-0.66627216,0.31448632,1.86833012,-0.04432047,b'10'
1852,-3.2974596,-9.80479813,6.92085743,0.52928925,8.48334408,0.1221168,0.44260907,-0.55462694,-2.24095201,-4.827281,-1.64320183,1.28065276,-2.58947349,7.62701607,-2.66168404,0.33040154,0.76122499,3.74706769,-4.33280468,-2.0897367,1.46243703,-0.71138006,1.87442195,2.03305197,1.77544105,-0.80382401,2.76362228,-2.86495113,0.70300651,-2.31365824,-1.9984268,2.40251255,-0.69439542,-0.55536538,1.3560859,-2.60426998,-0.25654435,0.55848098,0.32615197,0.66091418,-2.29864073,-0.67567599,-0.11095892,-0.40487796,0.3149296,0.01216723,0.23900345,-1.89877725,0.6670633,-0.74152076,-0.43658626,-0.68594825,-0.25998616,2.56553388,-0.39698547,-0.55866939,0.4027226,-1.4931705,0.82722849,-1.46300316,0.64215803,0.66661662,0.43423426,0.15042686,b'10'
1853,11.49957085,-5.96005726,6.01004362,-7.03906012,1.51329362,0.68438363,-3.17832994,4.42452002,-6.52189016,-1.3689177,1.51468003,-0.91963315,0.60166311,2.72059321,-1.42283821,-0.39302444,-1.87080848,1.39978004,-3.29644608,0.8545835,0.08591834,0.2612673,-2.46301055,-1.24648809,2.47435188,-0.0670943,0.96978319,-1.07471657,0.06043863,-1.56423521,-0.05863035,0.42050338,-0.23757175,-0.68255597,0.05736697,-1.56746113,-0.62184656,-0.73745555,-1.0947994,0.57197213,-0.49962646,-0.03446831,-0.16880801,-0.54996192,1.47199333,0.53788,0.15940177,-1.55950093,-0.84391755,-0.34141475,-0.01821713,0.62971705,-1.07783651,-0.60863769,1.69532537,0.44500375,0.77721882,1.19321942,1.3497436,-0.16570568,0.6437158,-0.13008815,-1.04716861,1.0854224,b'10'
1854,8.59400463,-7.7972827,2.36854172,-1.74400818,5.83796692,0.82735848,-4.71494865,-1.02722836,-8.54767227,0.13097215,3.63313007,1.55671763,2.83246279,6.3521924,-0.440135,0.28399181,-0.04726088,0.77847564,-2.27499676,-1.31415534,-1.96343899,-1.62296224,-2.37828779,-2.92906475,2.23953485,-0.80545324,0.12120521,0.34655869,0.81972337,0.48573613,-0.67952287,-1.12494087,0.02385627,-2.05794263,0.15729982,-1.76552737,1.20665193,-0.01601487,0.60451508,2.03559065,-0.27175993,0.82719201,-1.42874491,-1.10280037,1.18769419,-0.0223652,-0.11192094,-0.73102021,0.1375407,0.51758873,0.40093815,0.17280054,0.49869549,-0.08071327,-1.66318488,-1.55052245,-0.8150208,0.15937239,0.82084066,0.7938031,1.00157821,1.58442855,0.59440708,-0.78517675,b'10'
1855,10.08614635,-2.46429062,8.16242599,-8.60795307,4.23547506,3.21106601,-4.37395191,4.3707571,1.58610511,-5.02551413,1.1340903,1.19600224,-0.99645662,2.47426486,0.02730608,2.66065431,0.83789563,0.60886586,-2.00848818,3.09410191,-1.6912756,-0.17567939,-1.54531956,-3.96174216,1.19322133,0.71661478,0.65429342,1.76743412,-1.73261023,3.7726717,-2.39643431,2.18529987,0.18681328,0.67328393,-0.0272634,2.10626221,-3.90012026,-0.18839687,-0.29743743,0.71257019,-0.4126274,0.09737881,1.87782073,-1.17282188,-1.15831459,-1.6553061,0.00329857,0.51641262,2.00720239,-1.28359914,-0.53962719,0.10123843,-0.16374135,-1.42424774,0.44334736,-0.26479271,0.94503009,0.4251169,-1.39950585,0.1406287,1.20903635,0.89502841,1.19000375,0.17780444,b'10'
1856,9.21698761,-7.21629667,-0.67376691,-1.72329617,9.49784184,2.85323167,-0.03375459,-1.95488691,-5.11201239,-0.37871724,-0.80976248,-1.99667335,3.4638145,1.93571877,2.73835659,-2.24394941,-0.29630876,0.81890261,0.85432231,0.59745073,0.10838427,-0.18223339,-1.27845776,0.02318287,3.87121868,2.36457539,-0.22916111,-1.99396241,-1.72062302,0.03513646,-2.02683783,1.11091018,-0.78703374,1.03349328,1.19946241,0.44335979,-2.43164563,-0.21227115,-1.75386083,-1.46209478,-0.03437352,0.56306505,-0.37293467,-0.68837231,-1.07049906,0.91598034,0.70024168,-3.00924468,-1.0690639,-1.07021642,0.92044622,-2.27037191,0.85011637,0.1813798,1.09212756,-0.65487796,-0.90817428,1.65440917,-0.27576792,-0.85289133,-0.09203073,1.04677749,-0.80569929,1.18732619,b'10'
1857,10.66745567,-4.24279594,0.27705112,-9.38267422,2.61343098,1.51822186,-5.73913765,3.47161937,-3.80872774,-5.05999804,-0.7385633,-0.35200143,1.83619189,4.6233058,-1.12407494,2.19106388,0.81919622,1.64715195,-1.51196313,0.02218866,3.05950141,0.37060201,1.58420789,0.64236999,0.07686293,-1.23396266,-0.15905213,-0.74545068,1.03398418,-1.7499187,-0.92268884,-1.08529675,1.90577841,-0.6874581,1.04639781,-0.69834554,-0.23184609,-0.5509631,-0.24495971,1.91464949,0.62725472,0.39740539,-0.23366,-0.02760907,-1.99736631,-1.89023995,-0.6477505,-1.34831405,0.15443039,-0.12536448,-0.31702912,0.33680481,-0.19872999,-1.62055683,-0.83031601,0.4070617,2.49519873,0.00203251,1.26237917,-1.09136808,1.01690292,-1.37948251,0.86318064,0.296718,b'10'
1858,8.29626274,-9.2221241,2.2911036,2.53313518,7.2494688,-1.70076656,-2.63361311,-2.22724295,-4.5445857,-0.28150994,1.69894123,2.99970198,6.62410975,0.33341384,3.59472919,-3.24369812,-2.12523937,0.25882876,-3.31106019,1.72217941,0.37900388,-4.07857847,1.38277245,-0.28333926,1.2533915,1.57429302,0.09413797,-1.47201943,0.10748839,0.84088194,-2.6647377,0.52417636,2.06954813,-0.43033725,-1.50182676,-0.41812894,0.73792768,2.8612361,-0.66081488,3.50872588,1.04835129,2.10620856,0.82234621,-2.04515743,-1.61901033,1.32264507,0.61970621,-0.2732079,1.62887692,-1.31532884,0.6080367,-0.7566601,0.89268112,0.00287485,1.48590684,-1.80259216,0.63323712,-0.80174875,-0.53084266,-1.03653646,-0.04605488,0.9493379,0.39294934,-0.91583002,b'10'
1859,6.16622877,-3.96566987,0.94057369,6.40602732,3.71191311,1.53258014,-5.06545258,-4.54369545,-5.77310514,5.55983448,3.21168542,3.57835436,3.4009757,1.14448559,3.73016071,-2.92990446,0.07248247,1.44194984,-3.13147044,-0.7916913,-1.41682899,-5.71281958,2.04028654,0.74565148,0.56514871,-1.84295905,-0.21748637,-4.48861694,-1.60502481,-0.23349935,-1.01546109,-0.05722904,0.68343949,-1.96604633,-0.59762371,0.0941585,0.64764309,1.70526958,-0.79199541,0.0439629,0.53423846,1.49731243,0.69155556,-0.34299058,-1.46353257,-0.46102369,-2.03779006,0.17287707,1.47789717,0.06132323,-0.88380051,-0.71555269,2.15828609,2.15020394,0.88247466,-0.51443803,0.02298689,-1.08930993,-0.09143585,0.86775529,0.82655782,-0.01428723,2.12405682,0.17237848,b'10'
1860,-2.51199818,-8.49698734,5.49504709,4.29756021,11.32001019,1.03593016,-0.5132122,7.24656582,-1.50673103,-4.8956418,-0.48091912,5.02648783,-1.45330644,3.65478563,0.69352746,1.06461501,2.36952519,2.4192245,-2.64376855,-1.77402329,0.87780786,-2.83775926,-1.90878236,-1.68431544,3.60570574,-4.0631218,-0.29357517,0.48166156,1.0906775,0.13439852,-1.80392468,0.01958609,0.59834582,-3.5508213,0.5047729,0.724814,-0.64191926,1.373878,-0.33098042,3.96080947,0.48849905,-2.67525959,-1.88209152,-3.01193261,-1.4842757,-0.53878963,0.88777781,-1.33612442,1.34088945,-0.42740715,0.46300691,-1.32997823,0.45174813,-0.02966726,-0.2184673,0.97362709,0.68234897,0.47840077,-0.2830157,-0.13835108,-0.14288691,0.62077111,1.90671265,0.40945122,b'10'
1861,9.04415035,-4.99688911,2.61702251,-10.55416679,3.87205076,4.22840691,-4.15479994,4.61608124,-1.42873383,0.55232191,-1.75315285,-0.92010427,0.9092617,5.13360119,-0.25307512,3.57250881,3.96209407,2.67764664,-1.7994256,-0.35098076,1.32481885,-0.46836096,3.2949748,0.97455239,-0.32562271,-2.52661514,0.06432801,0.6975143,-0.34499502,0.27861047,0.6571852,0.07918,0.08842508,-2.26417327,1.2754271,0.03363857,-1.17863607,-1.0487206,1.48013544,2.20608997,-0.00581038,-0.47886509,0.71747482,-1.51977849,0.64897966,-0.65195101,-0.29561764,0.38800001,-0.18827885,-0.89098597,-0.34348059,0.24105996,0.25334144,-0.52379441,-0.94150633,-0.23900515,0.44374084,0.320427,1.04014707,0.04619277,-0.01030846,0.82025498,1.34947455,0.61149037,b'10'
1862,4.07659245,-10.31290817,1.224684,5.72100401,4.47090435,-3.60161853,-6.07111645,-2.6996274,-4.88203287,2.05939841,1.99569464,2.50855088,4.2434144,1.44228363,1.09998846,-5.56992006,-4.37912846,-1.05800104,-1.58011258,-2.24128723,0.04271261,-3.82007742,0.93026066,-0.16814256,-0.78700423,-2.52438927,0.96011889,-2.0009532,-2.11465693,-0.32663947,-2.15829849,0.14239669,-0.0021498,-1.43898916,-1.83779931,0.31955627,-0.56368649,-1.94661903,-0.40892661,0.99816692,0.95588398,2.15938854,1.33179545,-0.70824683,-0.79979241,0.38848591,-0.7005347,0.07401824,1.43507242,-0.05983591,0.63168097,0.35773548,1.13209176,-0.0308553,-0.82253152,0.72245669,0.10070443,0.99525964,1.01334,1.13802278,0.26250851,-0.49712181,1.12648439,0.81579,b'10'
1863,9.46069813,-6.57900906,-0.04483956,-7.20767069,3.30937195,0.3254239,0.00750422,4.28476381,-5.5426755,-0.39448789,0.28193641,-4.97222233,0.8344968,5.16282415,-1.51584339,-0.03713441,-0.42103004,2.54157376,-2.08846474,-0.20516849,-1.66224313,-0.7954666,-4.37715816,0.46628976,2.37546301,-1.69926882,1.67709005,-0.21066487,-1.77792788,0.45018268,1.45208335,1.41626835,0.8303892,-1.37215257,1.51071024,-1.99688947,-2.88774347,0.50026995,-0.144261,-2.45499706,-2.53789234,0.96338046,-0.74363011,0.00945367,-0.57923186,-0.90498465,0.16344753,-0.93414569,0.18541479,-0.30638936,-0.38979584,-0.70735061,1.0994699,1.38428855,-0.239245,-1.2201947,-0.04955983,1.04559386,0.37126815,-0.34518552,-1.06700385,-0.06035721,-0.52455115,-0.98386133,b'10'
1864,-4.93227243,-2.98161077,4.64604759,6.45037413,11.71155262,-0.45075643,0.52076697,2.28151298,-8.11345291,-0.59407234,0.62029481,4.00324202,3.3029604,0.27534759,-0.74884701,-2.45650101,1.05517316,-0.21058071,-3.38998199,-1.55101109,-1.71277511,0.06122512,3.84126425,0.22099185,0.4172895,-1.70924449,4.35211372,-0.8432281,0.44731212,0.14055669,1.3220346,0.44598746,0.6746912,-0.05290776,0.01156271,-0.41432181,-0.48912644,1.72591686,-0.01974142,0.13274455,-0.82779986,0.05811399,-1.37394941,-1.5901351,-1.39772952,1.49708176,-0.09253596,-2.14938998,2.56551528,-0.45654142,-0.06362264,0.0205465,0.07823753,-0.70480061,0.03996927,-1.27613354,-1.09108949,0.42879415,0.40881819,-0.17145407,0.71638453,1.09941673,1.3628031,0.60199231,b'10'
1865,5.92415714,-12.13833714,-0.87831861,-6.08302021,3.8483386,4.08251667,-1.25251293,-1.60570073,-2.83709288,0.15529656,-0.85584998,-3.93017507,2.01870751,6.53380775,0.48570633,1.72598159,-0.04554582,1.26399446,-2.40290666,-1.90155423,1.99724913,-2.53977633,0.38051733,-0.37905979,-1.22003782,-0.7017855,1.29737806,-2.19234753,-1.4169631,0.28150702,-2.88313055,2.8444047,0.71979076,1.37937856,2.23430037,-1.4441458,-0.41021538,0.58595681,-0.09999585,-0.46169096,0.64604759,1.39446437,0.99758363,-1.89023185,-1.75176823,-0.39297557,-1.40168726,-1.3535378,2.04829121,-0.48005709,1.18874085,-1.03147626,-0.27646995,0.74376202,-1.72054839,-2.63610983,0.67890739,1.19449043,0.27163911,0.05819619,0.3140977,2.18492866,1.13007355,-0.93588865,b'10'
1866,9.63188171,-5.04216814,-0.5179643,-7.83960867,2.69278955,5.14472389,-5.40489197,-0.58595991,-1.56512499,-1.38447404,-2.77685976,0.17223287,3.40877843,5.37264156,1.34006619,3.49655199,-0.34496152,-0.76163256,0.47349602,0.32774687,1.65722978,1.40057993,4.95485592,2.01343012,2.36137867,0.79624206,1.23141706,0.52295303,-0.74176598,-2.23855543,-1.89211047,1.0345211,0.46346104,-2.03949881,-0.99476039,-2.92558193,-1.10591424,-2.73904943,-1.43678653,0.4668141,0.17492306,0.20530388,-0.71481788,-1.30671597,-1.4396342,-1.213714,-1.07447886,-0.02887893,0.5039416,0.06187576,0.55714422,-0.1270377,0.18828011,-1.41822791,-0.54648751,-0.09778166,0.44417715,0.23272185,0.3415367,-0.56071478,0.31376404,0.8748309,-0.09568667,-1.65904498,b'10'
1867,-1.13397777,-8.06292057,0.4642871,4.3728466,11.31886196,-1.72028661,-4.64454174,0.30741012,-3.52763414,0.01386613,-0.66967416,0.79193854,-3.55634928,3.26876831,0.70398593,-4.34440231,1.00341749,1.69113135,-3.63891816,1.12338948,-1.60312891,-3.50439978,-0.81743133,-2.64987898,0.94943297,0.15632045,2.54557753,-1.26092815,-0.70237494,0.64527333,-0.30019772,-2.71464038,0.66507995,-1.7702508,0.7155202,0.74432325,-2.68469572,2.0595026,0.17383969,2.45923829,-0.98533362,-0.7344057,-0.93975335,-1.41732728,-0.91113532,0.12430161,0.89246416,-2.28527665,-0.5328986,-1.47848976,1.82963181,-1.2409277,1.09048176,0.5551495,-0.43686122,-1.53709364,-2.33114719,0.54297411,0.39359611,0.21150029,-0.75444865,-0.13049841,0.38885319,-0.69471574,b'10'
1868,-1.30605221,-7.87865067,4.19103527,4.1733675,13.96572304,-0.2615658,-1.98621321,2.47243857,-1.82787275,-3.63089395,-0.21025252,3.9420867,-1.18242621,2.45086765,-1.52070284,-2.07733297,0.32855296,2.5734818,-3.36891985,0.97912431,-1.29164886,-1.39948869,-0.46506575,-1.31067634,1.3097018,-1.84689307,0.39744735,-0.68591404,-1.71557522,1.34320366,-1.48082817,-1.78692198,0.10363237,-2.88452005,1.21298003,1.20097053,-1.0406816,2.20531416,-0.44198263,3.02553415,-1.50617146,-1.49367285,0.25942877,-3.09177685,-1.46386993,0.53294814,0.29058576,-0.98889518,-0.68240023,-1.01451492,0.82222635,-0.95283079,0.89353013,0.09414876,-1.10555696,-0.65719157,0.68478489,-0.22586517,-0.59454423,0.13768148,2.05743074,1.57867956,1.70798957,0.87068588,b'10'
1869,6.52192545,-12.7063446,1.85868979,-1.48037755,5.71013069,-0.68150449,-2.03882647,-1.59453034,-5.51362753,-2.13815498,2.09385657,0.8646729,4.22813702,5.94286251,-0.59733152,-2.23178864,-0.04433084,1.05817866,-1.60333467,-0.11127019,-0.58672255,-3.03153276,-2.37645626,-0.25164604,1.4953016,0.17579474,0.26228964,-1.76213622,0.75960946,-2.05228806,-1.94585049,-0.06343293,1.39810836,-2.42391109,1.70183563,-3.93686461,0.7072854,-0.00973868,-2.00690079,-0.03398386,-0.07580316,0.78192335,-2.72443151,0.18045941,0.08991194,-1.68447924,-0.78287697,-2.27158809,-0.09954198,-0.0585019,-0.35149753,0.41943985,-0.21937084,0.40494156,0.3193199,-1.98453581,0.61961532,-0.30633032,-0.08405012,-0.028813,1.01600373,1.01916862,0.44443941,0.38714978,b'10'
1870,0.98969424,-4.67968369,11.26683807,5.32771826,8.02729893,-1.59908986,-0.28902817,-2.53205419,-5.28571272,-4.46410704,-0.89027929,5.69131088,3.26327968,-2.24179912,-0.36261272,-2.57873297,-1.6991601,0.46643913,-2.69994879,-0.01618457,-2.46318388,1.64609492,3.20429134,0.1573863,-2.25850058,2.49593329,1.17454362,-1.13060188,1.91378713,-0.44979835,-3.67934704,-0.94236457,1.32641459,-1.02853155,-0.08310723,-0.67655087,3.2071383,1.48043633,-1.28066027,-0.49600786,-0.05393815,1.69392574,1.54339397,-0.24630238,0.49998915,0.72862768,0.61468881,2.59473586,0.63757402,0.2118209,-0.86908507,1.51874757,-1.83605218,1.42757475,1.86092234,-0.94952512,-0.63696909,-1.28583539,-1.64516521,-0.43462169,-1.41912949,-0.95927668,0.08445883,-0.21737954,b'10'
1871,1.17903721,-12.35748005,2.86221147,5.24221373,10.13977051,0.67157161,-1.3956356,-0.91973495,-4.25291395,-3.61434054,-0.64137745,5.11957026,1.88937116,0.24152187,1.6819427,-2.81651831,-3.10045576,0.70080459,-3.84177041,-0.02030993,0.22751983,0.43526724,-0.56956494,-1.3638705,1.7205056,-0.44485295,-0.58378136,-1.57120883,-0.6510067,0.84198928,-3.00698185,-1.008268,1.38485277,-3.41736317,0.36289674,-0.2680178,0.28505754,2.11230469,0.06838131,3.56116223,0.92663789,-0.5621801,-2.45505285,-2.93166542,-1.77233088,-0.47801089,1.49105847,-2.17444539,-0.5491007,-1.93561006,0.82583082,-0.10824782,-0.51723099,-0.00266647,1.49245512,-0.61714512,0.22878718,0.56689984,-0.80617094,0.01734757,1.20527744,-0.02934924,0.12374169,-1.79519534,b'10'
1872,-0.70257145,1.60842896,4.97825241,3.16647029,11.67123318,0.60059547,-0.70397186,-2.07457757,-8.58179665,-1.85617661,-0.67891598,4.81610823,-0.58000565,4.06126642,1.10933375,2.85348511,2.99277139,1.54851818,-0.6049847,-1.23019242,-2.84945893,1.84955096,1.8340497,-0.05588126,2.18098164,-2.32473683,0.20702028,-0.79095984,1.35613537,-1.87571573,-0.28912628,1.54098654,-1.50699258,1.26467299,-0.05094588,1.71490717,0.89214706,-1.88936424,-1.1354655,0.12773263,-0.31730044,0.04876782,0.74851441,-0.32003671,0.19861108,1.52635729,0.28063983,-1.42957282,0.65439469,-0.42189199,-0.93145299,0.8061375,-0.1010406,0.27625084,1.46619034,0.55950427,0.26018047,-0.22099786,1.30567265,2.30111122,-0.14414845,-0.49407014,0.24476504,0.68494546,b'10'
1873,12.33122921,-3.31676435,4.06175184,-6.14032269,5.21156883,0.68254995,-3.9926424,3.54207706,-7.19656038,1.44300103,1.28236747,-0.02176595,2.12982512,3.26579666,-0.10313797,1.43360674,1.08316183,1.38415337,-1.20057285,-0.27924395,0.35135686,0.88877559,-1.84079349,-0.6279974,2.66987038,-0.96540731,-0.25899628,0.81467152,0.55627203,-0.76573205,-0.20789587,-0.01865864,-0.22230732,-1.40588188,-0.00795645,-0.3207154,-0.79263484,-0.51762658,-0.68796146,1.97722387,-0.64982343,-0.632303,-1.00973392,-0.92134976,1.56994283,0.43920356,0.01244448,-0.61204123,-1.29475212,-0.51315123,-1.27637815,1.12436152,1.00395966,-0.75318933,-0.49066228,1.21285772,0.75690532,-0.21922369,2.4234724,-0.36473209,-0.24846491,-0.23054211,-1.03023124,0.46808165,b'10'
1874,-0.86835611,-10.42720222,7.61760092,4.58550167,11.74283028,2.26437759,3.5669558,2.31967449,-0.75322151,-3.45525408,-0.96150446,7.53522301,3.56444931,2.49572158,1.61779022,-2.76274538,-2.3458848,3.06459975,-1.98262227,1.30508685,-1.64495397,1.19037223,-0.23339453,-2.43305063,0.70038068,-2.3327682,1.60808098,0.21315467,1.04712749,0.91545618,-2.99429464,1.16877723,0.3686071,-4.03382254,0.28253353,0.37981355,0.6533246,2.63612819,-1.73473179,1.85224938,-1.13028002,0.11911593,-1.5806787,-0.05296875,-1.27358449,-0.71150833,1.75844598,-1.52566934,2.62784648,-1.74141955,0.40368199,0.51001543,1.36261833,-0.0608331,1.25790858,-0.35745791,-0.42597628,-1.03590631,-0.35745645,-2.6216104,-0.91729069,1.04478955,0.52990425,-1.92131472,b'10'
1875,4.50436544,-9.0775013,0.14676395,1.69162273,6.50099039,2.17557836,-1.85048676,-4.07427025,-5.5902915,-0.43359783,0.10937643,-1.53137946,2.66442537,4.0009284,0.27915025,-5.92056513,0.93419123,1.25136471,-2.39501309,1.15878248,-1.170627,-2.63258719,-3.38062525,-1.59488678,2.68253088,-0.97064799,1.50703418,-2.3269496,-1.95871449,-0.53745687,-0.56744349,-0.19657373,1.63709009,-2.07139754,1.39668512,-1.51875532,-0.55112112,1.80950332,-2.3105402,-0.41096312,-1.2540102,-0.94096833,-0.48150611,-0.07843274,-1.39604652,0.15596649,0.54105049,-1.71496701,1.80801725,-2.33678961,0.18694486,-0.91554761,1.90051937,0.91178125,2.23214698,-1.8336184,-1.00929308,0.9129411,-0.35160416,0.23158431,0.16439854,0.11940116,0.59782457,-0.36158612,b'10'
1876,-2.86689401,-10.41233253,4.30849171,8.30729198,5.27598238,-3.44737029,-4.58326721,1.48033333,-1.91337299,3.14448214,-1.63346529,5.17349482,0.36696976,-0.58000416,-0.9533,-4.24572897,-5.62472439,0.07010055,-2.51778626,-4.19133377,2.47125316,-3.372365,4.22134495,3.66221094,-0.05239308,-2.32929206,-0.22307627,-2.68557692,-0.95026588,0.3402102,-3.12511635,0.1257751,-0.8718915,0.28978884,0.74715382,-0.14251843,-1.87310946,0.09379864,1.87336338,1.12425351,0.36248362,2.90283203,1.5888021,-0.20201524,0.05503798,-0.94215745,-1.08639944,0.06200433,-0.65563464,-0.18399459,-0.13248779,-1.04628932,0.33686137,0.54425752,-1.30545068,0.2700851,-0.24252772,0.96005195,0.00596279,-0.18730026,1.07925034,1.5314064,-0.06070518,0.63031554,b'10'
1877,-2.63953829,-9.93939209,2.95288491,2.27355552,10.97591591,3.21562481,-0.50428438,3.6703074,-1.50345898,-5.63312387,-4.58931065,4.19425011,-0.77738357,3.91450548,-0.06091118,0.50378215,3.62244868,3.69970965,-2.43588734,-1.18478656,0.24984802,-1.02247882,-0.06452993,-1.04357028,1.0969044,-3.58391809,-0.06857738,0.39169884,0.28770733,0.61254871,-3.96501446,0.5901103,-0.01436436,-2.77448297,1.936813,0.91365045,-1.4261061,1.09362364,-1.15891993,1.78121972,-0.09253311,-1.96111763,-1.84633851,-2.88943553,-2.33060789,-0.33032197,-0.18703584,-1.93633103,-0.07878408,-0.25659844,-0.9379226,-2.05097985,1.59255075,-1.12613821,-1.47499657,0.69645393,0.55011845,0.03554291,0.62730438,-0.66574883,0.05256571,1.1847229,2.03621912,0.09519354,b'10'
1878,11.66261387,-3.10033727,3.24732924,-4.00408649,3.16710997,0.43201309,-5.66637516,1.78141832,-9.12473106,-0.28441843,2.44893718,1.79802132,2.26371527,1.8111341,0.7576344,1.44394815,1.11113119,2.47199059,-2.69775486,-1.32588339,-0.86470258,-1.99690676,-0.09071139,-1.91310072,1.55298221,0.51661825,0.5483371,0.05803943,0.74402738,0.02327681,0.6328876,-1.1012907,0.37117338,-1.67931938,0.46468192,0.15220785,0.64552784,-0.94031602,-0.39528263,2.69159436,0.20310533,0.58184731,-0.6035493,-0.1707083,2.31806087,1.33416748,-1.10273385,-0.70608497,0.49695307,-0.07592219,0.37229908,-0.14736098,-0.85674191,-1.54974389,-0.48023814,-0.54186934,0.33838391,0.38778311,1.07953358,-0.70170712,-0.29616696,-0.16285416,-1.72061968,0.20184591,b'10'
1879,-1.30327582,-12.27867031,5.06211805,1.69365001,9.12795734,-1.08938336,1.7841779,5.83844376,-0.17656755,-5.64188957,-0.89001894,4.90686226,-1.67021084,3.80427337,-1.45056009,0.26025939,0.99447727,3.22055745,-0.51470327,0.32071257,-1.07697821,-2.31846833,-1.98370373,-1.33798146,2.41769171,-3.96876431,0.650473,1.1909008,-0.20228529,0.16793799,-3.15565205,1.14687419,0.25250316,-4.82935381,0.30309325,0.00380817,0.29757476,3.35955524,-2.74397993,1.11404097,0.13186967,-1.76872194,-2.603549,-1.67948568,-3.40606642,-0.23208949,0.55171317,-1.39861774,0.18994099,-1.26965976,-0.17916577,-1.21504402,1.19352567,1.33746588,0.00666046,-0.34125805,0.31952214,0.75966626,0.01825416,0.01092827,0.90863687,-0.41041973,0.64354241,-0.25476581,b'10'
1880,8.61304474,-9.38763046,3.52538705,-0.63956273,4.67825985,-0.59003234,-5.67388344,-0.75515175,-7.76018,1.23697138,3.33464193,4.86444807,3.77911401,4.07732248,0.93873525,0.31249225,-0.13467705,0.43112969,-0.1433368,0.302284,-2.35461116,-1.53824043,-2.30074954,-2.37846708,1.43493855,-0.83848858,-0.86209899,-0.00850701,-0.12522507,1.41427839,-0.99017084,-0.5588007,-0.5765056,-2.7466042,-1.36024666,-1.08936226,1.05623341,-2.13783479,-0.06802833,2.11524272,1.51978779,0.47554719,-0.06405623,0.23770405,0.87872672,0.42441827,0.46691895,-0.6786108,-1.97793651,-0.79905301,-0.85428405,2.16742706,-1.77613902,-1.22433686,0.22382969,-0.41926658,-0.05443144,-0.47795492,0.30651987,0.91298795,-0.62901789,2.19969177,-0.74744713,1.4030509,b'10'
1881,4.87549591,-11.22501087,3.11373448,4.37802935,9.10853291,-0.25495172,-2.04495335,-4.53691101,-3.43301821,-0.73250699,2.46693945,3.10940552,4.25226164,2.25935626,1.21584463,-4.47567654,-3.90480518,-0.02108181,-2.89413142,0.87573075,0.43189591,-1.09014606,0.16560721,-1.74563551,2.4527669,0.86975962,0.744784,-0.91904926,-1.31964254,-0.04532772,-2.00453472,0.5406189,0.32691324,-2.51533818,-0.18266535,-1.31931806,-0.85319936,2.2765255,-1.83008754,2.59329534,-0.11739981,1.08409333,-0.06834756,-1.0737282,-0.17439878,-1.17560172,1.04644537,-0.02922511,2.64166141,-0.82678998,0.36446577,-1.19328856,0.07611823,-0.71789193,1.41985142,-2.49407816,-0.03392744,0.26160061,-1.08150947,-1.34698188,-0.92844605,0.01943669,-0.11270863,-0.18466818,b'10'
1882,5.67062569,-8.68878365,-1.9080081,-8.09027863,2.93733978,5.68208504,-4.1486659,-0.62146366,-0.96898127,2.4696455,-2.7246356,-2.54940867,4.0912776,5.94873142,1.82829762,2.86233974,-0.93134505,0.38259578,-2.5460043,0.18656325,2.12646484,-0.29476184,4.18361664,1.35336447,-0.25748786,0.68832475,3.25708294,0.30639791,-2.91222715,0.68751895,-0.51919973,1.33300257,0.8141554,-0.12396091,-1.31988835,-0.40032735,-2.20083642,-0.46089,-0.3918184,1.84282303,1.21217155,0.4735347,0.94893217,-3.56732249,-1.20832002,1.23545456,-0.57279778,0.23267674,2.0439527,-1.2353878,2.223979,-2.08789206,0.24068522,-0.63110042,1.17808843,-2.0016582,0.4061749,0.43693918,0.02699101,-0.65046012,0.20863555,1.40675545,0.0405218,-2.334584,b'10'
1883,1.48448908,-8.87483597,3.95940995,8.46825886,9.52174854,1.37866545,-1.39614725,0.83831173,-1.82978201,-6.27080202,1.09281409,5.09192848,-1.43578053,-1.78136849,0.98420954,-1.06928277,-2.38976336,1.61837673,-5.31384468,-3.85390186,2.64801884,-3.83995104,-0.33772036,-1.00525498,0.84843826,-3.49747443,-3.84760571,-1.60545373,0.08490849,2.50683069,-3.32796621,-1.10557938,3.27608347,-1.14178276,0.30790663,1.20443416,0.38199878,3.27109027,0.29952228,2.30245376,-0.53351671,1.08161712,-0.77880245,-2.48192286,-0.76282299,-0.9284054,0.90665758,-1.37706995,0.41240114,-0.70169139,0.40197146,-0.70366621,-0.76109529,-0.27674794,-0.62971944,0.15896368,0.93532157,0.51744884,-1.7852602,-1.06482053,0.76686996,0.86410552,1.97522366,-1.93655729,b'10'
1884,10.80633354,4.41814709,2.77969646,3.04461527,-0.0956654,6.64787483,-3.74872398,3.37627125,10.46560478,-0.04173893,3.98689795,3.70337725,0.18615794,-4.68993759,0.91749668,1.67275655,-0.38061059,3.42888618,-2.74077153,0.74781036,-3.06969357,-4.71903992,-7.27239323,-0.57757306,-0.03707761,1.51620579,2.393857,1.26393986,0.04174757,1.14548028,2.60632658,3.3081708,0.64799011,2.50781322,1.06218243,-0.65904653,-1.73271275,-0.89029664,1.57481825,-0.47896418,-1.07367241,-0.28811473,1.12143505,1.43196714,0.32034612,-2.36174989,-0.3074578,1.07811129,0.30520952,-0.42871705,-0.12212701,1.80693364,1.31564307,-1.02544856,-1.22085238,0.3175739,-0.78731847,-0.63111967,-0.71287441,0.35305214,-0.72979057,0.0518463,-0.68921244,0.42376885,b'10'
1885,-2.04817796,-5.89104652,5.97980642,1.97562075,11.00641441,3.56185865,0.10141563,1.06076062,-4.32387495,-6.58162975,-3.74517965,-1.77045226,-1.62757397,4.77566528,0.03314018,1.68062258,1.7604537,0.77469897,-1.12183201,-3.36899281,0.48455244,1.41398871,3.85388517,-0.7993741,-0.63157231,-1.64980257,2.99760628,1.09112358,-1.35359764,-0.81466734,-2.21364117,1.68901825,-1.72893643,-1.95740652,0.63910997,-1.26646054,1.21020889,-0.69744712,-0.24452746,-0.89662671,-0.59473085,-0.41833758,-0.24347515,-1.67513478,-0.69688547,0.70704359,0.08146167,-2.27224994,1.24986625,0.36136544,-1.40536571,-0.64943266,-0.39914632,-0.90952802,0.08376747,-0.92057848,0.89084029,-1.11241484,1.2792542,-1.60403824,0.33047402,0.20632368,0.92641306,0.32179511,b'10'
1886,-1.82156301,-7.1124382,-0.15409446,7.19800568,10.17132092,0.87146258,-2.7780633,5.11468983,-2.76387978,-3.46657729,-2.63324451,1.78044081,-3.8424449,-0.48199686,0.11487675,-0.40890193,4.47427559,3.04509187,0.57497299,-1.35929644,0.6164487,-2.39186764,-1.80128396,2.20235062,4.70516682,-1.10139644,2.74300241,1.08061385,0.79088044,0.13384992,-1.27753437,1.5651927,-0.43384129,-1.44742179,-1.16560793,-1.22727478,-0.53677762,0.70607316,-1.2216295,0.94371259,-0.36308932,-0.98711234,-0.4693746,-0.97343063,0.90444857,-1.64427042,0.25825477,-1.40110636,-0.66062897,-0.44108808,0.00539239,-2.56377959,2.00150585,0.83737022,1.27822471,1.00328839,-0.94813371,-1.02401066,-0.67128772,-0.5507679,-0.18645756,0.10181046,-0.02113301,0.05945595,b'10'
1887,2.26429558,-10.17460823,-0.60032982,4.78234482,9.13786888,-3.45230031,-4.25750446,-2.17352366,-6.20037127,-4.28025532,0.94115794,0.42235017,-2.52863431,2.40688944,1.41066051,-0.3974824,-2.34883857,1.20339012,-2.56209946,-0.38722968,0.78126323,-3.09635735,-1.03612292,-1.58884966,0.92507553,-0.03305726,0.07092172,-0.6879431,-0.8466754,-0.67803812,-1.50904787,-0.61847043,1.14059341,-3.48818493,-1.34675884,-1.69338882,-0.19992805,0.89179617,0.56168985,2.07882357,-0.11675441,-0.27946782,0.15593456,-1.73321104,0.09561598,0.47315055,0.76547968,-1.26553512,1.17407727,-0.97392964,0.82866156,-1.36054814,1.14221966,0.02345765,-0.92122835,-0.53162003,1.10857213,0.63028759,-0.6012035,-0.07895255,-0.09920917,-0.65309596,1.15495396,-0.71419919,b'10'
1888,11.40388966,-4.50987816,2.59126282,-6.91010666,5.61031055,2.63620472,-4.33882236,2.31619167,-6.09464979,-1.2880497,1.19961631,0.40844607,2.25179648,5.40955162,-0.8333807,2.33305025,2.06215715,1.0509336,-1.3431716,-1.16918743,0.39797014,0.6025278,-1.50016475,-1.36460555,0.58015299,-0.60169691,0.71709061,1.9160924,0.06783772,0.03540719,-1.75811827,0.04007363,0.69116449,-1.09269452,0.90855616,-0.03553519,-0.30605888,-0.10492653,-0.30441701,2.99921417,-0.22666645,-0.58736867,-0.1812021,-0.67659777,0.17392093,-0.12005789,-1.2360934,-1.39006901,-0.2810654,-0.43454301,0.17575611,0.22559649,0.49640787,-0.07393456,0.10426766,-0.55207407,1.13543344,-0.26316446,1.57718444,-0.79203546,0.76329875,0.40192801,-0.52335405,-1.41067219,b'10'
1889,4.29637241,-8.00527191,-1.14537501,1.7543726,7.83796024,0.71318448,-3.22752237,-2.45520782,-6.77636194,-2.4554224,-1.45820045,-2.66592431,-0.29616821,4.05358839,0.40988445,-4.19822598,1.4868474,2.06979895,0.60803473,0.3829608,-0.95271301,-3.64357519,-0.62423241,-1.06253099,3.59088993,0.57414728,0.76800227,-1.28026664,0.08697081,-1.44584417,-1.78633702,-0.35159421,1.21849668,-1.88933206,0.18434942,0.95616734,-2.33763409,-0.67523772,-1.92066419,-0.90184581,-0.74941421,0.80573297,-1.09498286,-1.19124126,-1.18716204,1.87636614,0.43663257,-1.73101354,0.93727261,-0.69345617,0.39432973,-1.47962594,1.72332144,0.1108458,-0.04395992,0.58184958,0.12069678,1.19799757,0.16588056,0.37610126,0.59334236,0.23516291,0.41962099,0.07835397,b'10'
1890,6.23095989,-7.4033289,1.77856708,4.01226854,8.22265434,-1.52871037,-3.78147268,-3.65846276,-7.83687162,-3.12261677,0.04985261,-0.5454886,3.21752071,0.0124375,1.68497372,-2.75848389,-1.2200563,0.79680073,-3.47589517,-0.5226115,0.6708765,-1.26050806,0.42881858,-0.18967795,0.71786773,0.24050453,0.50046617,-1.38825262,-0.16060162,-0.76685405,-2.24662495,-0.76323307,1.85024321,-1.29249954,-1.85305357,-2.36969399,0.8857522,2.25006151,-1.31743944,2.16910315,-0.97736329,0.21983597,0.47175807,-2.3695488,0.20258284,-0.16332747,0.05062369,-0.47301793,-0.51592726,-0.71641469,-0.07757987,0.38851726,1.07734227,0.30694306,-0.16724962,-1.36876094,-0.0042696,-0.25470519,-0.71915448,-0.25878906,0.87943619,0.3139376,0.91821527,0.57611018,b'10'
1891,9.03286552,-5.77608204,-0.02709758,1.86970401,6.83871794,-0.55924439,-4.69488811,-1.76717687,-8.76066971,-1.22061181,0.70527029,0.6406548,4.24095249,-1.33067107,1.00678301,-1.16799498,-1.60393059,0.57212222,-1.72286177,-0.16475034,0.9279201,-0.31132287,0.42164084,-0.48616433,2.55236673,0.35948047,0.51065391,-1.34414351,-0.61201143,-1.06828523,-3.12149715,0.08632207,1.28390682,-0.39416689,-1.71527433,-0.84608483,-0.20664597,2.33986235,-0.14735675,2.2324295,-1.10385609,0.34111619,0.22667225,-2.24650073,-0.51587796,-0.06039107,-1.13215971,-0.94327092,0.14635268,-0.42538738,0.16372076,-0.29192007,1.26481164,-0.72884059,0.46907076,-2.39417267,-0.65109444,0.2676242,-1.14441359,0.0899626,-1.45535469,1.18090868,1.01851332,-0.43958864,b'10'
1892,11.25163364,-5.95969105,5.3672452,-0.84194517,3.71164894,-0.07346249,-1.14563513,1.65825915,-5.05081606,0.69673502,3.0393157,0.09688282,8.30646133,-1.41865528,-0.15848255,-3.8921175,0.0985142,1.55835819,-2.83189559,-0.61947179,-0.41233701,-3.43100977,0.12053594,1.97405052,1.83190691,-2.46773434,0.52619374,-2.43231297,-0.86451483,-0.37365127,0.51349056,0.70331287,2.47284079,-1.26786518,-0.18268585,-1.76336586,1.24486136,1.42289162,-0.31338394,1.16100895,0.51607549,-0.24187888,0.34940016,-2.0130353,0.83631086,-0.4780193,-0.50370347,1.34969425,1.75477505,-1.6329664,-0.71762949,0.79441214,0.62531579,-0.2067914,0.20761198,-1.14204228,1.8956275,0.00647411,-1.05016267,-1.20690036,0.99743658,0.0079115,0.76397073,0.04036858,b'10'
1893,7.97970152,-11.9173584,2.75199199,1.72572351,2.1455307,-2.26362705,-2.03116846,-2.32148957,-6.3392663,-0.80376744,3.63646364,1.90159369,5.38522816,1.25048304,1.98172379,-3.43923521,-5.36300278,-1.25061619,-2.28894711,0.18495703,1.27666926,-3.13480639,1.20978248,1.29427147,-0.60149544,0.0512118,0.67542684,-2.71078634,-0.90087271,-0.61999464,-2.47992849,-0.29098082,1.49437344,-2.04217935,-0.97794676,-1.08122098,2.75239587,1.4792223,-0.43638003,1.88688278,0.83575702,2.58411884,0.55475104,0.5002116,-0.17545688,-0.5346967,-0.5005759,-0.48104215,1.76348281,-1.03986108,0.27366737,0.1401206,0.28403115,1.35111213,1.16000724,-1.42796946,0.18697572,-0.38254541,-1.88007379,0.8196162,-0.39686218,1.10067105,1.97032702,-1.09424984,b'10'
1894,8.87394333,-7.46731234,-2.03828001,1.84113312,5.24454355,-1.69233251,-6.23996067,0.12478101,-7.92981863,0.20969623,3.10901308,0.05736423,3.13474727,0.54493064,3.58759928,-0.77995801,-1.28496861,1.43657112,-2.2876153,-0.86629462,-0.74037516,-3.63730335,0.00635418,-1.15001869,1.95651782,0.8608228,0.74624968,-1.32332647,-0.57805204,0.95007849,-0.55429566,-0.23198891,1.36137879,-2.17469573,-1.18776464,-0.72620642,-0.58267236,1.9545033,-0.99374807,1.63150048,0.80127931,1.02922833,0.12406178,-0.60354394,-1.409073,0.79808897,0.00209849,-1.49873328,0.7899785,-1.03539002,0.87692112,-0.7213167,0.04331589,-1.84575176,-1.03280139,-0.87032163,-0.66966677,1.89429092,-1.90838766,-0.46764314,0.10159002,1.67708969,0.82001841,-0.09437514,b'10'
1895,4.48748541,-6.6104641,-0.02165276,0.11942557,10.72487545,1.45996797,-1.88172865,-4.93397617,-6.5733695,3.12497067,0.13244748,-0.72892165,2.07211876,6.60798025,1.63611698,-0.99360299,2.3287642,-0.40955448,-2.28470659,1.49422359,-1.74844813,-0.24970692,-0.21968892,-1.6114372,0.88383245,1.00023472,0.27669376,0.21842051,1.15729976,-0.74333084,-0.64755785,0.16811824,0.65021068,0.12580812,-0.25934279,-2.32950592,-0.44358206,2.02286887,-1.92772329,0.558496,-0.46799183,-0.60256916,-1.11511028,-1.18919778,0.09035647,-0.56111413,-0.35981512,-0.72264314,1.05109787,-0.59662384,-0.17625378,-1.23999178,2.55671453,-0.02656317,0.75128794,-1.45949936,-1.46922636,0.12585786,1.01530194,1.25993311,1.05881119,-0.14668134,0.43572879,0.69565266,b'10'
1896,-1.06881952,-10.07922363,3.88413048,6.77281332,7.94037724,-1.99028444,-2.88797617,-0.59603143,-4.90104914,1.2144413,-2.54984188,4.13046026,1.11668026,1.39095199,-0.23316193,-4.89016008,-3.74135971,1.16457748,-1.86709476,-0.31479073,-0.96913648,-2.66064334,1.89906085,3.59613276,1.41084445,-0.31062406,2.51466417,-0.67770612,-0.39334965,0.08117807,-0.30044568,-1.00901496,-1.39205122,-2.56775999,-3.90564895,0.19888774,-0.60110927,-1.67287493,-0.6334666,0.08912194,0.45180321,1.18472099,2.01124024,0.35133243,1.22259998,0.53287768,-0.46416783,0.98765504,0.0964089,-0.67802554,0.26898542,-0.05062377,1.34954524,0.4261142,-0.73257595,1.22161138,0.73249507,-0.92976141,-1.63455558,1.24888289,-0.73121375,0.17487586,0.01190633,-0.06105853,b'10'
1897,9.27809525,-6.29050827,2.86147141,-4.43025923,7.63463974,1.29597569,-2.0989871,0.7694937,-5.63680315,0.58887064,2.0715065,-1.15478778,4.51699543,5.97887564,1.29903293,-0.4686017,3.21996188,2.52389121,-0.46362138,0.9332974,-2.70220423,-0.80521494,-1.89257419,-0.71739817,2.433218,-0.71237928,-1.05541658,-1.44897449,-0.67746162,0.36127782,-0.61500514,0.14911318,1.97162759,-2.17742944,0.91386878,0.44650954,0.42051506,-0.04788524,-0.97711194,0.59374642,0.35633755,-0.72717941,0.04144164,-0.43113911,0.42943352,0.59711689,-0.18958162,-2.76271033,-0.41159734,-1.66926336,-0.80669355,-0.09835386,1.45374858,0.29484725,-0.25122625,-0.06929398,1.53652549,0.27727222,0.65387779,-0.60541642,1.94142008,1.37921572,-0.50530398,0.13962069,b'10'
1898,8.97832775,-6.76646996,1.07159615,2.79751277,6.12553978,-0.82340598,-2.71405935,-0.78409553,-6.1585927,-0.58847469,-0.48706269,-1.02758574,5.67437983,-2.06062889,2.01817822,-3.67986345,-0.80299807,0.46051228,-2.52632165,0.33576751,-0.68899667,-4.96777821,0.00712439,-0.30555201,1.35064816,-0.52798301,-0.3744244,-1.82305169,-1.42434835,0.05192566,-1.08722627,0.44174409,2.36354661,-0.12752098,-1.47777534,-0.78190482,1.16327095,1.43822658,-0.69489276,2.38473773,0.55442524,0.24222142,1.47204351,-3.81433773,-2.08535147,1.18345606,-0.13106774,-0.67248654,0.06632245,-0.60915917,0.76724267,-0.60324705,2.00449538,-1.47498178,1.28074789,-1.95735061,0.97239888,0.51990932,0.53520185,-0.27072513,0.61437225,-0.19850422,0.13752526,0.38011041,b'10'
1899,3.96348047,-9.77375889,1.45638824,5.11046648,5.57493591,-1.48365664,-4.4876318,-2.64547062,-5.67946196,3.11355042,1.05142438,1.57587314,3.53586364,2.94159174,1.03246212,-5.16926908,-2.5599699,-0.48578292,-0.86678171,0.14917517,-1.47695374,-5.36399651,0.07484441,-0.55313611,1.22511971,0.09060442,1.84293234,-1.14881563,-0.9532733,-0.76626652,-0.39258873,-1.08757746,0.59272051,-3.61638737,-2.49474931,0.45397881,1.14036417,-1.31425667,-0.49191201,0.8605758,1.43594885,1.17473662,1.3755939,-1.24991751,-1.7005285,0.69841665,0.16836278,0.15723825,1.17494988,-0.03892815,0.66389179,0.70206445,1.44168937,-0.21034086,0.36365718,0.50463855,0.09142685,-0.34978586,-0.22490299,0.86734223,-0.8515017,-0.27721584,0.49044228,0.54204333,b'10'
1900,7.67150354,-7.35560846,4.05171394,3.24404454,0.63175988,-0.46770823,-3.76574326,-3.43511605,-3.35355997,4.3997736,1.96703303,2.63073015,9.39139175,2.64233446,0.94515038,-4.09810066,-0.73040497,1.9576602,-4.27699757,-2.50400782,-1.92637348,-2.71766281,1.38471282,1.73134279,-0.91921538,-1.77843058,0.69808233,-3.40439296,-2.53319502,-2.092803,-1.3311125,1.63643599,2.13215566,0.73718935,0.94175249,-0.69155109,0.83091378,-2.75117946,-0.64597166,2.38602734,0.75246906,1.26524758,0.43658638,-0.07617714,0.38895798,0.11428872,-1.1680156,0.61063802,1.78643346,0.01741636,-1.27465057,0.53224695,0.73931873,-0.49618149,-1.20384574,0.53996992,-0.23922276,0.36525673,0.75392503,-0.5322538,1.75813627,0.29252684,0.05024278,0.53871185,b'10'
1901,8.66511631,-6.17241621,-0.90190095,0.59615552,5.09462786,0.0853548,-4.6336441,-0.16994381,-8.62464523,0.299191,0.62314868,-1.42641091,5.1602726,0.71205223,1.04315543,-2.65592527,-0.30908096,0.97332704,-2.43873072,1.06650138,-0.95390868,-2.29454231,-1.45774221,-1.2554636,3.11462927,-0.50784808,1.39813221,-0.75630665,-1.31579542,0.85856998,-0.88145435,-0.07188892,1.48075306,-1.06395006,-0.72620142,-1.19786513,-0.36421514,0.80888546,-0.3169595,1.94817209,-0.58072799,0.53826106,0.26790553,-2.23024154,-0.6003474,0.69650376,-0.56894875,-0.05767488,1.27528811,-1.3603611,0.87939483,-0.98148882,1.56337047,-1.11075354,1.3456893,-3.17964244,-1.13127661,-0.05769689,0.11572433,-0.17760873,0.18845986,2.19540906,0.92256093,-1.07341182,b'10'
1902,5.01480389,-9.67252636,-0.09958881,3.80067325,7.88999081,-1.93838191,-3.01467514,-1.5728178,-5.32459211,-3.30697846,-1.57953548,1.06324363,2.52276063,-1.68399024,1.68417788,-4.25305128,-1.19628811,1.14895701,-3.74008822,2.24845076,0.40890306,-3.28719187,-1.57248604,-0.97788656,-0.76856804,-0.39446169,-0.64881641,-1.48602271,-1.77163076,0.29806197,-1.48689091,-0.43622255,2.39378619,-2.07064652,-2.38837123,0.22960259,-0.27350783,2.47523665,-1.59009564,3.63098979,-0.98163521,-1.37090242,1.00249863,-2.17928481,-1.814937,0.20207864,0.76518261,-1.71972919,-0.79585499,-1.42719364,0.88395846,0.31333888,2.37444758,-0.53112316,1.82534242,-1.57825732,0.61322069,0.4637928,-0.11517176,0.5351454,-0.13779846,-0.58847249,0.99464667,-0.37486169,b'10'
1903,11.28339863,-5.96582413,5.6256566,-6.12022924,2.46105051,1.69002843,-1.82769489,4.15987015,-4.22135878,0.1591596,0.18731737,0.46723461,0.86876434,5.36288643,-1.31839466,2.07692528,-0.04715872,3.46966195,-3.98919964,1.61363125,-2.42339373,0.87187004,-4.02330446,-1.00694478,2.71212101,0.99933273,-0.70330703,1.0401113,0.12659121,-0.97284549,-1.29999459,0.1010921,1.10138226,-2.35782743,-0.06778657,-1.88755357,-0.42949033,0.37204415,-2.03241825,0.49073577,-1.27430713,0.28666961,1.02070665,-0.21339297,1.31909454,-0.93217111,-0.0709001,-1.01309967,0.03222057,0.18438298,0.54535925,-0.06760007,0.45942211,-0.69979811,0.66071367,-0.78031653,1.49957442,0.14928359,1.45479059,-1.18879342,1.0681994,-0.22534423,0.63332689,0.32897034,b'10'
1904,8.07051182,-7.86120272,0.18472815,0.55894256,2.56285048,-0.62469363,-5.33649826,-0.41263247,-8.76534843,0.63095355,2.54380369,0.89876294,3.33606505,2.2280364,1.16965103,-0.70682764,-0.76074445,1.69347596,-3.53248262,-0.2799437,-0.89837193,-5.05457211,-1.02157378,-1.24662006,1.76590383,-0.25182694,1.85185373,-1.30131686,0.03510332,0.90213728,0.07524228,-0.90136862,1.22973621,-2.93262529,-1.55688334,-1.54519045,1.65604711,1.18535471,-0.65453041,1.4639008,0.06019783,1.57373726,0.45231676,-1.28406,-0.74186397,0.68467212,-0.99009347,0.03976274,0.84791714,-0.18957606,0.86778492,-0.97205913,0.40611959,-1.10023332,-1.17359018,-2.72249603,-0.13129592,0.27734852,-0.91310585,1.17665851,0.34532243,1.6820755,1.567191,-1.25048852,b'10'
1905,-0.90993834,-10.21714973,-0.99085778,0.4951795,10.09576511,2.02110267,-3.22934294,-1.77124119,-0.63016415,-7.2132535,-2.8375082,2.10402107,-2.6228869,4.57902193,1.30500984,2.6500783,-0.74633849,2.71387863,-4.64455986,-1.99015474,4.50083876,-0.91262478,3.80769897,0.2635231,1.40877259,0.07347146,-0.50901699,-0.92433983,0.82245636,0.88972032,-3.58459091,0.99794674,1.01472294,0.27769077,0.25541127,1.02766776,-1.28403282,2.87974191,0.79719651,2.54791451,-0.32240397,1.74799562,-0.95039642,-2.87819791,-2.15037298,-0.48172778,0.96804202,-1.0809443,-0.05052981,-0.3236087,0.88254809,-0.94315434,-0.27758145,-0.98115659,-1.41294813,-0.74302983,0.7060585,0.1195062,-1.02067184,-1.77352643,1.28668606,-0.66066772,1.07688141,-1.86642265,b'10'
1906,0.61102295,-10.26734447,2.16519713,9.371665,8.71394634,-0.77616835,-3.53371048,0.18129218,-4.28215742,-3.44259477,0.15111089,4.92840099,-0.52919412,-3.13954496,1.96345949,-1.24142432,-3.1966815,0.70230174,-3.62867951,-1.76550579,1.35171461,-2.78118062,1.61270761,-0.88151979,0.48102796,-1.90978909,-1.25166261,-1.15590835,-0.83367491,1.81044662,-2.21223688,-0.73212993,2.34746647,-2.41352296,-1.15361476,-0.08030871,0.84234023,3.25602126,0.6000073,3.10394955,1.35922408,-0.36121053,0.03082615,-2.2597394,-2.00399303,-0.03017509,1.6939584,-1.25432134,0.32748991,-1.0306834,0.51173407,0.04861933,-0.89069319,-1.03521085,-0.12237018,-0.88013792,0.41411448,0.83416802,-0.8186729,-0.63449842,1.48512113,-0.07561168,1.2154969,-1.67637432,b'10'
1907,-2.73888087,-8.62185764,1.04022574,2.93523455,11.10349369,3.86581373,-0.04926443,0.73400605,-5.42499399,-3.7478013,-1.05208516,-1.27723908,-3.32536888,2.76267314,-0.45620012,-4.06368017,-0.06025219,3.2641871,1.25430179,-2.81442213,-0.20794316,0.9944663,-1.47904921,1.08506489,1.69568861,1.66580021,2.54345608,-1.45511389,0.38333702,-0.67123312,-1.33857405,2.5033946,0.64458191,-1.77948713,1.79958153,-1.06848741,-1.3769455,-0.0008328,-0.1879462,0.60389721,-2.39820194,1.02269125,-0.67712635,-2.7238214,-1.16997206,-0.36059165,0.19437918,-2.51663804,0.55041683,-1.62828004,0.31839421,-1.46824193,1.54524541,0.76250535,-0.16424197,-1.39994049,0.57316256,0.00491562,-0.00576097,1.19318569,0.56296188,1.79518175,-0.59495485,-0.4913834,b'10'
1908,7.81140661,-9.17048931,-4.84635067,-1.25888777,5.10390759,-1.00960541,-4.03540754,1.73285675,-5.68481398,-3.37785935,-1.5937562,-4.04028893,0.93071842,2.86537194,1.71979332,2.09441805,-0.85644364,1.35173917,-3.08201051,-0.326985,2.80348372,-1.03332829,-2.39658284,1.04702878,2.94393206,1.5352608,1.74536979,-0.24486625,-0.53581762,-0.2884922,-4.0248251,1.1108911,0.93652058,-0.2831884,-0.40337038,-1.12072563,-1.16678882,1.01039362,-0.42713225,1.38688481,-1.20219159,1.05548334,-0.21611913,-1.11866319,-0.77979875,-0.26770627,-0.04835181,-0.44104362,-1.45697451,0.05741394,1.4002372,0.5411706,0.04780531,1.03978634,-1.23990226,-0.85820508,0.22124195,-0.0376188,-1.22745299,0.19253743,0.08669598,1.07285118,1.28020132,-0.12386016,b'10'
1909,-2.56042314,-11.59748936,3.8193717,2.62261891,7.69270325,-1.82751393,1.2024591,0.61596644,1.68122625,-0.72410214,-3.89622259,2.40942383,-1.58885479,4.11833954,-2.99243975,-3.9408884,0.03324258,2.45435691,-5.62398624,-0.4996556,-0.68014926,-1.54686952,-4.56500673,-1.0505724,0.74520028,-1.02385318,0.32609081,-2.25293303,-3.12205362,-0.28126335,-3.48489618,-0.77216709,-0.59118086,-4.65502501,2.01848197,-0.23344198,-2.55281281,1.07866454,-1.4471885,1.68201923,-3.49767017,-1.82952774,-1.64275181,-2.04015803,-2.14221716,0.56021798,1.7482177,-0.52890706,-1.73606801,-1.20339608,0.8659941,-0.70286012,1.58227754,1.07679117,-0.7166329,-1.64514303,-1.55160427,0.03739262,-0.1539377,0.41046834,1.0638293,0.87018877,1.29577005,0.30906484,b'10'
1910,9.23494434,-3.48451591,-0.45703214,0.43577734,3.49823809,0.25082582,-5.89809704,-1.01402187,-9.54447746,-1.13239074,-0.45023108,-3.04202533,1.00598943,0.65079409,1.74915338,-0.78270054,0.82364249,2.1830852,-3.64523411,-0.93366051,0.82627141,-1.15206504,-0.88012505,-1.15222847,2.68449545,-0.30230552,1.40948796,-1.09855258,-1.12204313,-0.65903401,-0.1166631,-2.0633688,1.24862087,-1.26265407,-0.72540045,-1.3325783,-0.87243342,-0.50289816,-1.23353708,2.17263556,-1.82805085,0.17868751,-0.41134718,-1.03612316,1.51841164,0.25701916,-0.41148508,0.27138114,0.26419619,-0.50729495,1.38575208,0.29257429,1.09865057,-1.00446415,0.1546914,0.40429223,-1.19471288,0.34270275,0.63303012,0.7026428,-1.05324876,-0.13591966,0.86874628,-0.60640419,b'10'
1911,10.29588699,-3.47903204,0.17489827,2.20270658,5.82414293,-1.01304126,-3.06461906,-1.63996196,-6.60459471,0.99919653,0.52127218,2.3809123,6.97287178,-4.13447189,2.45784426,-2.23834133,-0.44911563,0.75114524,-1.83516073,-0.3590641,1.77340817,-4.44974613,1.58999968,1.81017923,1.38433993,-0.25618154,-0.55423993,-1.90463114,-0.56371164,0.00642097,-0.35362184,0.33302236,0.22393215,1.03690314,-1.21186996,-0.93256032,0.52510095,1.74746025,-0.73280323,1.06392872,0.98613143,0.79814696,1.25393176,-2.81389713,-2.41390657,0.64602125,-0.85977316,0.5786835,0.19463968,-0.11483639,0.09204368,-2.05008268,0.7257427,0.15331936,0.8317312,-1.83800149,0.34458947,0.34930813,0.7030322,-0.72594035,0.16708271,1.23555708,1.23943484,0.77989572,b'10'
1912,-0.64534885,-1.51943886,0.92523229,5.41344309,8.74011517,2.63338804,2.54759026,1.12587273,-4.63637781,-1.54254019,-0.82680345,9.12585449,-0.23124695,-1.80368555,4.03243208,-5.08508301,6.6594553,3.69048333,-0.15755115,1.19994569,-4.01549435,-2.69498158,-0.72837317,0.50276518,2.70597076,-4.06874132,1.22216594,1.01674819,1.90472794,2.56639576,-0.35885417,-2.67897654,1.23394871,-2.30921912,-3.20432639,2.18593073,0.78660321,0.28214735,-1.63095343,1.30593395,0.21941578,-0.99304169,-1.99256182,-0.24814443,0.13418478,-0.46168077,0.72820657,1.11105847,0.53078568,1.5499624,0.03145853,-1.48711228,0.28632641,-0.92226481,0.94761783,0.77464604,-0.35114551,1.43740284,-0.20691255,0.11704242,-1.0841403,-0.13983104,0.68830919,0.16482554,b'10'
1913,1.75854576,-9.55076408,4.55854225,5.75113344,9.53758335,0.10552537,-0.37639952,-1.97398019,-2.85248089,-1.64394093,-1.77896214,5.56496954,3.44961238,-1.33572638,1.12048388,-5.79226255,-3.91543126,1.66097498,-5.76754856,0.99847865,-2.14342904,-2.54298854,1.46219027,-0.38912296,-1.12209988,-1.41322541,0.99383247,-2.03670311,-3.28074694,1.88789809,-1.34673202,-1.3454138,0.83618557,-2.68264604,0.34579766,1.0948894,0.20822763,0.53704059,-0.40921128,3.26278281,-1.3509115,0.91098809,1.76773739,-2.25873542,0.07538593,0.27758461,-0.476771,0.31905627,0.86576253,-1.10125184,-0.06012155,-0.00053549,1.08321154,-0.16593587,0.1101231,-1.57700729,1.0532999,-0.24909292,-0.23225445,-0.00305307,-0.13029104,1.16541219,0.3145647,-0.88155216,b'10'
1914,-4.46168518,-7.19887638,6.15702486,8.292099,8.53055763,-1.94692183,-2.06495476,4.14893961,-1.4698267,1.98422408,-1.2430768,2.91637254,-1.73871946,0.53347421,-0.46678305,-3.8975811,-0.36986184,0.76274443,-4.56900501,0.62820292,0.7037394,-3.29475355,-0.83677387,1.07408142,3.40541267,-2.67844534,1.88100111,-0.48958319,-2.02422953,1.92192471,0.15758085,-3.115237,0.91932023,-3.19883108,-0.49777484,0.23675539,0.76075244,2.44400907,-1.6828078,1.98082685,0.76500297,-0.35693252,0.79274666,-3.19723511,0.71812135,0.33491242,0.21312916,1.12091351,-0.79415911,-1.27957821,1.3783958,-0.62661982,1.38585448,0.13638592,1.59778357,-1.28513122,0.17363453,-0.39775896,-0.08628911,2.16889906,0.58530635,-1.15680861,1.06943607,-0.61632735,b'10'
1915,-2.30717754,3.40095091,0.06367731,3.07521129,8.68254662,0.27801985,6.18834782,2.29712534,-3.4220376,-2.03093243,4.86309814,11.45933056,-1.76422954,0.93624586,4.39893007,-2.05672503,5.79221916,4.89922047,1.31122255,-0.04078054,-4.61203384,-3.59776354,2.52635145,-0.59303522,0.63797975,-3.9896524,-0.79868531,1.42029166,2.15727377,0.51295149,-1.56329906,0.0951786,-2.03077531,-3.6921401,0.82981968,1.96946537,-0.87092996,1.57820988,-1.17938006,1.5011797,-0.80529046,-0.69232702,-1.88056397,-1.49098778,-0.55984068,-0.60741985,2.41585422,0.05641985,3.3708837,-0.61418861,-0.48390377,-3.81313038,1.57432747,0.72838968,-0.26993793,0.9962436,1.72399867,1.32009423,-0.14070028,-0.75408554,-0.30540919,-0.54975086,1.48653138,-1.64875174,b'10'
1916,8.56699944,-9.47460651,2.04054236,-1.02359736,5.73269224,-1.42999673,0.71761918,-1.96085906,-5.43021917,-2.22707534,3.43253183,-0.79721475,6.38389206,1.71892369,2.5606041,-3.79277277,-3.98092508,2.0594058,-2.77990842,3.47813606,-0.17441483,-2.53796673,0.71597493,-0.51265383,1.82415569,2.06985116,1.74140871,-1.72231567,-1.36915445,0.66090357,-0.88317311,1.19823098,0.97797632,-1.46063375,0.52530372,-2.46623564,0.54481363,0.96488011,-2.53325462,1.12615991,-0.78578413,0.66569126,-0.19916497,-1.64655757,-0.0125072,-0.03610525,0.83026707,0.1294086,2.75739026,-1.20100355,1.8917681,-0.93604958,1.30355108,0.10364032,2.28515363,-2.33846426,1.0315032,0.82076883,-0.99609238,-1.38721311,0.26605809,1.16626692,-0.642093,-0.5044986,b'10'
1917,1.14155829,-6.35435581,-5.20399427,-3.84573054,7.24823475,7.26432323,-2.16589117,-2.31912637,0.42812204,1.67118001,-7.49856186,-1.34843755,-1.64735913,4.62518215,2.14497828,0.17044139,2.6992228,1.3923409,-3.77305675,1.00850582,-1.2583673,-2.8248775,3.94033289,0.23069978,-0.36988059,0.02391541,-0.20798479,1.21552682,-2.77117395,0.7996217,-1.13221776,-0.21201968,-0.61094856,0.78075743,-2.23797703,1.90723681,-2.28090286,-0.84241539,-0.54150665,0.38801879,-1.66264427,-0.10806145,-0.75137693,-2.19431806,-3.01679134,1.16032672,0.55727386,0.34226108,-1.49556351,-0.06034058,1.15910506,2.40615654,1.41165853,-0.85406828,1.10840809,-1.37703609,-0.75786352,0.19370764,-0.14857721,2.09335327,-0.55113328,0.1321556,1.19459403,-0.26152265,b'10'
1918,-1.37483037,-0.41516805,-0.55703276,4.35113907,12.63779449,-0.20969844,-0.93578196,-1.64889407,-5.7171073,-1.69926751,0.57002258,3.746557,-1.73693204,-0.57635826,-0.98621464,-1.13304663,6.85705853,1.33345699,-0.60856515,-0.06286263,-2.29883432,0.51913178,1.92629135,-0.43398905,0.89188397,-1.74122322,0.99976277,1.51214242,-0.96027708,0.82204914,0.67893267,-0.50545883,-0.48641223,0.19993782,-2.1457684,1.81861544,-0.47216105,0.18280649,0.05788934,-0.1856609,-1.24967802,-1.26350796,-0.1346802,-0.92500561,-0.09731972,-0.70333594,-0.46667683,-2.16134858,-0.06710315,0.46696603,-0.37988126,-3.10099125,0.75623393,-0.75315166,-0.60112613,1.7313695,-0.8319943,2.11496329,-0.38157594,-0.92706567,0.79177636,-0.21751305,0.6765554,0.40773341,b'10'
1919,-4.98100948,2.31489706,2.00653601,3.61470246,11.26778889,0.92065287,5.97596836,4.37943506,-2.66092777,0.16886681,3.38172531,7.23509741,-4.10781336,2.66663456,2.86492276,0.52604425,5.6718235,1.08728194,-1.17977822,1.22472906,-2.05802083,-1.38817,2.33405399,0.43598604,3.19528389,-2.55944991,-0.06039023,1.05763102,-0.0034709,1.55860031,-2.79787016,-0.15909052,-0.65085107,-3.33428144,2.05055213,3.11941791,-1.31185222,1.02946496,-0.94530189,2.69000387,-0.84928656,-1.57454991,-2.29299927,-2.83017516,0.25069416,1.71493983,1.85806024,-1.22831297,1.51980567,-0.24268752,-0.37253273,-0.64636111,0.87522042,0.06090975,0.3472032,1.50976467,0.22110558,1.04390931,-1.06497538,0.07236636,-0.56010318,0.43318176,0.89158583,-0.52244949,b'10'
1920,4.83491707,-11.80426121,2.56661987,2.64568949,4.61442137,-2.06138134,-0.6036787,-3.15564561,-3.01464701,-0.97411561,2.40893841,2.15517855,4.9226284,0.37323934,1.34086442,-6.74046516,-3.07938862,-0.11367989,-3.50251269,1.73954248,0.162181,-5.81808996,0.92772627,-1.13275027,-1.68079042,-1.17093933,1.4751488,-1.65565884,-2.79409933,-0.3735725,-1.36213338,1.40818977,1.11596775,-1.98193669,-0.88374782,-1.16691315,0.99214125,-0.37280327,-1.6023916,1.22074306,-0.18006325,0.86519563,1.0661937,-1.60752153,-1.15180933,-0.17247044,-0.28132087,-1.08730054,3.18856525,0.63759255,0.40962774,0.32359141,1.9670155,0.70264578,1.34274423,-2.11835909,0.46752739,-0.76401049,-0.31309903,0.0320816,-0.50198764,0.25232035,0.51006806,-1.30202925,b'10'
1921,-4.12995338,-5.16658735,5.46794653,2.86441922,14.99236393,2.04704738,2.93889976,5.02838707,-2.59630632,-3.97161627,1.79958272,2.36511827,1.08433843,5.12600613,-0.17451,-0.21905017,-0.54775763,0.90864706,-4.10300732,-2.08871245,-0.72990763,-1.45016122,0.49608529,0.13042998,1.00037479,-1.59726036,1.41312802,-0.37499118,2.55616975,1.95141041,-1.12395918,0.98997211,-0.49585557,0.45350659,1.06578898,-1.3132292,1.92271066,3.12040043,0.10905385,0.32332277,-0.81390852,0.5494439,0.6297881,-1.67136109,-2.39299202,0.49254578,0.67361957,-0.63607883,2.4824965,-1.22687495,1.40936971,-2.15625834,0.65622699,-1.1899159,-0.36369759,-1.88033843,0.527915,-0.84971035,0.32703793,-0.47636205,0.51757514,0.80044824,0.64736426,-0.14895365,b'10'
1922,10.03853512,-0.54377317,8.37440586,-4.84316444,2.90840292,1.26357841,1.6558075,-0.57789683,-5.12993002,3.26488519,1.86895454,1.90219879,6.18722725,2.37901545,-1.56625223,-1.671525,4.06037426,2.86491346,-2.63138938,2.75160074,-2.62613082,0.81003612,-0.75635648,-2.69809413,3.85774899,0.2545909,-0.57826787,-1.79997826,0.68080235,1.77080953,-0.13825715,-1.7402463,1.95168471,-1.77904534,1.22902679,-0.70198739,1.92506051,-0.38283354,-0.61401784,0.22091752,-1.05345452,-1.38394606,0.73959816,1.70869839,1.43663502,-0.77006328,3.07162261,0.32688904,1.16174316,-1.49029291,0.21971752,0.32563719,-0.80882096,-0.48506415,0.63769686,-1.65381658,0.70501757,-0.9123894,0.63084823,-1.31118631,-0.38327825,-0.0625574,0.07946992,-0.91283059,b'10'
1923,4.14626265,-10.04994965,0.6849798,2.63414311,11.37422848,-0.29020143,-1.99263763,-3.2723105,-5.52600813,-2.36225939,-0.03969407,0.49256873,-0.23197722,4.78126621,2.13626122,-0.40844655,-3.69188452,1.14587831,-1.39727092,1.00423932,-1.05236053,-0.10032058,-1.01800346,-1.18288684,2.28112173,1.73829734,-0.55129123,-0.87682474,-1.39583254,0.45864367,-1.89596164,-0.95304608,0.04509488,-2.45049882,-0.1226213,-0.2783688,-0.75401163,2.17871499,-0.26062202,1.70394397,-0.13430619,1.28768468,0.45790207,-2.24450278,-0.95739567,0.52878112,0.43788493,-2.14725184,-0.1966664,-2.0389452,0.34018794,-0.98913062,0.46837842,-0.23399734,-0.57975799,-0.99774873,1.50371993,0.45511442,0.1224193,-0.37875426,1.02789366,0.26249307,0.15708703,0.97437489,b'10'
1924,-2.67977428,-8.7088623,7.87228775,2.99485493,10.02414608,-2.47845602,1.40034652,8.68313217,0.93332767,-3.64900708,3.23876309,4.45624733,0.44072211,3.85944223,1.29107594,-0.88108063,-0.78031158,2.89976358,-4.65747643,1.24980688,0.77060485,-2.77202535,-2.17980409,-0.99024832,3.54369307,-4.92973661,0.84287965,-1.43916428,-0.99255896,3.16985464,0.2311554,-0.18290854,1.34228647,-4.37696409,2.1245265,0.88353992,0.42849445,1.30930948,-1.06553948,2.66377592,-0.09131169,1.17351067,-1.34911537,-2.14579773,-0.77914691,-0.95974225,1.70148754,-0.39347696,1.6631906,-0.20548368,0.6101411,-1.43149018,1.86777079,1.99075174,-0.34439129,-0.00477988,1.5489651,-0.13315287,0.17095643,-0.90074772,1.38619733,0.48658514,1.59726775,-1.35874629,b'10'
1925,-1.96276951,-8.29263973,3.3366456,7.51258421,7.78110123,-2.26348305,-4.75621033,0.03139853,-3.95511961,3.71061468,-1.9448266,4.03951979,-0.975425,1.45880747,0.18331623,-4.83456659,-1.65643728,0.719841,-1.21632123,0.5809989,-0.50693214,-4.3156352,1.21767998,1.19117594,2.58191299,-1.35061669,2.77845144,-0.32840788,-1.64876461,0.26350725,0.54402041,-1.54012096,-0.33087194,-1.90306139,-1.56320882,1.26528347,-1.20910585,-0.01362437,-0.63950551,2.70719981,0.05033481,0.36130708,1.1993103,-2.09118056,1.5345428,0.5287832,0.34371328,0.751194,1.35817504,-1.39642096,0.82428676,0.44463608,1.68417668,-1.17776918,1.47417593,-0.58019763,-1.37807608,-0.04262881,-0.6947906,1.58827865,-1.0732249,-0.39022458,-0.0933333,-1.07605863,b'10'
1926,4.25370646,-9.80802631,2.02135062,1.64296746,2.80262995,-1.43231821,-1.99826336,-4.28048801,-5.88464975,1.21628809,1.29584384,1.09155154,4.88372231,4.67179585,-0.10316372,-6.03809357,-2.82369804,1.39364219,-2.14629412,1.56879926,-1.10468519,-3.29421425,-2.43181467,-0.44978023,0.83554065,-1.87524724,2.91696739,-2.06604409,-2.33691168,-0.71270943,0.23945379,-0.75507641,1.74140584,-3.05673885,-0.10450578,-0.82182968,1.33418512,-0.28464872,-1.97398555,-0.35311273,-0.6332804,1.15905404,0.60057658,-0.82878631,-0.37893867,1.73430467,-0.66176617,-0.4124496,2.75205374,-2.29171705,0.70047706,0.03909773,1.01349807,0.89418876,1.59178066,-2.40403914,-0.29548883,-0.39133775,-1.07354045,0.85522807,0.46020955,0.16619223,0.72563577,-0.5916028,b'10'
1927,-0.89263058,-7.38682032,-0.39128834,3.81230378,10.15887356,1.99945748,-3.74010801,-1.35031915,-6.27218676,-1.09993625,0.85194743,-0.78209853,-2.12263751,3.99417377,-1.94231415,-4.46763277,1.75900197,1.64410067,1.45731914,0.3990581,-1.58189964,-0.31731731,-3.29969788,-0.80816054,4.15939236,-0.09559673,1.33729279,-1.75313151,-0.7259202,-1.06149971,-1.23097932,-0.07464957,0.85155463,-0.5552575,-1.37087989,0.58423281,-0.35055351,-0.83266646,0.88326728,-1.18348372,-1.11418366,1.04212511,0.18027987,-0.68405622,-1.75398433,-1.65849245,0.68067825,-2.59564948,-1.62805271,-1.32764244,0.16026913,-0.97842968,1.64445424,0.58161521,1.01630235,0.03279018,-0.51019835,-0.59312892,0.46773988,-1.36007285,1.05470276,1.49008226,-0.46687475,-0.81796896,b'10'
1928,-0.28214002,-7.32782555,6.37958193,3.1832397,12.92215538,-0.28569233,0.12272859,-0.71534967,-5.25456095,-5.51916552,0.07690835,0.68338132,0.02291644,3.37856483,-0.2472229,-1.68708682,-2.599648,3.14512992,-2.57196116,-0.96560252,-3.19931126,2.35399127,2.27983594,0.19197965,0.84219515,1.22191525,1.63001764,-2.05103493,-0.83893633,-1.94887352,-0.99195087,-0.8447659,0.50089365,-2.18088031,2.5850997,-1.96126974,0.55637503,0.37782878,-0.90357649,0.5134418,-0.04784095,1.09778666,0.26555136,0.90681726,0.75951314,0.80430233,-0.52988392,-0.9917171,1.15275168,-1.14169395,0.15979452,1.18742776,-0.10024142,-0.39581752,0.65553886,0.38811219,0.54340267,0.88103491,-0.14436072,-2.62556124,1.40741968,1.34874487,-0.34049541,-0.09359456,b'10'
1929,1.69793856,-7.81459475,2.5911839,8.13190365,4.65312862,1.10426593,-4.70752811,-4.00481892,-6.11672258,2.71232438,-0.75520182,2.10461283,2.79489136,0.16529533,-0.56589508,-4.84623575,-0.6809485,-0.23160446,-3.16265488,-2.21350145,0.38015091,-4.3373723,3.1531198,2.46082544,-1.608356,-2.41784692,0.61924505,-4.13145351,-1.70490742,-0.12663263,-0.29590142,-1.068259,-0.08556022,0.16923338,-0.43240309,-1.59951699,-1.42524433,-0.20327324,1.39768493,-0.61450839,0.4427892,1.12625098,0.5125066,-0.39918011,-0.26909626,0.01165047,-0.5253821,-0.62340713,-0.47368667,0.17835593,-1.40483189,0.07229066,1.38296795,0.09591401,-1.93305159,1.19878411,-0.46306443,-1.98232687,1.58533168,1.11226165,-0.46249861,0.14478505,-0.26806724,0.88851422,b'10'
1930,3.58608484,-11.97902966,1.15739143,-0.10056938,8.05824947,-2.77731252,2.73281765,-3.65499139,-0.54241753,-3.16116738,-0.35774112,0.91387367,-0.35629308,5.71329308,1.49607515,-1.76687002,-1.67164433,2.0870862,-4.88176537,3.04279423,-1.82765627,-3.81415939,-2.89619708,-2.54973435,0.45619154,2.39225626,-0.45101368,-2.99534249,-2.57794285,-0.83447903,-2.4983592,0.55112386,0.73969626,-2.49952078,1.36121035,-2.06723857,-2.6760571,1.24634302,-1.68035352,2.5302825,-1.53781247,1.22613204,-0.56110978,-1.58517337,-2.21407986,1.44454634,1.12676072,-2.42492175,0.49543291,-1.49080658,2.14712214,-1.97585416,1.77391946,0.60690469,1.02415383,-0.70895958,-0.24991965,-0.3909744,1.01109791,0.02030957,0.44605076,2.0719533,-0.14312613,-0.82357377,b'10'
1931,9.24004173,-6.58911705,2.59669971,-2.04383397,0.22909105,-3.64408374,-1.2635169,-1.66458297,-6.63833284,-1.65247357,3.48442745,2.47341132,5.78266716,1.30166042,-1.21575117,-0.7309289,-1.66236508,4.50134945,-3.53283811,1.35633397,-0.20046274,-2.31242871,-1.44828248,0.45308685,-1.04117179,-1.53020668,-0.84399271,-2.46939898,-2.16432953,-3.9799428,0.48464811,0.96361971,3.54430699,-2.82813978,-0.86716723,0.7501598,2.0827229,-0.3195644,-2.47870111,-0.52034283,-1.4301132,-1.20165241,0.63360804,-1.72447264,-2.0196929,0.60703135,1.25221682,-1.42764306,-1.25217056,-0.85775417,0.56369352,0.0747357,-0.13356471,0.8721326,0.91342801,-0.40637714,1.04964948,-0.07393189,0.22913331,-0.02174735,1.03204846,0.74457783,1.88900793,0.75040805,b'10'
1932,5.79957485,-8.43141365,-0.94176382,-0.0064826,4.86282444,-0.78525996,-2.14435768,-0.99936748,-4.96476698,-3.647717,0.69067454,-2.91681409,1.3394382,4.07188749,1.09805512,-3.74641705,3.13072276,2.30311704,-1.21479058,0.34959459,-0.46100646,-6.65394449,-2.69316387,-1.2543323,2.2136631,-0.18668768,1.33436048,-1.76960385,-0.90430498,-0.06359434,-1.50687277,0.37099123,1.20462418,-1.20618749,0.41835642,-0.50064313,0.24170923,0.16208375,-2.49825907,0.18231803,-0.37419999,-0.21386813,-0.84273714,-2.18693137,-1.92634714,1.7720474,-0.16561069,-3.25107837,0.66868335,-1.17206097,-1.13820302,-2.30456519,2.93979645,1.19740593,0.52476728,-0.69396967,-0.46439528,0.80539781,-0.28717738,0.98031414,0.05051647,-0.34797281,-0.60717499,-1.16848588,b'10'
1933,10.78505802,-1.87311828,1.39026618,-2.77609038,4.22369719,2.96419716,-4.21788025,0.40310228,-8.1985569,1.86370373,4.41433954,1.49500179,2.2008841,3.40206957,1.96895194,-2.11605024,-1.23370731,2.13652921,-3.24738479,-1.59701061,-1.98451781,-1.85841775,-0.43910375,-1.25049388,3.60567522,1.19361746,1.84420884,-1.47690833,0.48252177,0.14240134,-1.20480454,-0.63633776,0.77015024,-1.79387617,-1.83436656,1.34518158,-0.59914792,0.87020946,-0.23731852,1.80859637,-0.43289191,2.48071146,-0.23287024,-0.73796928,-1.08634222,1.46640825,-2.71832204,-0.70906854,0.82169396,0.02171153,-0.15187399,-1.21608913,0.64978242,-0.20259416,-0.9229936,-1.02742863,0.08162117,-0.05758439,0.87397188,-0.69044417,0.45273346,1.59004712,-1.01296127,-1.71323586,b'10'
1934,1.95960128,-11.53864288,-4.54197025,-0.04895598,7.36789894,-1.13383126,-4.37782764,-2.09232569,-3.4115777,-5.4125576,-2.26406717,-0.79641795,-2.09190965,4.82762146,0.14622593,0.6961199,-0.38687694,1.90981412,-2.543854,-0.28549719,3.38799191,-3.91542816,0.66818571,-0.0509727,-0.08637875,-0.25330883,-0.50023502,-0.75688303,0.168648,-1.58280289,-2.67866468,1.02256274,-0.94909787,-0.69599026,0.50957048,-0.43247673,-2.24344397,0.14227283,0.54307389,1.16147423,-0.03231812,0.2758581,0.27223837,-2.09768629,-2.57694864,-0.72178322,0.5195505,-2.35984778,1.05687737,-0.02696842,0.24751072,-0.79986537,1.3445766,-1.18520212,-2.13021755,-1.11103463,-0.4148314,0.21882924,0.5205794,-0.18412578,-0.83903104,-1.46222138,0.53375757,0.09799523,b'10'
1935,10.75210476,-5.40025568,0.85326958,-5.50900984,4.41054106,1.03485775,-4.01240015,3.35365176,-6.18310595,-2.67491579,0.31361318,-2.01325965,1.32895076,5.71031094,0.52212238,1.0374831,-0.07754302,1.52494836,-3.03406525,-0.66438448,0.65323997,-2.05345106,-0.49812862,1.0334208,2.99021769,0.24123752,2.4660387,-0.6032306,1.1646595,0.63953996,-1.63900554,-0.65869093,-0.25709552,-0.67780644,1.25799263,-1.52319133,-2.08858514,0.06154811,-0.44189847,2.46336246,-0.52057028,1.40877891,0.43697214,-0.36728936,0.22708559,-0.31524044,-1.56018472,-0.3415277,1.16458297,-1.21057856,0.28562331,-2.21252894,-0.26306462,0.20782435,-0.30915803,-1.10965645,0.48023987,0.78595906,1.52381468,-0.19372112,0.78626829,0.21862286,-0.1247772,-1.42434454,b'10'
1936,-3.33706999,2.28375292,3.48274612,1.39385557,11.58873081,1.62984943,4.60184526,-3.6246388,-5.21687651,-0.49255815,-0.7375536,1.9648546,-1.52161479,4.5486002,2.01889324,2.89608455,5.41736603,1.08011651,-1.36326671,-0.63562119,-4.43090391,3.3130281,6.33520842,-1.11286747,0.43782222,-1.53994596,1.30880821,-0.7437011,0.21321392,-0.90742773,-2.86665773,-0.05539751,-1.03071737,-2.35516691,0.65396601,-1.44734609,1.59651017,-0.3544423,-0.90282905,-1.08336842,-0.07086504,0.63828731,0.2456883,0.08693248,0.99636495,1.7506963,0.75429386,-0.10720968,1.79445219,1.01755655,-0.82178473,-0.27979034,-0.76355577,0.41123223,0.47501194,0.82148159,-1.20547533,0.00996178,-0.17953551,-0.44891399,-0.26442167,-0.43320677,0.61722457,0.45606229,b'10'
1937,-0.17660272,-9.89749527,4.26562977,6.62625122,4.55555677,0.50414371,-3.45026636,-4.43733406,-3.35399675,3.75208378,-1.57727385,3.66039109,1.57581651,2.57820988,0.96346045,-5.66825247,-1.84467769,1.28694081,-3.14899516,-0.57060409,0.31501612,-5.18158388,3.85954738,1.12957621,0.59227037,-0.49904913,1.84239161,-3.35164642,-1.98901939,-0.21198118,-0.82524025,-0.63218808,0.89673769,-0.98410648,0.9243198,0.73914564,-1.20064402,1.10871458,0.47057056,1.84087992,0.2760663,1.5923692,1.42867172,-0.72464788,-0.78035641,0.9339602,-0.92361104,0.38028169,2.32794571,-0.16915318,-0.3087579,-2.74783587,1.73422003,0.0012486,-0.97671515,1.10977805,0.72188735,0.1859735,0.40122211,-0.1003992,-0.87435836,0.68341619,0.13106048,-0.55842519,b'10'
1938,1.67710388,-12.0291872,0.50220793,2.95720458,8.05736732,-3.91228366,-0.75121689,-3.28190684,-1.90628719,-5.28874445,-0.05733538,2.6299715,-0.84789109,4.07567501,0.20416999,-2.40855789,-1.5480696,0.98557556,-2.68140912,1.88850164,0.92550325,-3.09179211,-2.94379592,-0.9615469,1.29133511,-1.10625029,-0.81070483,-2.77060556,-1.62166357,-0.11544651,-2.78758049,-0.34436274,-0.36929631,-3.58942318,-0.74037004,-1.71695149,-2.044837,2.75191903,-2.35028076,2.96795154,-0.58437985,-0.0204439,0.19071136,-1.43867791,-2.16917372,-1.65328813,0.37797219,-1.04038024,-0.80037946,-1.64194417,-0.90932918,-1.22848189,1.16215849,1.87471712,2.24488878,-0.76105678,-0.20342207,-0.37078619,1.42206573,0.92338133,0.22598241,-1.33964717,0.56060696,-1.36415398,b'10'
1939,13.38737011,-0.24357986,9.61156178,-4.63639212,-0.92463368,0.21982372,-3.68850327,4.34935045,-0.29987812,-4.87141609,1.31843328,4.62410545,0.83941114,-4.8182373,-1.0271492,-0.21374321,-0.62451077,1.05283523,-1.76772332,1.00745535,2.94429159,-3.62704325,1.97933245,-1.92514098,0.7420342,-2.05904007,-0.24733594,-2.32115769,1.58716702,2.27287483,-1.83331311,-0.54285526,2.48029542,1.26107109,-1.35096884,1.77940023,0.65727735,1.20329106,1.21448469,0.1520015,0.5356667,1.02802491,1.06206977,0.08138478,-1.25398099,-1.54905784,-0.11486678,1.18752527,-0.2806474,-0.905747,0.56344539,1.13229537,-1.32012248,-1.71701074,1.88132381,-0.3170774,0.66355801,0.44295853,-1.74698591,0.01288545,-0.77602488,-0.40549508,1.64590108,1.79267144,b'10'
1940,1.01644862,-9.70704269,3.96341348,4.58800507,11.52000046,1.44649196,0.78466558,-0.71442342,-1.79150915,-6.97950697,-1.61505365,4.17735338,-0.28171504,2.39708781,0.50841331,-1.4485755,-1.07878137,3.47517085,-6.0448494,-0.16048241,-0.02655014,-1.48566699,-1.91457951,-0.96004307,2.8150754,-1.53097081,-0.9665916,-1.52050352,0.06836367,-0.13792986,-3.21002197,-0.36764598,2.07924294,-2.8959825,1.3289907,0.11445314,0.88002062,1.98406816,-1.58315074,3.05256629,-0.90332055,0.30605388,-0.74246234,-2.03393221,-0.12304366,-1.02119553,0.17323127,-1.72082925,0.5891192,-0.50651193,0.58279151,-1.30533576,1.40414643,0.54236901,0.0857954,-1.03133857,0.95639098,-0.43542266,-1.16138685,-0.67054063,1.00299203,0.94466656,1.50016582,-1.6477741,b'10'
1941,-1.15006721,-7.21838188,-3.52464294,1.03169286,7.58524132,4.85391617,-3.57793093,-2.32491159,-1.440938,-6.08819628,-2.42002487,0.51479101,-0.35007203,3.89032173,-2.40562153,-3.57062674,2.84376311,3.32441068,-4.75557613,-2.17373824,4.29973269,-2.19402909,-1.05695617,2.14985657,2.55974197,-1.12845111,0.76948774,-1.01059818,-2.85241699,-0.28138554,0.00542438,-0.0650754,-1.10073566,0.69771671,0.99065411,3.19017529,-2.12498832,0.29470962,0.53213453,-0.67897969,0.0295167,0.53959262,-0.08121164,-1.89653718,-1.91916478,-1.45183647,0.45936903,-2.48503852,-0.42576155,-0.86350566,0.29856703,-1.97356939,1.76057696,-0.16357076,0.15862674,0.06514037,-0.10495138,-0.92952859,0.83074707,-1.36868095,0.56233686,0.35121524,0.65008378,-0.78907496,b'10'
1942,4.82820559,-11.06780243,1.37944603,2.94058728,6.67123079,-1.01255918,-3.60825729,-3.4825995,-5.62887239,0.27243227,1.4069798,4.29985809,3.24831676,1.88350952,3.400105,-2.91752863,-3.38027191,1.45869136,-1.92267287,2.28551912,0.41636819,-2.18196893,1.02446663,-1.47103035,2.19060135,2.0084517,1.38334405,-1.8901825,-1.05648708,1.13388097,-1.801211,-1.0852679,1.25303364,-2.90173125,-1.35366011,1.11548769,0.44352674,1.36586118,1.23834419,2.94865155,1.05022073,2.66818547,1.28378987,-2.42971134,-0.25228333,0.98583245,-0.21173684,-1.27412629,0.794321,-2.19006109,0.85189492,-1.5003314,1.00504076,0.36697006,0.47517559,-1.23868525,0.58440804,0.15642071,-0.05748731,-0.9008925,-0.88020271,0.5134657,1.06782949,0.60728788,b'10'
1943,0.12053192,-10.59391022,2.93595886,3.86223912,9.11041641,1.02654684,1.33971334,-3.62240815,-1.12481022,-0.82221597,-0.58917356,3.39730263,0.74450809,4.3908391,0.7096951,-3.4527669,-1.76883924,4.09803677,-7.46850967,2.75236988,-2.60463691,-2.33801699,-3.13752007,-3.59094667,1.85766661,1.73963821,0.40058756,-3.02599216,-1.60078478,1.38583553,-0.68880308,-2.08003783,1.74257421,-4.48662758,0.68122351,-0.19604746,0.44901586,1.57598341,-0.8074218,1.40575993,-2.30141711,1.21269917,-1.43485796,-1.35624492,-1.70352829,-0.32748455,1.79397798,-0.68058467,-0.80439526,-2.02554369,1.43510258,0.24374133,1.85818636,0.39830184,0.76346678,-1.31113195,-0.34005833,-0.01786049,0.36008501,-0.3341229,0.31721318,-0.22865808,0.77261066,-1.061185,b'10'
1944,11.13990688,-6.61535883,5.62855005,-5.369874,0.66111803,0.39833683,-0.70980835,3.55152154,-6.37341261,-1.61814225,3.02200937,1.00122786,2.83648539,2.28165913,-3.05840921,-0.84416246,-3.33703279,2.26003575,-5.51189232,0.66433096,-2.98222709,-1.50401068,-3.77070713,-0.60526633,0.79815412,-0.63120848,-0.21289298,-0.93632513,-1.1553669,-2.19825649,0.5352453,0.66479969,0.79016864,-2.50147295,-0.3211031,-0.97466075,2.02930188,-0.4227168,-0.87750089,0.93641484,-0.47469968,0.7634443,1.63815069,0.2597574,1.4710077,0.05007982,-0.05455099,-0.91163874,-0.60048866,-0.46875432,0.85909027,1.10340583,0.79423773,-1.06010771,1.67481828,-1.19824982,0.71577358,0.13309821,1.28494883,-0.17007113,0.11697339,-0.96816289,-0.52129865,-0.0203113,b'10'
1945,-2.83873439,1.11432028,1.91235137,2.63926601,9.10330582,2.11569262,6.82711458,2.43686628,-2.54380894,-0.878016,2.59179425,10.10838795,0.54431134,5.19107866,4.12610435,-1.57566261,4.90390301,4.2034359,-0.64352465,1.89979124,-5.99423838,-1.25140929,3.39391756,0.40987921,1.42360842,-3.55889368,0.02857569,2.60137343,2.39684463,-0.59281826,-2.37754869,0.17932367,-0.93807036,-3.90304804,1.18028605,2.00072527,-1.34468722,0.99380398,-0.96884191,1.71462035,0.8255409,-0.7503171,-1.70476794,-2.29647589,-0.29972661,-0.04643992,1.71102631,0.87441814,2.19626331,-0.79675007,-0.10513185,-2.97615457,1.86959231,0.49642146,0.87276512,1.05209267,1.01574767,-0.11289781,-1.07029164,0.14764547,-1.21328986,-1.02939606,1.09346962,-1.28236127,b'10'
1946,1.39807236,-9.33354759,5.49934721,4.76846075,12.75340271,0.65206504,-0.54306316,2.4517746,-2.18812513,-2.19932604,-0.5186317,6.28830433,1.89028597,1.14722657,-0.53332472,-2.90683699,-0.4631412,1.41065717,-2.03751564,-0.45986521,-2.86275005,-0.36726671,-1.58949864,-2.30746889,-0.27928737,-1.80371916,0.20920354,1.56261516,-1.26154423,1.13611448,-3.40061569,-0.56302261,0.68355244,-5.02255392,-0.78741705,1.43750453,-0.19539452,0.72467673,0.12784779,2.25577188,-1.77662373,-2.27540278,-2.01791382,-3.20404315,-1.07168376,0.89806437,0.33855128,-0.85145688,-0.44755489,-0.57066774,-0.13273112,-0.80794406,0.56399977,0.42788225,0.66266334,-0.40932083,-0.25308394,-0.04400332,-1.0666455,-0.94749409,0.39349222,0.94144791,0.32252991,-1.38102853,b'10'
1947,0.39151943,-10.20552826,2.4901588,0.75763083,11.86723423,3.68636656,0.44617176,1.48610878,-1.49686766,-7.6014967,-3.25093126,4.95257807,-1.82316089,4.74413252,2.27511811,2.66571188,0.141505,3.25034976,-3.13688827,-1.26215553,1.7245636,0.33844137,0.26147494,-1.1393882,1.76109135,-2.2504437,-1.8979696,1.1601212,0.53991389,0.80668449,-2.8956871,0.25248647,1.09435534,-3.03408575,0.55486441,3.07285762,-0.19566774,2.66785169,-0.37388456,2.45493174,0.38282013,0.86744225,-2.9648478,-2.56172299,-1.15251839,-0.22663575,-0.13365482,-2.15283847,1.21237707,0.82840621,-0.33585,-0.64076734,-0.24432278,0.17200279,0.12237674,-0.18252587,1.30665147,-0.15479876,-0.77204394,0.44603038,0.4259758,0.31888705,2.27472544,-1.95052385,b'10'
1948,11.81517887,-7.17218494,5.44595146,-7.00352907,3.60307741,3.20731926,-1.58994961,4.01643324,-4.02167559,-1.68450737,1.50326526,-0.82415748,1.74629378,4.67135811,-1.89856005,1.15107632,0.30773473,1.18011498,-1.55790198,-0.11004949,-0.19540562,1.98660922,-1.81023896,-0.46859241,0.89146686,-0.212075,0.10352868,0.34025943,-0.42768764,-0.23828012,-3.04727316,0.76354647,0.62529874,-0.71133381,1.93499708,-2.54145694,-0.88075566,1.54886723,-1.13078964,0.81238055,-1.72317052,-0.03190124,0.71289337,0.93191308,0.44530308,-1.38530791,0.14507353,-2.55401301,1.19386625,-0.07838368,-0.30438095,-0.0807488,-0.23917961,0.05177903,-0.58037108,-0.71334988,1.62617469,0.5510577,0.10696942,-2.0505147,1.32313347,-0.20393626,0.24077928,-0.53503805,b'10'
1949,2.50861883,-12.52193642,-1.03802395,3.70766568,12.69701767,1.01400661,-2.44713783,0.88213933,-2.43977737,-1.86983454,-3.00460339,3.61363673,-2.31536007,0.69910485,2.33929205,0.22563243,-0.35958958,0.02679408,0.54562348,0.45746803,0.21680337,0.69810379,-1.18629479,-2.66261744,0.65609431,-0.35264286,-1.62478495,1.20718169,-1.05054283,2.31473637,-3.73285151,-0.47713304,1.00419414,-3.34144306,0.53086662,1.01416183,-1.74733853,1.56388354,-0.07076454,2.2135129,-0.22932315,-1.74826312,-2.77646804,-0.30298692,-0.81442928,-1.69485831,1.18297958,-2.26910949,-2.02685094,-1.0607481,-0.52478558,1.48441958,1.08814359,0.74107879,-0.68172389,0.27723527,-0.35844421,1.28307378,-0.34528822,-0.32298845,0.1213568,0.55451143,-0.42066157,-0.31553495,b'10'
1950,10.57633781,-4.00911427,-0.94031078,-1.91695309,6.29121685,0.82704157,-4.41853046,-0.87750995,-6.41244555,-2.43949771,-0.09940267,-0.99612212,1.13333678,4.40315962,3.09564638,0.15234077,-0.98757917,1.15111995,-3.55387187,0.2287004,1.6852231,-2.66389298,-1.27795565,-0.80158663,3.43860197,-0.14314443,1.78846824,-0.75437188,-0.03116322,0.72381127,-1.19458163,-1.49272788,0.12221996,-0.76336461,0.26369029,-0.42698625,-1.39744771,0.50374854,-0.85240757,3.89814353,-0.89197981,0.87465656,1.07806027,-1.78428674,-0.42022514,1.5463469,-1.63546383,0.62396264,2.29258108,-0.99079812,0.58688915,-1.99478126,-0.01911998,-0.39666188,-0.14494699,-1.94504809,-0.32948971,0.05769692,0.74825579,-0.06789756,-0.48946154,0.85985547,0.94386864,-1.46822476,b'10'
1951,2.56212616,-10.49647331,0.03740519,-0.10770065,4.93407488,0.97504085,-4.60783958,-3.70799899,-6.17142725,0.82094085,-1.6904335,-1.09461474,-0.16574204,8.66253185,-0.42891407,-0.28600311,2.48560309,2.01814318,-0.70602858,-1.97862935,0.80392689,-1.8584559,-0.82509351,-1.30369222,1.00478613,0.89680022,0.475779,0.10485137,-0.21695185,-1.37502766,-1.81296003,0.78794312,0.29523247,-0.55184323,0.78980631,-0.13558641,-1.641505,-2.23663139,1.28639293,0.62540746,-1.59915471,-1.91293776,-2.3352387,-1.46801543,0.37846375,1.49606133,1.47251821,-2.25430036,0.1920051,-0.03155649,-0.44479722,-0.72783172,0.78543627,0.89542472,-1.49638247,2.2247498,-0.14551926,-0.04601696,1.28208685,0.05378461,-0.40308681,0.06171852,0.83148003,0.5866462,b'10'
1952,7.97984648,-11.41141415,0.21128842,-2.90465951,-0.5295611,0.42986184,-3.44734859,-0.13079548,-7.43962622,1.94745135,-1.66434908,1.53591084,4.76342392,2.68244553,1.11817837,-0.72673059,-2.8364253,2.47014451,-5.42090797,-0.18766069,1.76926899,-4.10021496,1.5962677,1.98988724,-0.04188222,1.20926881,1.29103708,-2.22568464,1.81807303,-1.42212319,-0.50444472,1.03085685,0.50045621,-1.04443884,1.17941725,-0.58029985,-2.456e-05,0.55441344,0.5476464,2.29921675,0.50382602,2.07778263,-0.09786825,-0.5042637,-0.3538506,0.12919939,-2.53088903,-1.33017707,0.17304549,-0.24382561,1.41697919,-1.87824512,0.18461156,-0.00862682,-1.89369941,-1.2786305,0.70151472,0.19144687,0.08809435,-0.72215271,-0.61805099,1.92858481,0.66197455,-1.62011194,b'10'
1953,4.08481932,-7.4554863,0.36028105,-1.75219405,9.54828835,1.48756611,1.91903734,-2.83175659,-2.26326084,-6.25079536,-5.70427799,0.6537509,2.2042408,3.32995057,0.58521485,-3.3529048,0.55555511,3.81552243,-6.772048,0.54946375,0.74150413,-1.90106153,-1.93006098,0.86837721,-0.00190169,0.67302424,-1.21410072,-1.95652986,-0.67094851,-0.80527246,-3.23257446,-0.85741234,0.25039905,-0.08096331,2.29901314,1.39793313,-1.02449417,-0.24211866,-2.20437765,2.10069036,-3.38509917,-1.90311182,-0.19348849,-2.88400126,-1.60089576,0.63140565,0.34206769,-1.35413241,-0.53656721,-1.23403454,-0.07163076,0.18270832,2.05085278,1.20722175,-0.03892457,-1.21468639,0.74585271,-0.0308388,0.18230891,0.18319476,-0.08711546,0.78748029,0.34278607,-0.12239826,b'10'
1954,1.93967545,-6.37698555,1.82414293,9.27178669,7.5903883,0.98763561,-3.26125097,0.29633743,-3.76150846,0.34995455,-2.72472906,9.60371685,1.80527103,-4.47187185,4.48121452,0.53571439,-1.06276274,2.92427182,-2.48883843,-1.3042804,-0.2771911,-3.21171618,3.1884129,0.57936549,-2.79382515,-3.38700962,-0.70099235,-1.59098983,-2.5284071,0.39515102,-1.78786838,0.64245296,0.41538739,-3.94210672,2.22302675,0.99995852,0.84882998,1.58229208,-1.44202578,3.17605281,-0.06101251,-1.45266283,-1.47309971,-2.55968451,-2.19639301,0.41344589,0.91224408,-0.98223305,1.07512093,0.54929054,-0.55359066,0.33782285,0.75051987,-0.568205,1.15932703,0.11358935,0.46675158,0.15780422,-0.46956867,0.17690182,1.0640111,0.53059703,0.08838552,-0.49763438,b'10'
1955,11.63617134,-3.38631368,1.35935807,-1.80778313,1.67237866,-1.30519366,-3.98918343,6.71143341,-6.83421946,0.05259481,1.23357391,-1.35874486,3.81983972,-3.1628418,-1.93300629,-2.55808163,-0.9254967,2.12535143,-1.21698165,-0.61002469,0.89153183,-4.07835674,-0.39980903,1.63834524,1.80606306,-3.52751184,0.88322496,-0.18183041,1.01802564,0.55359685,1.23449135,-0.25469851,0.78621948,-1.95719337,-1.7740171,0.37056601,-0.26989222,0.35897416,0.61337113,-0.7986806,-0.64678544,0.25277004,1.11943185,-0.66006041,0.60449296,0.17000297,-0.14099596,1.56436586,0.25859004,-0.23668599,1.01802552,0.71492219,1.02656972,-1.1435585,0.35008591,0.78506613,-0.07954764,1.04068208,-1.14896727,-0.76567835,0.70894408,-0.10096383,1.44015992,0.68548161,b'10'
1956,9.03577042,-6.87261915,0.83772427,-4.76254129,2.97164011,2.35013866,-4.99846172,-0.20607185,-6.61826563,-1.74532115,0.15987706,-0.01727724,1.43086982,8.13283157,0.05235791,0.64637387,1.82350993,1.56485939,-4.09622002,-1.81760657,0.41451836,-2.22450233,-1.92950475,0.03891802,2.7285161,-0.58512038,1.31909478,-1.25662017,0.6962328,-0.95542789,-1.85773075,-1.31121027,-0.40255421,-0.72364765,2.00098276,0.22328147,-1.09597349,-2.18550897,-0.59175384,2.15824199,0.03511512,1.13126624,-1.5787462,0.80282277,0.32463253,-0.65788502,-0.93169808,-1.25629878,-0.86061281,-0.05350173,0.21809942,-0.04391372,-0.23585176,1.03117955,-1.36052489,0.31666481,-0.52850556,-0.12716123,1.75488162,0.46355355,-0.12730581,1.33726788,-0.4462451,-0.75394028,b'10'
1957,3.38795614,-13.47800922,0.12416914,2.17106032,8.74752235,-2.3828249,-1.36034155,-2.04287791,-3.02117872,-4.77120781,-0.610075,1.94844854,-0.39039207,1.84728229,0.96917629,-2.28281832,-1.30324602,0.97754693,-3.20091677,2.28075075,-0.02521421,-2.45652747,-1.36896276,-2.62026405,0.77539003,1.50404882,-1.34844232,-0.13413423,-2.74296331,-0.53682446,-2.78759098,-0.91316867,1.33229721,-2.87851954,-0.4520725,-0.95157754,-1.74015617,3.31911278,-1.25964367,2.72026634,-0.75643969,-0.40204698,-0.62515926,-1.65646613,-1.98577774,0.42081326,1.2041899,-2.91887307,0.0572167,-0.94996017,0.77489609,-1.18842292,1.20603585,0.40089905,1.74376535,-1.74573064,0.55314231,0.65076882,0.53626162,0.86653066,-0.05118756,-0.0745661,1.46685231,-1.10565639,b'10'
1958,11.47818756,-7.25051832,2.50331521,-1.61293042,0.21981263,-0.48852098,-5.60830784,0.84397173,-8.43286133,-1.53566802,1.50611508,2.92819715,1.60396993,1.86582065,1.00538421,2.10510111,-0.40123057,2.04868293,-2.86891198,-0.32998133,0.11886648,-3.35263491,-1.28188944,-0.56096268,1.63004172,-0.08574298,0.17477512,-0.96470314,0.3622427,-1.03244901,-0.79224479,-2.05999899,1.45933414,-2.39550281,-0.86952019,-1.74284279,1.98695827,0.44969624,-1.53906906,3.54831481,0.19923353,0.97572577,-0.53537369,-0.16657287,2.11894894,0.01339915,-1.14500475,-0.21553349,-0.28132153,0.26740038,0.93740827,1.82685292,-0.78384304,-1.62717104,1.07430506,0.22381401,0.11792803,0.52431434,0.54291946,1.0077492,0.58608925,-0.23285,0.24448526,-1.08583963,b'10'
1959,4.50642204,-5.20344782,3.46170592,3.29965782,9.56259346,-1.13982391,-5.58384991,-5.22230816,-7.19142962,0.29586923,3.03830552,1.63057017,0.55259693,4.91520739,0.76321554,0.62061501,2.12694693,0.07257199,-1.06255746,-0.27921176,-0.34292078,-0.48461336,0.16953635,-2.51710725,1.56399333,-0.18892676,0.08347124,-0.35571754,-1.38071871,-1.06320536,-2.76507044,0.51948619,-0.65607846,-0.64708,-0.97402346,-2.41625285,0.64519882,-0.802504,-0.88894832,0.73699439,-1.61977804,-0.3732304,0.29790312,-1.49901652,0.5602017,1.17556691,1.29260194,-0.3347156,0.18871614,-0.75462788,-1.43838847,-0.06384301,1.26585281,-0.73409462,0.20541364,-0.78783554,-0.13132453,-1.89238131,2.48456216,0.75765502,-0.94667238,0.03454277,-0.20417136,1.69817483,b'10'
1960,11.52040863,-3.06682968,4.10360384,-4.48583031,2.94439983,0.32853997,-0.82180071,4.86097527,-4.82022524,-0.07824838,-0.04938793,-3.43158317,1.83659613,-0.9951908,-1.54752731,-4.25082874,-3.33857751,1.46799493,-1.15186119,-0.30700052,0.80546445,-1.36626458,-1.8420006,-0.08350062,4.77193069,-1.36795771,1.78456318,-2.83472204,-0.30411243,-1.00195444,-0.82656229,-0.71920812,-0.43129432,0.05588633,0.97419417,-2.5874598,-1.6434325,-0.75813466,-0.60474193,0.15423405,-1.44401741,0.02872239,-0.10432558,-2.65414548,0.01062322,-0.34355283,0.16716196,0.38945746,2.24910116,-1.64241767,1.98342156,-0.74224401,0.58909452,-1.34084582,1.27255821,-1.18112469,-0.36035609,1.35873401,-0.2531698,0.94652402,-0.54137641,0.73650962,0.32099271,-0.23119351,b'10'
1961,2.88877201,-9.47946835,-0.5206961,1.72878551,7.87253761,0.59346497,-5.09512901,-3.4227407,-5.20534849,-3.19843984,-0.15763831,-0.37623954,-1.0522387,6.62507057,0.29598832,0.29626691,-0.00766683,0.71701491,-3.87510538,-2.03339982,4.28705215,-2.98370838,-0.68460393,-0.07428193,3.56045341,0.10303268,-1.05454326,-0.70456856,1.34188867,-1.45174313,-3.30088902,-0.83895969,-0.15955839,-1.08059692,0.93650419,-1.60695541,-1.55825293,0.33488756,0.87951559,2.00268435,0.08450627,0.42099351,-0.49499345,-3.11593342,-0.22784448,-0.14092463,0.15421593,-0.19377017,1.43446779,-0.29978213,0.0318401,-2.90810251,-0.52692461,0.21583354,-1.14828229,-0.77347398,1.04798222,-0.13940357,0.64656025,0.04257536,-0.41604593,0.28528631,1.95088589,-0.40171388,b'10'
1962,7.2575345,-8.60925293,3.54328299,5.03999329,5.53192425,-1.7095046,-5.49553108,-4.22360325,-6.77418089,0.06135559,4.30968666,4.49053526,3.94448876,1.01752234,1.63825011,-1.27788305,-1.88552999,-0.28866518,-1.84392869,-1.46166182,1.40857744,-3.54618168,2.4375,-0.47488713,0.75147069,-0.97621936,-0.08043444,-2.10688949,0.5229497,-0.66831654,-2.16088676,-0.06224847,1.80648732,-1.27808046,-1.60642076,-1.9185251,1.17302465,2.15660191,1.06885886,2.20313978,-0.04875493,2.92630839,-1.15968394,-0.82177621,0.42395175,-0.11437064,-0.25781286,0.99178672,1.25405717,1.02451015,-0.81333411,-0.49895608,0.09442616,0.75835758,0.0312975,-0.75221288,0.25051713,-0.97727811,-0.35737333,-0.38400537,-0.42507699,0.1286419,1.65550768,-0.16330913,b'10'
1963,10.25499439,-7.45718431,-4.09614134,3.11996293,4.53615856,-1.2276597,-5.76799965,0.66989899,-5.29665613,-3.11691809,0.12602615,-1.92031169,3.09455156,-2.2414,1.99792838,-0.44059873,-0.10581851,2.15379095,-1.15206051,0.75681067,2.11647749,-1.31138468,-1.01678956,-2.28117228,2.71051264,-0.36553174,-0.49655581,0.59786141,-0.06458139,0.09861743,-1.53054416,0.83036733,1.33140469,-0.47445101,-1.5678916,-0.12706032,-0.82062995,3.05795503,-0.40651762,3.47999835,-0.23556703,0.76325995,-1.20809376,-2.17187834,-0.83709884,-0.12343204,-1.36003876,-1.16232157,-0.16834386,-1.73518944,1.36370146,0.29041293,-0.37887192,-0.51860809,1.17579186,-1.1832974,-0.17971301,0.36933839,-0.73907536,-0.79347783,-0.85300076,0.03411689,0.21474075,-0.54460722,b'10'
1964,8.19576454,-8.84490967,0.50605834,0.28838596,5.3594265,-1.37359738,-3.72832823,-1.40023708,-7.30727339,-2.565938,3.36781502,-1.71309876,3.65387535,3.1873498,2.49104834,-2.96639395,-0.37708235,1.5825069,-2.26246262,-0.29009831,-0.93923664,-4.14714003,-0.71754479,-1.46646941,2.6044507,0.13066682,1.17475879,-1.52174735,-1.14413881,0.6952213,-0.47547662,-0.39835548,1.65719342,-2.14795947,-0.45232451,-1.42161167,0.1976037,1.44143486,-2.02375746,0.58857608,0.76166999,0.8195504,-0.65166682,-1.07930732,0.04685366,1.42728412,-0.23551784,-1.45489049,1.15756106,-1.06521153,0.25893107,-1.60197616,0.69042838,0.23822176,0.28896219,-0.44883475,-0.33626509,1.42016995,-1.17516339,-0.09097344,1.50863159,1.52883601,0.66506267,-0.01959119,b'10'
1965,11.27298641,-9.04877663,1.35236144,-4.72028875,3.41784716,0.69736433,-2.04715443,1.62395084,-7.36221933,-1.74776459,-0.71200418,-0.6494472,3.10401273,4.05570793,-0.21947193,0.28187621,0.00229299,1.84823251,-0.89530045,-0.25842166,0.74731177,-1.40983009,-2.51097894,1.35392237,3.00353241,-0.08771963,0.5105468,0.42421067,1.2838726,-1.81963968,-1.97826827,0.21887183,1.58224809,-1.32547545,0.05868828,-1.38765228,-0.13838482,0.39569813,-1.6944927,0.02502382,-1.25907147,-0.4084819,-1.98992372,0.07782148,0.33292139,0.02700579,-0.93144643,-1.77165008,-2.12958837,-0.12548906,0.34185714,0.36230874,0.09937644,1.35517526,-0.11065191,-0.36418995,0.17491865,0.94909275,0.29084343,-0.05793297,0.08239429,0.76569635,-0.53710711,-1.68145025,b'10'
1966,11.70047855,-1.34782708,6.30948973,-5.69713449,3.02098799,0.51612848,-5.06923485,4.94779873,-3.98613405,-3.34299278,1.33069682,0.52883649,1.29516006,2.72231436,-1.77326393,0.39531076,2.94455934,1.95430636,-4.10688019,0.11250496,0.42597044,-1.13664174,-2.55790281,-0.38176179,2.26407862,-2.11937428,0.46560723,-0.42515349,-0.31344795,-0.96379894,-1.45333922,-1.3833003,0.57351071,-0.16058892,1.64498305,-0.12136176,-0.12534189,-0.30836791,0.14278865,3.22476912,0.74789953,-0.87479216,2.33609366,-1.13765895,1.2342416,0.23068541,-0.29249465,0.28416252,0.08916089,-0.80016071,-0.41751063,-0.04776835,-0.19155812,0.58229631,0.92674637,-0.33946598,0.40706515,-1.14538741,0.68781894,-0.65681803,-0.12658091,-0.26775873,0.78894424,1.66815233,b'10'
1967,-1.42677927,-6.14499474,2.82642365,2.03836966,10.39559269,1.50217354,-3.34128523,-1.93110824,-4.93545961,0.8647393,-0.17088103,-1.17881131,-4.39540386,7.7466526,-0.67652845,-1.29072237,2.82369113,2.04066157,-1.57238114,-0.26296401,-1.69599223,-0.56579214,1.14704478,-0.22014952,2.69633436,1.78621268,2.01113224,-1.55628204,-0.27802324,-3.19085789,-2.6265626,-1.10081375,0.98588723,-1.01039839,1.25697207,-1.35524356,-1.57263887,0.08893359,1.76999164,-0.26710001,-1.34701037,-0.02363707,-0.51136231,-1.80570769,-0.36123598,0.68246126,0.07810864,-1.67685628,-0.34508619,-0.54880911,0.25946283,-0.50612807,1.52008045,1.09525943,-0.65896362,-1.02552366,-0.83978391,-0.56992781,0.75511199,0.07069623,-0.27683923,1.00825167,0.2217536,-1.48494935,b'10'
1968,3.60680676,-9.5902977,1.08990085,4.58229971,11.4659586,-0.19289398,-2.63843679,-1.45966291,-3.66171312,-5.86882734,-0.37338829,2.22381687,0.22832072,-0.20641801,1.07708549,-2.7405448,-0.95631969,1.01402998,-4.22149372,-0.48058355,1.00786018,-1.70706916,-0.88627267,-1.80283809,0.98005056,-0.11917956,-1.3833077,-1.32833934,-1.22860575,0.20088649,-4.40431881,-1.08310473,1.54015017,-1.41482472,0.12006652,0.61558008,-0.61440182,2.40814638,-0.60746706,2.62534833,-0.8919158,-0.54963946,-0.8134048,-2.61833167,-0.59838271,0.35031503,0.62952852,-2.41189551,-0.645913,-1.08005905,1.21432543,-0.94622612,0.77593338,-0.66598153,-0.05593807,-1.10821068,0.62523413,0.80347019,-0.44887206,-0.1301626,1.23613298,0.29528546,0.97483933,-0.65936643,b'10'
1969,9.24041271,-9.0822525,0.12380427,1.87158918,4.40104675,-1.94649243,-3.57898855,-1.78016043,-8.14552879,-1.81564271,-0.04609108,1.25649285,3.85912156,-1.74411678,2.62609625,-2.79648876,-4.62448406,0.95722497,-2.05800319,0.94813347,1.1687696,-3.38224936,1.39513004,1.40454578,0.35651636,-0.70742863,-0.83809984,-2.16685104,0.3289268,-0.77703542,-0.28425038,-0.56616855,1.81209242,-1.35473657,-2.12460685,-0.03944191,0.24817657,2.6236136,0.00373769,2.04308534,0.25346601,1.35513079,0.98323417,-0.85142738,-1.49611032,-0.00897756,-0.7759124,0.24639201,0.291136,-0.56247306,-0.20366435,-0.0441097,-0.39932513,-0.45888019,1.15390098,-1.50531554,-0.72210813,0.91866326,-1.29357588,0.08068347,-0.63261569,0.62333375,0.70949531,0.51787037,b'10'
1970,7.31047583,-9.85243225,1.20927072,-1.1311276,3.2400713,4.09465218,0.17273688,-3.32368731,-3.62188387,0.65981853,-1.01631141,-0.82082486,2.78074932,7.61440277,-1.25068474,-0.21718955,-0.50941074,2.99182677,-2.69429469,1.90431547,-0.32917309,-1.7938509,-4.58083916,-1.60408485,2.61217594,0.17062636,-0.34357357,-2.43244457,-0.30204916,-1.12877631,-2.72394371,0.68945265,-0.70896351,-0.90777403,1.94914889,-0.81217897,0.38729668,0.36956203,-1.18777406,0.43646705,-2.11495876,-0.61417282,-0.42402929,-1.49634445,-1.94092309,0.1186254,-0.19869129,-3.492028,1.38970518,-1.62146878,1.15204644,-1.84038186,1.07321739,0.0156368,-0.76288241,-3.2075386,-1.65525627,0.28490543,-0.52101552,-0.78926075,1.81005979,1.22114301,2.56229305,-0.39448234,b'10'
1971,9.50757122,-9.22262764,-3.71498823,-3.85337281,4.33525229,-0.50134969,-1.72720385,-0.18316758,-5.04813147,-4.36743259,-1.79902411,-2.17695689,0.40231818,5.82332611,1.38673091,1.65113068,-0.94831443,0.83160269,-0.23155853,0.77481031,1.61236453,-2.97662735,-2.0326755,1.67695808,2.85227346,-0.62684673,0.71143222,1.54880786,-0.94675064,-1.76296115,-2.52813673,1.40878201,0.00172191,-2.40746522,0.2263428,-0.52167678,-0.68678439,-0.89841348,-0.89037168,0.95179391,-0.43957007,1.80518079,-0.96512347,-1.1008482,-1.54297507,0.47104406,-1.04570758,-0.35670543,0.70376348,0.26701009,0.2288626,-0.08403778,0.65525484,2.04141068,0.01988953,-1.05913126,0.17342567,0.49786329,-1.52415991,0.66337252,-0.18952878,1.47894979,-0.39346755,-0.51118189,b'10'
1972,0.69901526,-10.48781013,5.46414137,6.42166996,9.80269432,-0.12181818,-0.15607357,-1.82390189,-1.96993685,-3.63826752,0.07544684,4.59825277,1.57599187,-0.62299299,-0.0349822,-5.39567566,-2.99391079,1.62760925,-3.12553573,1.49840975,-0.12523891,-1.52670622,-0.0022983,-1.19040906,0.89269805,-2.10578156,1.57944524,-1.69246817,-2.46440601,1.47564662,-2.58370733,-0.25706244,2.21804404,-2.40943074,0.2122488,-0.72996354,0.20438385,1.87044477,-0.89130199,2.71407604,-1.53966868,-0.07337885,0.71578491,-2.93843198,-0.26371038,-0.71564448,1.5567615,-0.59639335,0.61457604,-2.33026552,1.21943557,1.67452323,1.78177488,0.82405359,1.88337445,-1.10574043,-0.43641257,-0.08119446,-1.2575798,-1.40908003,0.40284032,1.10756445,-0.38544774,-2.48726583,b'10'
1973,9.95373249,-5.73131466,4.96191359,-7.67123795,3.14727545,4.10170937,-2.15592051,1.70892251,-4.08883238,0.73955417,0.34883404,0.26948905,0.48013741,7.72438669,-0.73500872,3.52106071,3.54848981,3.5300591,-3.61931586,-0.03745556,-2.00789785,0.44369292,-2.89066458,-2.20653415,0.98700368,-0.01504814,0.10889363,0.93137431,-1.13740444,0.58785748,-1.14046371,-0.14655757,0.23141374,-0.35956818,1.74786639,0.1147258,-0.50065351,-0.40425915,-1.14577329,1.79467297,-0.23398954,-1.25213587,0.62969643,-1.07719648,0.26593083,0.13543338,0.27160561,-1.60706353,-1.37016368,-0.79264933,0.55875009,-0.17610729,-0.59453869,1.27859247,-0.18913621,-1.08579624,-0.00235295,-0.43985522,1.75907636,0.79624438,0.55544174,-0.58019882,-0.87919164,-0.17586523,b'10'
1974,11.39271545,-4.93275642,6.04932022,-6.74514484,3.36908674,-0.54529154,-0.59160137,5.13027,-4.6636548,-2.9728756,1.51673508,-1.424124,3.29036021,0.50029808,-2.91751719,-2.68722773,0.40303683,2.99996734,-2.50432014,-0.46003723,1.28660798,0.0121811,-1.45326424,1.39459515,2.55989456,-0.66153353,0.33779591,-0.63566929,1.58717656,-3.28771591,-1.83460748,-0.95847332,1.1277281,-1.31084394,2.51346016,-2.45854545,0.10615969,1.30291224,-0.74164188,0.52276695,-1.37611985,-0.6796869,-0.30551362,-0.75558496,0.6993916,-0.58228302,0.87534869,0.27070594,1.01427627,-0.6432398,1.472211,0.5506162,0.42306876,0.90047145,0.71826911,-1.01292586,0.66078115,1.17069578,-1.0247376,-1.19608271,-0.70679778,0.44311225,0.94490695,-0.60041189,b'10'
1975,6.93854189,-5.64523411,0.86617482,2.09655619,9.92929935,0.1774708,-2.60564041,-2.86956644,-6.37738848,-0.93037164,1.272053,1.79558635,4.52866077,-1.15296137,4.2491703,-1.2648766,-2.0337975,2.29303813,-6.45958042,0.32944989,0.16408424,-1.15748525,0.96286249,-1.70705807,1.3206805,0.63373226,0.02519542,-3.87174034,-0.91478252,2.60532761,-1.74906886,1.29646611,0.53736091,0.24125081,-0.37743855,-0.18280521,-0.73204017,2.06926179,0.18986177,2.30775881,-2.45157719,2.70061493,-0.85128105,-2.65578556,-0.36424851,0.33771306,-0.43458569,-0.89332318,0.34951895,-1.64294243,0.68659073,-0.89627576,1.08894551,0.24668086,-0.47785002,-1.9169203,0.81537986,0.28043795,-0.50678438,-1.30306029,0.79784077,0.58977383,0.4740231,-0.02286019,b'10'
1976,1.83581507,-11.60541916,1.39924991,5.41038227,1.82832611,-0.83060098,-2.42141485,-4.44400406,-2.99236345,-0.76215792,1.15503323,5.55371284,3.86931872,-0.82202631,1.17688322,-4.79009151,-5.83075333,1.786093,-3.20796442,-1.41075492,4.77774239,-3.53669977,3.74121833,2.33016968,-2.05938244,-1.27124262,0.0316028,-3.82869744,-1.78128099,1.16907418,-4.13383389,0.60295558,0.17868051,1.3279115,2.94701338,0.04748967,0.04068351,2.87766504,0.62517071,1.22014678,-0.80459863,2.38286471,0.94119632,-1.67982006,-0.63571692,0.1257644,0.41375721,-0.06495309,1.11193657,-1.4220171,0.08999769,-2.30239272,1.49163914,1.30604613,-0.76193684,0.12544423,1.34538305,0.9441179,-0.66398567,-1.18623257,-0.18685803,-0.97916585,0.36939597,-0.4281331,b'10'
1977,9.97780609,-7.10297012,3.97976398,-9.16361809,-0.8245849,-1.17079282,-3.24948788,5.35692024,-2.48114634,-5.53027868,-1.10031128,0.32678699,-1.27514815,2.69010139,-1.67148066,3.32801437,2.45574403,3.74466157,-2.60821986,0.78500915,1.29728842,0.08114302,-1.70697629,-0.4216671,0.65336967,-0.50728297,-1.05124497,1.93312335,-1.57259226,-1.2959466,-3.00299931,1.10678601,0.17495503,0.07039243,1.76540089,0.58677191,-0.98698127,0.38365495,-0.38876665,1.30933177,-0.59440744,-1.27273715,1.5909431,0.19480874,-0.7589308,0.21075237,0.75271976,-0.65911269,-0.46039248,-1.22113597,-1.98995566,0.41669133,-1.40669298,0.77047062,0.07780474,0.18540382,0.52138948,0.93828511,0.65050906,-0.76169908,-1.56231153,-1.06807232,1.06173801,1.15820169,b'10'
1978,-0.02738702,-9.7260437,1.59581041,9.45108128,9.27804089,-0.36838818,-3.03006697,2.76318049,-3.91486025,-3.27366877,-1.59813738,7.61608696,0.09078705,-2.63939214,3.01472974,-0.40571737,-2.67572665,1.66806412,-3.49963617,-1.81706667,-0.03197989,-2.93611622,0.2680974,0.1734488,0.37111568,-2.75747037,-1.81265688,-0.27506882,-0.25723457,2.12477303,-1.20751536,-1.57309306,1.17696106,-3.61338663,-0.58137202,0.76516759,0.53292823,2.21553874,-0.9754163,3.73121381,1.97618866,-0.40538633,-0.69840783,-1.16123867,-1.46934211,-0.98560578,1.63056827,-1.25195885,0.13259086,-0.2432788,0.4536792,1.24859214,-0.83060002,-2.18870163,0.83774024,0.71588981,0.07249928,0.22447678,-0.91415358,-0.21650434,0.17856337,1.09873033,1.53193533,-0.70316374,b'10'
1979,11.00705719,-0.9418633,7.17324734,-7.27097368,4.07244778,-0.62111378,-4.68748379,5.59836483,0.33300734,-4.2359314,-0.3194344,2.31121159,-0.95417976,-0.20798418,0.54707026,0.58537447,2.39939809,3.24912858,-3.9376967,2.51930618,1.65181959,-2.19721818,-1.96566713,-3.64084005,2.50707006,-0.26168692,0.22628516,2.72597098,0.13236451,1.69265783,-0.88977158,-0.44171405,0.72828776,-0.28327376,1.70395505,1.69168687,-2.11976528,0.3690244,0.45519865,2.97298598,0.16155827,-1.00985408,1.52311122,-2.35049319,-0.78303027,-0.5141502,0.98901415,1.47779548,1.00316954,0.59614694,0.86566871,-1.42743945,0.03853583,-0.45454848,1.58180821,-0.61828065,0.21008873,0.45277125,-1.92850685,-0.0360055,-1.54259217,0.68342286,1.01916277,0.75088906,b'10'
1980,9.85507298,-5.98306942,2.33510089,-0.43403643,1.01775634,1.41792572,-5.42862797,2.2793138,-5.99080038,-1.57892585,2.83625102,2.28134775,4.79286957,0.21179619,-1.39295101,-1.56729054,2.63220382,2.2570343,-1.59164166,2.24216127,-0.47779578,-3.118536,-4.15101576,-2.76438832,2.38940668,-2.67338467,0.60742724,-1.19358516,-1.17811012,3.93068171,-1.44441473,-0.32020903,1.67556095,-0.40087396,-1.52803731,0.36674553,0.66749763,-0.63175792,-0.92458546,0.65428972,-0.23392838,0.05070141,0.83659905,0.49691594,0.5153625,-0.2467234,0.80697125,0.39466786,-2.32195449,-0.58905798,0.59278589,0.81721598,0.73871028,-1.08103013,1.93471932,-0.56109339,-0.58800721,-1.77996302,0.12176967,0.67964613,-0.84749198,1.34227228,-0.85556656,-0.46218815,b'10'
1981,8.80656338,-6.02034616,-2.49345374,1.94398785,7.78470612,-0.18185163,-6.92299747,-1.21616077,-1.97821283,-4.46107388,2.96430755,1.18047071,2.70963097,2.14201999,0.30322123,2.29438448,3.70908904,1.71002412,2.14655471,0.05651474,2.67012882,-1.12347579,0.56388593,-3.13857031,1.25287068,-1.82125294,-1.31102812,0.42747152,0.55116391,-0.42647254,-3.57759905,2.6033473,0.27480042,0.51105523,-0.83787441,1.60745955,0.88786197,-0.35492414,0.78645068,1.40103948,-0.12020946,1.14081919,-0.94644624,0.44871509,0.45747584,0.12630814,-1.00348628,-1.22725224,-1.19795394,0.68052697,-1.75495613,2.23012829,-1.74855399,0.33901727,0.64513689,1.05041993,0.27516794,-3.27457213,-1.30441856,0.35739529,-0.15405583,-0.42003328,-0.96396166,2.8001895,b'10'
1982,-3.19709396,-11.11433029,6.26417446,4.18056202,12.82261181,-1.35165429,0.61519456,4.60581207,-1.8587327,-3.28902698,0.5383141,5.21081781,-0.41775143,2.05796862,1.32640743,-0.84914231,-3.48096347,1.63756585,-1.86152971,0.76518011,-0.20033087,0.83153522,1.02492213,-2.28356743,1.79632294,-1.39234734,1.69030631,1.1432879,-1.713202,3.34737539,-0.95809686,0.23183584,0.39152026,-2.11473322,0.57418603,0.56822348,-0.71702123,2.56662607,-1.10722983,3.81344295,-0.49345475,0.36189017,-0.25071874,-2.41851425,-0.72073436,0.3880446,0.52715659,-2.50268817,0.42098349,-0.63416046,1.34499669,0.08272201,-0.01489592,1.40318131,0.18736529,-1.39149201,0.16859865,0.55443239,-0.30426824,-1.08189809,0.58212566,0.86364788,0.99218428,-0.98586905,b'10'
1983,2.80943251,-7.30715418,1.944628,5.7943759,11.01877785,-1.43881822,-3.86677074,-1.11462212,-3.83899546,-1.03670239,-0.95785403,3.64219642,1.76664042,-0.72326684,2.10374546,-3.81686735,0.57474375,0.88277483,-4.51010132,1.73276758,-1.35685229,-3.2930212,-0.07136169,-2.18390417,-0.34065178,0.03732423,0.17543691,-1.23777139,-2.18606329,2.32071972,-2.1262145,-2.38124156,-0.04494811,-2.77592278,-1.58165765,0.22176109,-0.8460865,1.2361654,-1.1402024,3.9972899,-1.29320824,-0.56670427,0.94870406,-2.59032488,-0.75427306,1.67258191,-0.07951666,-0.58057761,-0.19806196,-1.2419157,0.40715599,0.2680099,1.75084674,-0.60440433,0.053487,-1.07602942,0.17247391,-0.58973628,0.37969178,1.05730569,1.01670396,1.27519703,1.01059353,-0.26450557,b'10'
1984,2.76989365,-9.08586502,1.44656992,9.70760155,4.27812624,1.57365596,-4.41513252,-2.38338089,-1.38519716,1.87633419,-2.84187412,6.70369434,0.3733238,-3.21811199,2.88551426,-0.92933226,-0.42343676,2.39694238,-3.32750106,-1.54194474,0.69035804,-4.20740223,4.29704475,1.29573059,-3.31573486,-1.98912883,-2.22438717,-2.61465931,-3.15124846,1.42300594,-2.38073874,0.18078279,-0.24340723,-1.49901867,3.233459,-0.81382394,-3.1928103,1.76112056,0.10678589,2.41457677,0.38927758,0.45182878,0.74775219,-2.31817055,-1.64012277,-0.3303684,0.72261387,-2.74136662,0.43524587,-2.08052349,-0.28437269,-0.46557224,0.96247303,0.59490716,-0.50724941,0.33721411,-0.46438289,0.32800591,0.13050187,-0.00037575,1.98141885,0.53420389,0.9604485,-1.21099901,b'10'
1985,9.78338718,-10.53212929,5.16083479,-2.69884562,2.25121498,0.28853524,0.41919494,0.366189,-4.50542116,-1.62618923,1.92430651,0.40268612,5.60874844,4.9427247,-0.62555552,-2.13495016,-0.51946926,3.36838126,-2.73171735,1.15741587,-2.24200702,-2.01323318,-2.69374657,0.8143065,0.69436836,0.09676297,-0.52387547,-1.71006632,0.2499609,-1.55419266,-1.61197579,0.48631215,2.39791441,-3.12589264,2.13681889,-2.44744205,1.79642081,-0.91494447,-3.33570576,1.73510098,-1.63692474,-0.37180418,-0.96397102,0.10436395,0.7681073,-0.8259061,1.24942505,-1.0618639,-1.56421423,-1.70694828,0.45071661,-0.6584239,-0.14305449,-0.03781116,0.74353445,-1.77343321,0.79512119,0.14128438,-0.25915843,-0.59803492,1.51880407,1.18498468,0.49539053,-0.63770282,b'10'
1986,5.9914546,-8.31537437,-0.14036995,3.790591,6.66098833,-2.2914741,-6.0628767,-2.14021039,-8.06773186,-2.13548708,0.86498189,1.24447584,1.7349565,1.1315496,2.75079393,-0.95785666,-1.16243815,1.5503521,-1.70202446,0.88546252,0.74283922,-2.19081068,0.02968429,-0.56813741,1.04023755,0.72555953,0.63184178,-2.131917,0.30804563,0.28926063,-2.09340572,-1.83530676,1.44510818,-2.56988406,-0.6345377,-1.34607184,0.02015543,1.78807235,-1.0263499,2.86563373,-0.03738856,0.96895605,0.02148435,-1.22283101,0.57178187,-0.06684917,-0.29121649,-0.31702256,0.21689186,-1.36481321,1.33883429,-1.24718404,-0.68445396,-1.07234788,0.93325043,-1.35191262,-0.01770592,0.54331565,-0.69244611,-0.6381948,1.35312068,1.54366112,0.96536028,0.90637535,b'10'
1987,3.27143812,-9.5585022,0.64447111,5.75561094,7.47812939,-2.27693868,-5.37129879,-2.21211553,-4.14864779,0.6722666,-0.00196242,5.99306917,3.77593088,-1.27534306,2.62633157,-3.79447174,-3.16058779,0.92096829,-4.0446701,0.31615567,0.58473027,-3.93501902,2.85868812,-0.35319161,-2.00517702,-0.05827551,0.48653412,-2.53145409,-2.07790136,0.67180955,-1.73268902,-0.22607589,-0.35254467,-0.86760753,0.10159242,1.61915219,-1.62889576,0.08530223,0.79382455,3.95049977,-0.30313402,0.83556968,1.39404726,-2.31038213,-1.37584627,0.92481208,0.46797949,-2.28794837,0.68452251,-1.48005438,0.06927161,-1.48485684,0.10264754,-0.29095244,-0.55350047,-0.66214973,0.35980487,1.00602627,0.37511921,0.08695209,0.14463852,-0.10465318,0.68932962,-0.38697317,b'10'
1988,0.41024697,-11.41740704,2.4586215,8.539855,5.2991786,0.18958819,-3.45826387,-1.39488053,-2.15335321,0.05849612,-1.22367311,5.70266151,0.80021608,-1.61088431,0.38036656,-4.3378191,-4.2249527,0.53793538,-3.36504769,-0.99483073,1.97260475,-5.16298723,2.48452497,0.88168406,-2.667521,-3.32040071,-2.16794729,-2.75000429,-2.55195284,2.63154602,-1.18915355,-0.99893928,-0.16124396,-1.81209016,1.85843968,1.16808951,-1.4505471,1.5916748,1.03486538,3.05889535,0.69076753,1.10448742,2.3141818,-1.41639733,-1.62412775,-1.21261191,0.74086767,-2.16043687,1.11278725,-2.15611601,-0.32843029,-0.42301631,0.37157702,-0.32884383,-1.26568747,0.61575735,1.28660238,0.33462477,0.72178406,-0.26993746,1.10694849,0.42850167,1.7093004,-0.22052455,b'10'
1989,11.16542816,-7.14657784,2.71581507,-3.32504773,3.85704756,0.16026056,-5.80094719,0.82104206,-8.3630085,-1.40145445,2.2114501,2.76084614,2.55259466,3.42732906,1.03233695,2.31068563,0.55832434,0.9768455,-1.49879885,-0.39588141,-0.64687139,0.05791116,-1.14146519,-1.78056216,1.94037116,1.11033821,-0.4529849,0.72471845,0.90508127,-0.56697297,-2.49053621,-0.62827706,0.48277211,-1.38693929,0.70558953,-1.98917258,0.24945664,0.87352026,-0.40424573,3.91109204,0.98094058,1.11155808,-1.376737,-0.09248288,1.27473772,0.10974178,-1.23506081,-0.79469371,-0.27924573,0.45802009,0.28120995,0.12969556,-0.22967696,-0.62643719,0.51431048,-0.6122129,-0.19048786,0.87110353,0.48102909,-0.58996594,0.64730549,0.51072258,-0.28631902,-1.84030282,b'10'
1990,3.21836424,-8.76950932,2.89964104,6.31168556,7.95891666,-0.64112282,-4.57885265,-3.86942601,-4.35377264,2.09800482,0.41941977,5.57911396,3.9052949,0.72261554,0.75727224,-4.93602085,-1.47602999,-0.4821499,-2.59745836,0.18599296,0.02988289,-3.6030674,0.69949877,-0.64206028,0.8169055,-2.28933907,0.49716949,-1.70518947,-1.23937654,-0.32594818,-1.3817445,0.13689995,0.40556479,-1.88187051,-1.6643362,0.85985583,-0.31208587,0.8189339,-0.00892007,3.78836703,0.65237164,0.28468871,1.15308404,-2.7970202,-0.55735242,-0.20557985,-0.70472294,-0.35698676,1.09000826,-1.01192975,-0.70056343,-1.02511036,1.0618248,0.3694309,1.43722486,-0.91345984,0.08556843,-1.52762008,1.21735525,0.45043194,0.55696821,-0.7381922,0.98105371,-0.67388505,b'10'
1991,6.26525164,-2.36110735,3.71170497,-8.51522923,0.70378017,2.96344995,-7.84176254,5.46587372,3.79067683,-6.29178286,-0.50058651,1.0280149,-1.00305533,2.04378319,0.03287458,2.06032491,4.40463257,2.55350471,-4.99232292,3.59150362,-0.39908892,-3.1572094,-0.18138343,-2.40513992,0.97057343,0.79396659,1.80131423,1.2608695,-1.54777193,2.41851616,-0.28524745,2.33864403,0.91192389,-0.63525063,0.84965485,2.50891209,-4.15229893,-0.01834697,1.53882217,1.10964262,0.61192107,-0.4480381,1.16380966,-1.4915067,-2.17874813,-0.55756712,0.4073385,0.47642779,0.43857068,0.11865515,0.73024678,-0.77094984,1.83942366,-1.54272079,0.20025623,0.35046709,-0.29470754,0.65817666,-2.09490681,0.19937742,-0.51327544,-0.23511247,0.91718447,-0.68380624,b'10'
1992,2.99455118,-7.54289436,1.74774575,3.14678931,7.25720024,-3.09929013,-4.55198193,-2.24489617,-3.71280527,7.10885572,2.32350349,2.1172328,4.80421019,5.88947344,3.11251831,-5.25407934,-1.79593825,-0.537296,-2.7150085,-0.87281072,-2.15889311,-3.02051401,-0.52363276,-1.10651088,2.14703846,1.74046075,1.95175993,-0.40120602,-1.09272528,0.41306424,-1.82102811,-0.76906943,-0.6526078,-1.09859252,-1.9814043,0.61281729,0.79677415,-1.14443207,-1.46931589,1.70338845,0.9221406,1.30364656,-0.58907527,-0.51704365,-0.64558542,0.93354774,0.07937068,-1.33867002,1.97146988,-1.2661382,0.79854167,-0.5336889,1.86082149,-0.40104902,-0.07032305,0.05799186,-0.13454318,-0.60139877,0.42534751,1.27049911,-0.3755025,-0.91118765,-0.40180051,-0.83992273,b'10'
1993,-4.56004572,-9.79667854,4.49141788,2.44311047,8.87274075,0.09355175,-0.78561974,1.68924797,-4.62762403,-6.3304534,-1.31282663,-0.66722417,-3.63910198,5.22870398,-1.65953541,1.48169422,1.01105714,2.61220026,-5.49926186,-4.50825691,2.41346669,-0.96959382,1.28417695,0.3648932,2.02921295,0.17032848,0.19687688,-0.16612613,-1.086936,-0.74296308,-0.83245456,1.41496754,1.13182676,-1.18985915,1.21469426,-2.05415559,-1.63555956,0.25989795,0.10054207,0.68558848,-1.2846055,-0.73328382,-1.17661607,-0.93318105,0.2401588,1.30882549,0.52689779,-2.43842912,-0.29898375,-0.03782439,0.15500315,-1.11060953,0.11021399,0.50579554,-0.96946961,-0.18809026,0.48263741,-0.08026947,0.96212858,-0.29121631,0.24617086,1.09042668,1.53227174,1.16690052,b'10'
1994,-1.28683209,-9.87613106,5.58243132,8.71034336,6.60731411,1.2691313,-1.51192284,0.01728904,-0.8656888,-1.31574738,-0.27764559,9.21312523,3.89872313,-1.56041884,1.40658808,-3.95461369,-2.91766357,2.1940124,-5.6119833,-2.92915273,1.52779472,-2.61453485,2.00834012,0.1467247,-1.28156567,-5.15227175,-0.9159354,-2.10939789,-0.82390547,4.44838715,-2.44169617,0.88921094,1.54943264,-1.50540257,0.89694142,1.18010795,-0.239676,1.89847708,0.54017913,3.52073979,0.41255951,1.88953447,0.3859275,-1.72628748,-1.28077638,-0.99119419,0.54290181,-0.87788272,1.82745051,-0.28504941,0.15527549,-0.2956664,0.97024989,0.510288,-0.8658213,0.48426318,1.50457132,-0.70098966,-0.49167728,-0.69646907,-0.12947768,0.89258713,1.58813846,-0.81548506,b'10'
1995,-2.41524792,-6.61980629,5.05353785,6.66230011,12.13667297,-1.44784164,-2.32187271,4.04216862,-2.98180628,-0.10678527,0.02133965,1.24912238,-2.65800619,2.5781796,0.41813564,-2.63228893,0.00028908,0.90037572,-3.22290134,-1.5448209,-2.6224184,-1.37017679,-0.13465855,0.08077836,3.61350298,-0.96991217,2.91444969,1.21133304,-2.54653883,1.71368349,-0.56633627,-1.81025529,-0.06941637,-3.99154711,0.53669405,-0.528597,-1.18754721,1.21767807,-1.92698109,1.91144156,-1.01806664,-0.12504967,-0.43688589,-1.90169179,0.15814376,0.99983811,1.03113806,0.89885831,-0.41890606,-0.25876561,-0.05727406,-0.74716163,1.40577459,0.75476533,-1.43835545,-0.7142846,0.01705098,0.460572,-0.95176315,0.24190116,-0.39905143,-0.3048566,-0.06841105,-1.04905212,b'10'
1996,5.89268351,-8.18587494,1.81930494,6.87126303,1.0213325,-0.86937547,-6.75973797,-3.89199328,-4.78135157,3.35565615,0.02136922,4.33147621,4.49066067,0.09125943,1.3136971,-1.76589346,0.08865798,0.95824957,-0.41319886,-2.97842765,0.7679283,-5.34973764,3.88349915,2.42931175,-3.78013325,-2.69649506,-0.72855157,-1.79733515,-2.62240934,-1.00271952,-1.01607692,0.70518756,-0.26890373,0.63305289,1.5446589,-0.89622056,-1.67992282,-0.81300074,-0.7963475,0.74872553,0.64206064,1.14109719,-0.91696692,-1.11629033,-0.56549048,-1.40649951,-1.68407476,-1.25464606,1.77369952,0.75474608,-1.82498693,-0.29015595,0.384269,-0.22272336,-0.67225426,1.27301645,0.22757292,0.44408613,1.43947291,-0.40570605,0.37818658,-0.12805593,0.92563748,1.7980535,b'10'
1997,1.88161314,-9.65088081,0.31778041,0.6558882,7.88264847,1.74049687,0.02694273,-4.41281319,-3.40317869,-0.6146102,-3.61290407,-2.54189467,-2.21613383,6.47141743,0.84208632,-1.65072918,1.21307015,2.34232807,-2.76456332,1.41576242,-1.07636023,-2.95648575,-1.9970814,-1.90036511,0.27159321,1.56854248,-0.02671146,-1.98293805,-2.18598747,-0.35729605,-1.82482255,0.76499128,0.04239963,-1.30356526,0.3205446,-0.04416737,-1.62261844,1.90388548,-0.44198835,-0.32862195,-2.89607239,-1.10999227,1.02319121,-1.54512572,-3.40954304,2.71826744,0.75802284,-3.58527255,0.55090547,-0.76844049,0.40649474,-2.51256275,1.64489853,0.8432942,-0.12159044,-1.62268686,0.30996418,0.47377259,0.91668326,0.97171891,0.6894722,-0.43963659,0.2870127,-0.42079285,b'10'
1998,-1.53088582,-10.18377495,-1.05586362,4.95607853,11.72995377,1.48078406,-2.80654287,0.60251486,-5.41198111,-2.16554332,-1.8169241,-1.73518682,-2.67014575,2.36184597,-0.91651678,-1.0432477,-0.12699533,0.97724938,2.45189428,0.24170804,0.88612235,-0.45230061,-0.32882819,-1.29278231,3.26811552,-0.71446496,1.72240365,-0.15173882,-0.53350163,1.32157314,-0.09270537,2.81975794,0.09049688,-0.00643176,0.24807417,-1.57864439,-2.70328665,-0.69275993,0.26129305,-0.07212028,-1.11082757,0.20025694,-0.55552864,-0.3734175,0.06848729,-0.65041727,0.12637749,-1.30352473,-0.74419487,-0.56429213,-0.23151828,-1.92648816,1.25034511,0.21997237,-0.22093552,-0.46633446,0.12835836,-0.88849413,-0.01444209,-0.7808969,1.00028646,1.40521359,0.43551397,-0.22542638,b'10'
1999,11.25163364,-5.95969105,5.3672452,-0.84194517,3.71164894,-0.07346249,-1.14563513,1.65825915,-5.05081606,0.69673502,3.0393157,0.09688282,8.30646133,-1.41865528,-0.15848255,-3.8921175,0.0985142,1.55835819,-2.83189559,-0.61947179,-0.41233701,-3.43100977,0.12053594,1.97405052,1.83190691,-2.46773434,0.52619374,-2.43231297,-0.86451483,-0.37365127,0.51349056,0.70331287,2.47284079,-1.26786518,-0.18268585,-1.76336586,1.24486136,1.42289162,-0.31338394,1.16100895,0.51607549,-0.24187888,0.34940016,-2.0130353,0.83631086,-0.4780193,-0.50370347,1.34969425,1.75477505,-1.6329664,-0.71762949,0.79441214,0.62531579,-0.2067914,0.20761198,-1.14204228,1.8956275,0.00647411,-1.05016267,-1.20690036,0.99743658,0.0079115,0.76397073,0.04036858,b'10'
